"Date_reported","Country_code","Country","WHO_region","New_cases","Cumulative_cases","New_deaths","Cumulative_deaths"
2021-12-06,"AF","Afghanistan","Eastern Mediterranean",23,157454,0,7312
2021-12-07,"AF","Afghanistan","Eastern Mediterranean",45,157499,4,7316
2021-12-08,"AF","Afghanistan","Eastern Mediterranean",9,157508,1,7317
2021-12-09,"AF","Afghanistan","Eastern Mediterranean",34,157542,2,7319
2021-12-10,"AF","Afghanistan","Eastern Mediterranean",43,157585,2,7321
2021-12-11,"AF","Afghanistan","Eastern Mediterranean",18,157603,3,7324
2021-12-12,"AF","Afghanistan","Eastern Mediterranean",8,157611,1,7325
2021-12-13,"AF","Afghanistan","Eastern Mediterranean",22,157633,3,7328
2021-12-14,"AF","Afghanistan","Eastern Mediterranean",15,157648,0,7328
2021-12-15,"AF","Afghanistan","Eastern Mediterranean",12,157660,1,7329
2021-12-16,"AF","Afghanistan","Eastern Mediterranean",5,157665,2,7331
2021-12-17,"AF","Afghanistan","Eastern Mediterranean",60,157725,1,7332
2021-12-18,"AF","Afghanistan","Eastern Mediterranean",9,157734,0,7332
2021-12-19,"AF","Afghanistan","Eastern Mediterranean",11,157745,1,7333
2021-12-20,"AF","Afghanistan","Eastern Mediterranean",42,157787,2,7335
2021-12-21,"AF","Afghanistan","Eastern Mediterranean",10,157797,0,7335
2021-12-22,"AF","Afghanistan","Eastern Mediterranean",19,157816,0,7335
2021-12-23,"AF","Afghanistan","Eastern Mediterranean",25,157841,6,7341
2021-12-24,"AF","Afghanistan","Eastern Mediterranean",37,157878,5,7346
2021-12-25,"AF","Afghanistan","Eastern Mediterranean",9,157887,2,7348
2021-12-26,"AF","Afghanistan","Eastern Mediterranean",15,157902,4,7352
2021-12-27,"AF","Afghanistan","Eastern Mediterranean",49,157951,2,7354
2021-12-28,"AF","Afghanistan","Eastern Mediterranean",16,157967,0,7354
2021-12-29,"AF","Afghanistan","Eastern Mediterranean",31,157998,1,7355
2021-12-30,"AF","Afghanistan","Eastern Mediterranean",41,158039,1,7356
2021-12-31,"AF","Afghanistan","Eastern Mediterranean",20,158059,0,7356
2022-01-01,"AF","Afghanistan","Eastern Mediterranean",0,158059,0,7356
2022-01-02,"AF","Afghanistan","Eastern Mediterranean",53,158112,0,7356
2022-01-03,"AF","Afghanistan","Eastern Mediterranean",44,158156,5,7361
2022-01-04,"AF","Afghanistan","Eastern Mediterranean",15,158171,3,7364
2022-01-05,"AF","Afghanistan","Eastern Mediterranean",36,158207,2,7366
2022-01-06,"AF","Afghanistan","Eastern Mediterranean",38,158245,1,7367
2022-01-07,"AF","Afghanistan","Eastern Mediterranean",34,158279,1,7368
2022-01-08,"AF","Afghanistan","Eastern Mediterranean",26,158305,0,7368
2022-01-09,"AF","Afghanistan","Eastern Mediterranean",40,158345,1,7369
2022-01-10,"AF","Afghanistan","Eastern Mediterranean",36,158381,4,7373
2022-01-11,"AF","Afghanistan","Eastern Mediterranean",13,158394,0,7373
2022-01-12,"AF","Afghanistan","Eastern Mediterranean",58,158452,1,7374
2022-01-13,"AF","Afghanistan","Eastern Mediterranean",59,158511,2,7376
2022-01-14,"AF","Afghanistan","Eastern Mediterranean",91,158602,0,7376
2022-01-15,"AF","Afghanistan","Eastern Mediterranean",37,158639,0,7376
2022-01-16,"AF","Afghanistan","Eastern Mediterranean",39,158678,2,7378
2022-01-17,"AF","Afghanistan","Eastern Mediterranean",59,158737,1,7379
2022-01-18,"AF","Afghanistan","Eastern Mediterranean",89,158826,2,7381
2022-01-19,"AF","Afghanistan","Eastern Mediterranean",148,158974,2,7383
2022-01-20,"AF","Afghanistan","Eastern Mediterranean",96,159070,3,7386
2022-01-21,"AF","Afghanistan","Eastern Mediterranean",233,159303,0,7386
2022-01-22,"AF","Afghanistan","Eastern Mediterranean",13,159316,0,7386
2022-01-23,"AF","Afghanistan","Eastern Mediterranean",232,159548,4,7390
2022-01-24,"AF","Afghanistan","Eastern Mediterranean",134,159682,3,7393
2022-01-25,"AF","Afghanistan","Eastern Mediterranean",214,159896,0,7393
2022-01-26,"AF","Afghanistan","Eastern Mediterranean",356,160252,4,7397
2022-01-27,"AF","Afghanistan","Eastern Mediterranean",456,160708,4,7401
2022-01-28,"AF","Afghanistan","Eastern Mediterranean",301,161009,2,7403
2022-01-29,"AF","Afghanistan","Eastern Mediterranean",49,161058,0,7403
2022-01-30,"AF","Afghanistan","Eastern Mediterranean",608,161666,4,7407
2022-01-31,"AF","Afghanistan","Eastern Mediterranean",474,162140,2,7409
2022-02-01,"AF","Afghanistan","Eastern Mediterranean",610,162750,5,7414
2022-02-02,"AF","Afghanistan","Eastern Mediterranean",970,163720,3,7417
2022-02-03,"AF","Afghanistan","Eastern Mediterranean",470,164190,1,7418
2022-02-04,"AF","Afghanistan","Eastern Mediterranean",537,164727,2,7420
2022-02-05,"AF","Afghanistan","Eastern Mediterranean",631,165358,0,7420
2022-02-06,"AF","Afghanistan","Eastern Mediterranean",354,165712,5,7425
2022-02-07,"AF","Afghanistan","Eastern Mediterranean",479,166191,7,7432
2022-02-08,"AF","Afghanistan","Eastern Mediterranean",733,166924,10,7442
2022-02-09,"AF","Afghanistan","Eastern Mediterranean",815,167739,12,7454
2022-02-10,"AF","Afghanistan","Eastern Mediterranean",811,168550,11,7465
2022-02-11,"AF","Afghanistan","Eastern Mediterranean",898,169448,12,7477
2022-02-12,"AF","Afghanistan","Eastern Mediterranean",490,169938,5,7482
2022-02-13,"AF","Afghanistan","Eastern Mediterranean",214,170152,6,7488
2022-02-14,"AF","Afghanistan","Eastern Mediterranean",452,170604,6,7494
2022-02-15,"AF","Afghanistan","Eastern Mediterranean",472,171076,7,7501
2022-02-16,"AF","Afghanistan","Eastern Mediterranean",346,171422,3,7504
2022-02-17,"AF","Afghanistan","Eastern Mediterranean",97,171519,9,7513
2022-02-18,"AF","Afghanistan","Eastern Mediterranean",154,171673,11,7524
2022-02-19,"AF","Afghanistan","Eastern Mediterranean",197,171870,5,7529
2022-02-20,"AF","Afghanistan","Eastern Mediterranean",60,171930,5,7534
2022-02-21,"AF","Afghanistan","Eastern Mediterranean",276,172206,7,7541
2022-02-22,"AF","Afghanistan","Eastern Mediterranean",235,172441,8,7549
2022-02-23,"AF","Afghanistan","Eastern Mediterranean",460,172901,25,7574
2022-02-24,"AF","Afghanistan","Eastern Mediterranean",23,172924,1,7575
2022-02-25,"AF","Afghanistan","Eastern Mediterranean",123,173047,3,7578
2022-02-26,"AF","Afghanistan","Eastern Mediterranean",69,173116,3,7581
2022-02-27,"AF","Afghanistan","Eastern Mediterranean",64,173180,7,7588
2022-02-28,"AF","Afghanistan","Eastern Mediterranean",215,173395,5,7593
2022-03-01,"AF","Afghanistan","Eastern Mediterranean",264,173659,5,7598
2022-03-02,"AF","Afghanistan","Eastern Mediterranean",220,173879,11,7609
2022-03-03,"AF","Afghanistan","Eastern Mediterranean",194,174073,8,7617
2022-03-04,"AF","Afghanistan","Eastern Mediterranean",141,174214,2,7619
2022-03-05,"AF","Afghanistan","Eastern Mediterranean",55,174269,1,7620
2022-03-06,"AF","Afghanistan","Eastern Mediterranean",78,174347,2,7622
2021-12-06,"AL","Albania","Europe",328,201730,1,3110
2021-12-07,"AL","Albania","Europe",172,201902,5,3115
2021-12-08,"AL","Albania","Europe",393,202295,7,3122
2021-12-09,"AL","Albania","Europe",346,202641,4,3126
2021-12-10,"AL","Albania","Europe",222,202863,2,3128
2021-12-11,"AL","Albania","Europe",352,203215,2,3130
2021-12-12,"AL","Albania","Europe",309,203524,2,3132
2021-12-13,"AL","Albania","Europe",263,203787,2,3134
2021-12-14,"AL","Albania","Europe",138,203925,6,3140
2021-12-15,"AL","Albania","Europe",376,204301,4,3144
2021-12-16,"AL","Albania","Europe",326,204627,8,3152
2021-12-17,"AL","Albania","Europe",301,204928,4,3156
2021-12-18,"AL","Albania","Europe",296,205224,2,3158
2021-12-19,"AL","Albania","Europe",325,205549,3,3161
2021-12-20,"AL","Albania","Europe",228,205777,5,3166
2021-12-21,"AL","Albania","Europe",120,205897,6,3172
2021-12-22,"AL","Albania","Europe",376,206273,6,3178
2021-12-23,"AL","Albania","Europe",343,206616,2,3180
2021-12-24,"AL","Albania","Europe",319,206935,1,3181
2021-12-25,"AL","Albania","Europe",286,207221,6,3187
2021-12-26,"AL","Albania","Europe",321,207542,2,3189
2021-12-27,"AL","Albania","Europe",167,207709,5,3194
2021-12-28,"AL","Albania","Europe",168,207877,7,3201
2021-12-29,"AL","Albania","Europe",475,208352,6,3207
2021-12-30,"AL","Albania","Europe",547,208899,5,3212
2021-12-31,"AL","Albania","Europe",617,209516,3,3215
2022-01-01,"AL","Albania","Europe",708,210224,2,3217
2022-01-02,"AL","Albania","Europe",482,210706,1,3218
2022-01-03,"AL","Albania","Europe",179,210885,2,3220
2022-01-04,"AL","Albania","Europe",335,211220,2,3222
2022-01-05,"AL","Albania","Europe",801,212021,2,3224
2022-01-06,"AL","Albania","Europe",1236,213257,4,3228
2022-01-07,"AL","Albania","Europe",1648,214905,5,3233
2022-01-08,"AL","Albania","Europe",1781,216686,0,3233
2022-01-09,"AL","Albania","Europe",1801,218487,4,3237
2022-01-10,"AL","Albania","Europe",1207,219694,3,3240
2022-01-11,"AL","Albania","Europe",793,220487,1,3241
2022-01-12,"AL","Albania","Europe",2177,222664,6,3247
2022-01-13,"AL","Albania","Europe",1905,224569,6,3253
2022-01-14,"AL","Albania","Europe",2029,226598,2,3255
2022-01-15,"AL","Albania","Europe",2179,228777,7,3262
2022-01-16,"AL","Albania","Europe",2163,230940,3,3265
2022-01-17,"AL","Albania","Europe",1697,232637,4,3269
2022-01-18,"AL","Albania","Europe",1017,233654,2,3271
2022-01-19,"AL","Albania","Europe",2832,236486,6,3277
2022-01-20,"AL","Albania","Europe",2643,239129,6,3283
2022-01-21,"AL","Albania","Europe",2383,241512,3,3286
2022-01-22,"AL","Albania","Europe",2670,244182,6,3292
2022-01-23,"AL","Albania","Europe",2230,246412,5,3297
2022-01-24,"AL","Albania","Europe",1658,248070,8,3305
2022-01-25,"AL","Albania","Europe",789,248859,7,3312
2022-01-26,"AL","Albania","Europe",2156,251015,5,3317
2022-01-27,"AL","Albania","Europe",1562,252577,6,3323
2022-01-28,"AL","Albania","Europe",1549,254126,6,3329
2022-01-29,"AL","Albania","Europe",1615,255741,5,3334
2022-01-30,"AL","Albania","Europe",1341,257082,3,3337
2022-01-31,"AL","Albania","Europe",939,258021,5,3342
2022-02-01,"AL","Albania","Europe",522,258543,4,3346
2022-02-02,"AL","Albania","Europe",1533,260076,7,3353
2022-02-03,"AL","Albania","Europe",1164,261240,9,3362
2022-02-04,"AL","Albania","Europe",1001,262241,7,3369
2022-02-05,"AL","Albania","Europe",931,263172,2,3371
2022-02-06,"AL","Albania","Europe",793,263965,5,3376
2022-02-07,"AL","Albania","Europe",659,264624,4,3380
2022-02-08,"AL","Albania","Europe",251,264875,7,3387
2022-02-09,"AL","Albania","Europe",841,265716,6,3393
2022-02-10,"AL","Albania","Europe",700,266416,6,3399
2022-02-11,"AL","Albania","Europe",604,267020,3,3402
2022-02-12,"AL","Albania","Europe",531,267551,5,3407
2022-02-13,"AL","Albania","Europe",457,268008,3,3410
2022-02-14,"AL","Albania","Europe",296,268304,4,3414
2022-02-15,"AL","Albania","Europe",187,268491,6,3420
2022-02-16,"AL","Albania","Europe",449,268940,3,3423
2022-02-17,"AL","Albania","Europe",361,269301,7,3430
2022-02-18,"AL","Albania","Europe",300,269601,2,3432
2022-02-19,"AL","Albania","Europe",303,269904,1,3433
2022-02-20,"AL","Albania","Europe",260,270164,5,3438
2022-02-21,"AL","Albania","Europe",206,270370,7,3445
2022-02-22,"AL","Albania","Europe",85,270455,6,3451
2022-02-23,"AL","Albania","Europe",279,270734,2,3453
2022-02-24,"AL","Albania","Europe",213,270947,4,3457
2022-02-25,"AL","Albania","Europe",194,271141,1,3458
2022-02-26,"AL","Albania","Europe",173,271314,2,3460
2022-02-27,"AL","Albania","Europe",111,271425,2,3462
2022-02-28,"AL","Albania","Europe",102,271527,2,3464
2022-03-01,"AL","Albania","Europe",36,271563,5,3469
2022-03-02,"AL","Albania","Europe",139,271702,3,3472
2022-03-03,"AL","Albania","Europe",123,271825,2,3474
2022-03-04,"AL","Albania","Europe",95,271920,2,3476
2022-03-05,"AL","Albania","Europe",110,272030,2,3478
2022-03-06,"AL","Albania","Europe",102,272132,1,3479
2021-12-06,"DZ","Algeria","Africa",172,211469,7,6103
2021-12-07,"DZ","Algeria","Africa",193,211662,8,6111
2021-12-08,"DZ","Algeria","Africa",197,211859,3,6114
2021-12-09,"DZ","Algeria","Africa",188,212047,8,6122
2021-12-10,"DZ","Algeria","Africa",177,212224,4,6126
2021-12-11,"DZ","Algeria","Africa",210,212434,6,6132
2021-12-12,"DZ","Algeria","Africa",218,212652,5,6137
2021-12-13,"DZ","Algeria","Africa",196,212848,8,6145
2021-12-14,"DZ","Algeria","Africa",210,213058,6,6151
2021-12-15,"DZ","Algeria","Africa",230,213288,4,6155
2021-12-16,"DZ","Algeria","Africa",245,213533,10,6165
2021-12-17,"DZ","Algeria","Africa",212,213745,6,6171
2021-12-18,"DZ","Algeria","Africa",299,214044,4,6175
2021-12-19,"DZ","Algeria","Africa",286,214330,5,6180
2021-12-20,"DZ","Algeria","Africa",262,214592,4,6184
2021-12-21,"DZ","Algeria","Africa",243,214835,6,6190
2021-12-22,"DZ","Algeria","Africa",310,215145,8,6198
2021-12-23,"DZ","Algeria","Africa",285,215430,7,6205
2021-12-24,"DZ","Algeria","Africa",293,215723,8,6213
2021-12-25,"DZ","Algeria","Africa",375,216098,9,6222
2021-12-26,"DZ","Algeria","Africa",278,216376,7,6229
2021-12-27,"DZ","Algeria","Africa",261,216637,9,6238
2021-12-28,"DZ","Algeria","Africa",293,216930,8,6246
2021-12-29,"DZ","Algeria","Africa",335,217265,8,6254
2021-12-30,"DZ","Algeria","Africa",382,217647,9,6263
2021-12-31,"DZ","Algeria","Africa",390,218037,8,6271
2022-01-01,"DZ","Algeria","Africa",0,218037,0,6271
2022-01-02,"DZ","Algeria","Africa",781,218818,13,6284
2022-01-03,"DZ","Algeria","Africa",341,219159,7,6291
2022-01-04,"DZ","Algeria","Africa",373,219532,7,6298
2022-01-05,"DZ","Algeria","Africa",421,219953,5,6303
2022-01-06,"DZ","Algeria","Africa",462,220415,7,6310
2022-01-07,"DZ","Algeria","Africa",410,220825,8,6318
2022-01-08,"DZ","Algeria","Africa",491,221316,7,6325
2022-01-09,"DZ","Algeria","Africa",426,221742,5,6330
2022-01-10,"DZ","Algeria","Africa",415,222157,9,6339
2022-01-11,"DZ","Algeria","Africa",482,222639,10,6349
2022-01-12,"DZ","Algeria","Africa",557,223196,14,6363
2022-01-13,"DZ","Algeria","Africa",610,223806,9,6372
2022-01-14,"DZ","Algeria","Africa",577,224383,11,6383
2022-01-15,"DZ","Algeria","Africa",596,224979,10,6393
2022-01-16,"DZ","Algeria","Africa",505,225484,11,6404
2022-01-17,"DZ","Algeria","Africa",573,226057,8,6412
2022-01-18,"DZ","Algeria","Africa",692,226749,11,6423
2022-01-19,"DZ","Algeria","Africa",810,227559,12,6435
2022-01-20,"DZ","Algeria","Africa",1359,228918,8,6443
2022-01-21,"DZ","Algeria","Africa",1552,230470,10,6453
2022-01-22,"DZ","Algeria","Africa",1855,232325,15,6468
2022-01-23,"DZ","Algeria","Africa",2211,234536,13,6481
2022-01-24,"DZ","Algeria","Africa",2134,236670,14,6495
2022-01-25,"DZ","Algeria","Africa",2215,238885,13,6508
2022-01-26,"DZ","Algeria","Africa",2521,241406,8,6516
2022-01-27,"DZ","Algeria","Africa",2162,243568,10,6526
2022-01-28,"DZ","Algeria","Africa",2130,245698,13,6539
2022-01-29,"DZ","Algeria","Africa",1870,247568,6,6545
2022-01-30,"DZ","Algeria","Africa",1742,249310,10,6555
2022-01-31,"DZ","Algeria","Africa",1464,250774,11,6566
2022-02-01,"DZ","Algeria","Africa",1343,252117,13,6579
2022-02-02,"DZ","Algeria","Africa",1403,253520,14,6593
2022-02-03,"DZ","Algeria","Africa",1365,254885,11,6604
2022-02-04,"DZ","Algeria","Africa",951,255836,14,6618
2022-02-05,"DZ","Algeria","Africa",970,256806,13,6631
2022-02-06,"DZ","Algeria","Africa",792,257598,9,6640
2022-02-07,"DZ","Algeria","Africa",378,257976,6,6646
2022-02-08,"DZ","Algeria","Africa",502,258478,8,6654
2022-02-09,"DZ","Algeria","Africa",610,259088,13,6667
2022-02-10,"DZ","Algeria","Africa",585,259673,11,6678
2022-02-11,"DZ","Algeria","Africa",518,260191,12,6690
2022-02-12,"DZ","Algeria","Africa",532,260723,13,6703
2022-02-13,"DZ","Algeria","Africa",503,261226,12,6715
2022-02-14,"DZ","Algeria","Africa",526,261752,14,6729
2022-02-15,"DZ","Algeria","Africa",413,262165,15,6744
2022-02-16,"DZ","Algeria","Africa",405,262570,9,6753
2022-02-17,"DZ","Algeria","Africa",424,262994,9,6762
2022-02-18,"DZ","Algeria","Africa",375,263369,10,6772
2022-02-19,"DZ","Algeria","Africa",316,263685,8,6780
2022-02-20,"DZ","Algeria","Africa",251,263936,7,6787
2022-02-21,"DZ","Algeria","Africa",118,264054,10,6797
2022-02-22,"DZ","Algeria","Africa",147,264201,8,6805
2022-02-23,"DZ","Algeria","Africa",164,264365,7,6812
2022-02-24,"DZ","Algeria","Africa",123,264488,4,6816
2022-02-25,"DZ","Algeria","Africa",115,264603,4,6820
2022-02-26,"DZ","Algeria","Africa",103,264706,3,6823
2022-02-27,"DZ","Algeria","Africa",72,264778,5,6828
2022-02-28,"DZ","Algeria","Africa",77,264855,3,6831
2022-03-01,"DZ","Algeria","Africa",81,264936,4,6835
2022-03-02,"DZ","Algeria","Africa",74,265010,5,6840
2022-03-03,"DZ","Algeria","Africa",69,265079,3,6843
2022-03-04,"DZ","Algeria","Africa",51,265130,5,6848
2022-03-05,"DZ","Algeria","Africa",56,265186,4,6852
2022-03-06,"DZ","Algeria","Africa",41,265227,1,6853
2021-12-06,"AS","American Samoa","Western Pacific",0,10,0,0
2021-12-07,"AS","American Samoa","Western Pacific",0,10,0,0
2021-12-08,"AS","American Samoa","Western Pacific",0,10,0,0
2021-12-09,"AS","American Samoa","Western Pacific",0,10,0,0
2021-12-10,"AS","American Samoa","Western Pacific",0,10,0,0
2021-12-11,"AS","American Samoa","Western Pacific",0,10,0,0
2021-12-12,"AS","American Samoa","Western Pacific",0,10,0,0
2021-12-13,"AS","American Samoa","Western Pacific",0,10,0,0
2021-12-14,"AS","American Samoa","Western Pacific",0,10,0,0
2021-12-15,"AS","American Samoa","Western Pacific",0,10,0,0
2021-12-16,"AS","American Samoa","Western Pacific",0,10,0,0
2021-12-17,"AS","American Samoa","Western Pacific",0,10,0,0
2021-12-18,"AS","American Samoa","Western Pacific",0,10,0,0
2021-12-19,"AS","American Samoa","Western Pacific",0,10,0,0
2021-12-20,"AS","American Samoa","Western Pacific",1,11,0,0
2021-12-21,"AS","American Samoa","Western Pacific",0,11,0,0
2021-12-22,"AS","American Samoa","Western Pacific",0,11,0,0
2021-12-23,"AS","American Samoa","Western Pacific",0,11,0,0
2021-12-24,"AS","American Samoa","Western Pacific",0,11,0,0
2021-12-25,"AS","American Samoa","Western Pacific",0,11,0,0
2021-12-26,"AS","American Samoa","Western Pacific",0,11,0,0
2021-12-27,"AS","American Samoa","Western Pacific",0,11,0,0
2021-12-28,"AS","American Samoa","Western Pacific",0,11,0,0
2021-12-29,"AS","American Samoa","Western Pacific",0,11,0,0
2021-12-30,"AS","American Samoa","Western Pacific",0,11,0,0
2021-12-31,"AS","American Samoa","Western Pacific",0,11,0,0
2022-01-01,"AS","American Samoa","Western Pacific",0,11,0,0
2022-01-02,"AS","American Samoa","Western Pacific",0,11,0,0
2022-01-03,"AS","American Samoa","Western Pacific",0,11,0,0
2022-01-04,"AS","American Samoa","Western Pacific",0,11,0,0
2022-01-05,"AS","American Samoa","Western Pacific",0,11,0,0
2022-01-06,"AS","American Samoa","Western Pacific",0,11,0,0
2022-01-07,"AS","American Samoa","Western Pacific",7,18,0,0
2022-01-08,"AS","American Samoa","Western Pacific",0,18,0,0
2022-01-09,"AS","American Samoa","Western Pacific",0,18,0,0
2022-01-10,"AS","American Samoa","Western Pacific",0,18,0,0
2022-01-11,"AS","American Samoa","Western Pacific",0,18,0,0
2022-01-12,"AS","American Samoa","Western Pacific",0,18,0,0
2022-01-13,"AS","American Samoa","Western Pacific",0,18,0,0
2022-01-14,"AS","American Samoa","Western Pacific",0,18,0,0
2022-01-15,"AS","American Samoa","Western Pacific",0,18,0,0
2022-01-16,"AS","American Samoa","Western Pacific",0,18,0,0
2022-01-17,"AS","American Samoa","Western Pacific",0,18,0,0
2022-01-18,"AS","American Samoa","Western Pacific",0,18,0,0
2022-01-19,"AS","American Samoa","Western Pacific",0,18,0,0
2022-01-20,"AS","American Samoa","Western Pacific",0,18,0,0
2022-01-21,"AS","American Samoa","Western Pacific",0,18,0,0
2022-01-22,"AS","American Samoa","Western Pacific",0,18,0,0
2022-01-23,"AS","American Samoa","Western Pacific",0,18,0,0
2022-01-24,"AS","American Samoa","Western Pacific",0,18,0,0
2022-01-25,"AS","American Samoa","Western Pacific",0,18,0,0
2022-01-26,"AS","American Samoa","Western Pacific",0,18,0,0
2022-01-27,"AS","American Samoa","Western Pacific",0,18,0,0
2022-01-28,"AS","American Samoa","Western Pacific",0,18,0,0
2022-01-29,"AS","American Samoa","Western Pacific",0,18,0,0
2022-01-30,"AS","American Samoa","Western Pacific",0,18,0,0
2022-01-31,"AS","American Samoa","Western Pacific",0,18,0,0
2022-02-01,"AS","American Samoa","Western Pacific",4,22,0,0
2022-02-02,"AS","American Samoa","Western Pacific",0,22,0,0
2022-02-03,"AS","American Samoa","Western Pacific",13,35,0,0
2022-02-04,"AS","American Samoa","Western Pacific",0,35,0,0
2022-02-05,"AS","American Samoa","Western Pacific",0,35,0,0
2022-02-06,"AS","American Samoa","Western Pacific",4,39,0,0
2022-02-07,"AS","American Samoa","Western Pacific",10,49,0,0
2022-02-08,"AS","American Samoa","Western Pacific",8,57,0,0
2022-02-09,"AS","American Samoa","Western Pacific",0,57,0,0
2022-02-10,"AS","American Samoa","Western Pacific",0,57,0,0
2022-02-11,"AS","American Samoa","Western Pacific",0,57,0,0
2022-02-12,"AS","American Samoa","Western Pacific",0,57,0,0
2022-02-13,"AS","American Samoa","Western Pacific",0,57,0,0
2022-02-14,"AS","American Samoa","Western Pacific",0,57,0,0
2022-02-15,"AS","American Samoa","Western Pacific",0,57,0,0
2022-02-16,"AS","American Samoa","Western Pacific",0,57,0,0
2022-02-17,"AS","American Samoa","Western Pacific",0,57,0,0
2022-02-18,"AS","American Samoa","Western Pacific",0,57,0,0
2022-02-19,"AS","American Samoa","Western Pacific",0,57,0,0
2022-02-20,"AS","American Samoa","Western Pacific",0,57,0,0
2022-02-21,"AS","American Samoa","Western Pacific",0,57,0,0
2022-02-22,"AS","American Samoa","Western Pacific",3,60,0,0
2022-02-23,"AS","American Samoa","Western Pacific",12,72,0,0
2022-02-24,"AS","American Samoa","Western Pacific",0,72,0,0
2022-02-25,"AS","American Samoa","Western Pacific",12,84,0,0
2022-02-26,"AS","American Samoa","Western Pacific",0,84,0,0
2022-02-27,"AS","American Samoa","Western Pacific",0,84,0,0
2022-02-28,"AS","American Samoa","Western Pacific",0,84,0,0
2022-03-01,"AS","American Samoa","Western Pacific",0,84,0,0
2022-03-02,"AS","American Samoa","Western Pacific",62,146,0,0
2022-03-03,"AS","American Samoa","Western Pacific",9,155,0,0
2022-03-04,"AS","American Samoa","Western Pacific",41,196,0,0
2022-03-05,"AS","American Samoa","Western Pacific",0,196,0,0
2022-03-06,"AS","American Samoa","Western Pacific",0,196,0,0
2021-12-06,"AD","Andorra","Europe",0,18010,0,132
2021-12-07,"AD","Andorra","Europe",621,18631,1,133
2021-12-08,"AD","Andorra","Europe",184,18815,0,133
2021-12-09,"AD","Andorra","Europe",0,18815,0,133
2021-12-10,"AD","Andorra","Europe",457,19272,0,133
2021-12-11,"AD","Andorra","Europe",168,19440,0,133
2021-12-12,"AD","Andorra","Europe",0,19440,0,133
2021-12-13,"AD","Andorra","Europe",0,19440,0,133
2021-12-14,"AD","Andorra","Europe",527,19967,1,134
2021-12-15,"AD","Andorra","Europe",169,20136,0,134
2021-12-16,"AD","Andorra","Europe",0,20136,0,134
2021-12-17,"AD","Andorra","Europe",413,20549,0,134
2021-12-18,"AD","Andorra","Europe",0,20549,0,134
2021-12-19,"AD","Andorra","Europe",0,20549,0,134
2021-12-20,"AD","Andorra","Europe",0,20549,0,134
2021-12-21,"AD","Andorra","Europe",513,21062,3,137
2021-12-22,"AD","Andorra","Europe",0,21062,0,137
2021-12-23,"AD","Andorra","Europe",310,21372,1,138
2021-12-24,"AD","Andorra","Europe",199,21571,1,139
2021-12-25,"AD","Andorra","Europe",159,21730,0,139
2021-12-26,"AD","Andorra","Europe",0,21730,0,139
2021-12-27,"AD","Andorra","Europe",0,21730,0,139
2021-12-28,"AD","Andorra","Europe",602,22332,0,139
2021-12-29,"AD","Andorra","Europe",208,22540,1,140
2021-12-30,"AD","Andorra","Europe",283,22823,0,140
2021-12-31,"AD","Andorra","Europe",299,23122,0,140
2022-01-01,"AD","Andorra","Europe",618,23740,0,140
2022-01-02,"AD","Andorra","Europe",0,23740,0,140
2022-01-03,"AD","Andorra","Europe",0,23740,0,140
2022-01-04,"AD","Andorra","Europe",762,24502,0,140
2022-01-05,"AD","Andorra","Europe",300,24802,1,141
2022-01-06,"AD","Andorra","Europe",487,25289,0,141
2022-01-07,"AD","Andorra","Europe",1119,26408,0,141
2022-01-08,"AD","Andorra","Europe",0,26408,0,141
2022-01-09,"AD","Andorra","Europe",0,26408,0,141
2022-01-10,"AD","Andorra","Europe",0,26408,0,141
2022-01-11,"AD","Andorra","Europe",1575,27983,0,141
2022-01-12,"AD","Andorra","Europe",559,28542,0,141
2022-01-13,"AD","Andorra","Europe",357,28899,0,141
2022-01-14,"AD","Andorra","Europe",989,29888,1,142
2022-01-15,"AD","Andorra","Europe",0,29888,0,142
2022-01-16,"AD","Andorra","Europe",0,29888,0,142
2022-01-17,"AD","Andorra","Europe",0,29888,0,142
2022-01-18,"AD","Andorra","Europe",693,30581,2,144
2022-01-19,"AD","Andorra","Europe",0,30581,0,144
2022-01-20,"AD","Andorra","Europe",991,31572,0,144
2022-01-21,"AD","Andorra","Europe",629,32201,0,144
2022-01-22,"AD","Andorra","Europe",824,33025,0,144
2022-01-23,"AD","Andorra","Europe",0,33025,0,144
2022-01-24,"AD","Andorra","Europe",0,33025,0,144
2022-01-25,"AD","Andorra","Europe",0,33025,0,144
2022-01-26,"AD","Andorra","Europe",1676,34701,1,145
2022-01-27,"AD","Andorra","Europe",327,35028,0,145
2022-01-28,"AD","Andorra","Europe",0,35028,0,145
2022-01-29,"AD","Andorra","Europe",528,35556,0,145
2022-01-30,"AD","Andorra","Europe",0,35556,0,145
2022-01-31,"AD","Andorra","Europe",0,35556,0,145
2022-02-01,"AD","Andorra","Europe",402,35958,0,145
2022-02-02,"AD","Andorra","Europe",0,35958,0,145
2022-02-03,"AD","Andorra","Europe",357,36315,1,146
2022-02-04,"AD","Andorra","Europe",155,36470,1,147
2022-02-05,"AD","Andorra","Europe",129,36599,0,147
2022-02-06,"AD","Andorra","Europe",0,36599,0,147
2022-02-07,"AD","Andorra","Europe",0,36599,0,147
2022-02-08,"AD","Andorra","Europe",209,36808,0,147
2022-02-09,"AD","Andorra","Europe",0,36808,0,147
2022-02-10,"AD","Andorra","Europe",181,36989,1,148
2022-02-11,"AD","Andorra","Europe",85,37074,0,148
2022-02-12,"AD","Andorra","Europe",66,37140,0,148
2022-02-13,"AD","Andorra","Europe",0,37140,0,148
2022-02-14,"AD","Andorra","Europe",0,37140,0,148
2022-02-15,"AD","Andorra","Europe",137,37277,1,149
2022-02-16,"AD","Andorra","Europe",84,37361,1,150
2022-02-17,"AD","Andorra","Europe",91,37452,0,150
2022-02-18,"AD","Andorra","Europe",70,37522,0,150
2022-02-19,"AD","Andorra","Europe",67,37589,0,150
2022-02-20,"AD","Andorra","Europe",0,37589,0,150
2022-02-21,"AD","Andorra","Europe",0,37589,0,150
2022-02-22,"AD","Andorra","Europe",0,37589,0,150
2022-02-23,"AD","Andorra","Europe",231,37820,1,151
2022-02-24,"AD","Andorra","Europe",81,37901,0,151
2022-02-25,"AD","Andorra","Europe",57,37958,0,151
2022-02-26,"AD","Andorra","Europe",41,37999,0,151
2022-02-27,"AD","Andorra","Europe",0,37999,0,151
2022-02-28,"AD","Andorra","Europe",0,37999,0,151
2022-03-01,"AD","Andorra","Europe",0,37999,0,151
2022-03-02,"AD","Andorra","Europe",166,38165,0,151
2022-03-03,"AD","Andorra","Europe",84,38249,0,151
2022-03-04,"AD","Andorra","Europe",93,38342,0,151
2022-03-05,"AD","Andorra","Europe",92,38434,0,151
2022-03-06,"AD","Andorra","Europe",0,38434,0,151
2021-12-06,"AO","Angola","Africa",15,65259,0,1735
2021-12-07,"AO","Angola","Africa",21,65280,0,1735
2021-12-08,"AO","Angola","Africa",21,65301,0,1735
2021-12-09,"AO","Angola","Africa",31,65332,0,1735
2021-12-10,"AO","Angola","Africa",14,65346,1,1736
2021-12-11,"AO","Angola","Africa",25,65371,1,1737
2021-12-12,"AO","Angola","Africa",26,65397,0,1737
2021-12-13,"AO","Angola","Africa",7,65404,0,1737
2021-12-14,"AO","Angola","Africa",27,65431,0,1737
2021-12-15,"AO","Angola","Africa",45,65476,0,1737
2021-12-16,"AO","Angola","Africa",90,65566,0,1737
2021-12-17,"AO","Angola","Africa",0,65566,0,1737
2021-12-18,"AO","Angola","Africa",194,65760,1,1738
2021-12-19,"AO","Angola","Africa",108,65868,0,1738
2021-12-20,"AO","Angola","Africa",70,65938,0,1738
2021-12-21,"AO","Angola","Africa",0,65938,0,1738
2021-12-22,"AO","Angola","Africa",0,65938,0,1738
2021-12-23,"AO","Angola","Africa",0,65938,0,1738
2021-12-24,"AO","Angola","Africa",2424,68362,5,1743
2021-12-25,"AO","Angola","Africa",1859,70221,3,1746
2021-12-26,"AO","Angola","Africa",0,70221,0,1746
2021-12-27,"AO","Angola","Africa",921,71142,0,1746
2021-12-28,"AO","Angola","Africa",610,71752,3,1749
2021-12-29,"AO","Angola","Africa",5035,76787,8,1757
2021-12-30,"AO","Angola","Africa",0,76787,0,1757
2021-12-31,"AO","Angola","Africa",0,76787,0,1757
2022-01-01,"AO","Angola","Africa",0,76787,0,1757
2022-01-02,"AO","Angola","Africa",5611,82398,15,1772
2022-01-03,"AO","Angola","Africa",522,82920,0,1772
2022-01-04,"AO","Angola","Africa",0,82920,0,1772
2022-01-05,"AO","Angola","Africa",1746,84666,6,1778
2022-01-06,"AO","Angola","Africa",1970,86636,11,1789
2022-01-07,"AO","Angola","Africa",989,87625,10,1799
2022-01-08,"AO","Angola","Africa",1150,88775,10,1809
2022-01-09,"AO","Angola","Africa",0,88775,0,1809
2022-01-10,"AO","Angola","Africa",943,89718,17,1826
2022-01-11,"AO","Angola","Africa",598,90316,6,1832
2022-01-12,"AO","Angola","Africa",832,91148,8,1840
2022-01-13,"AO","Angola","Africa",759,91907,2,1842
2022-01-14,"AO","Angola","Africa",674,92581,5,1847
2022-01-15,"AO","Angola","Africa",759,93340,2,1849
2022-01-16,"AO","Angola","Africa",184,93524,8,1857
2022-01-17,"AO","Angola","Africa",170,93694,6,1863
2022-01-18,"AO","Angola","Africa",0,93694,0,1863
2022-01-19,"AO","Angola","Africa",581,94275,7,1870
2022-01-20,"AO","Angola","Africa",0,94275,0,1870
2022-01-21,"AO","Angola","Africa",945,95220,11,1881
2022-01-22,"AO","Angola","Africa",456,95676,3,1884
2022-01-23,"AO","Angola","Africa",226,95902,2,1886
2022-01-24,"AO","Angola","Africa",680,96582,2,1888
2022-01-25,"AO","Angola","Africa",681,97263,0,1888
2022-01-26,"AO","Angola","Africa",331,97594,3,1891
2022-01-27,"AO","Angola","Africa",218,97812,1,1892
2022-01-28,"AO","Angola","Africa",89,97901,1,1893
2022-01-29,"AO","Angola","Africa",128,98029,0,1893
2022-01-30,"AO","Angola","Africa",28,98057,1,1894
2022-01-31,"AO","Angola","Africa",19,98076,1,1895
2022-02-01,"AO","Angola","Africa",0,98076,0,1895
2022-02-02,"AO","Angola","Africa",150,98226,0,1895
2022-02-03,"AO","Angola","Africa",41,98267,0,1895
2022-02-04,"AO","Angola","Africa",52,98319,1,1896
2022-02-05,"AO","Angola","Africa",21,98340,0,1896
2022-02-06,"AO","Angola","Africa",11,98351,0,1896
2022-02-07,"AO","Angola","Africa",13,98364,0,1896
2022-02-08,"AO","Angola","Africa",45,98409,0,1896
2022-02-09,"AO","Angola","Africa",15,98424,0,1896
2022-02-10,"AO","Angola","Africa",29,98453,0,1896
2022-02-11,"AO","Angola","Africa",21,98474,1,1897
2022-02-12,"AO","Angola","Africa",27,98501,1,1898
2022-02-13,"AO","Angola","Africa",13,98514,0,1898
2022-02-14,"AO","Angola","Africa",0,98514,0,1898
2022-02-15,"AO","Angola","Africa",18,98532,0,1898
2022-02-16,"AO","Angola","Africa",0,98532,0,1898
2022-02-17,"AO","Angola","Africa",36,98568,1,1899
2022-02-18,"AO","Angola","Africa",17,98585,0,1899
2022-02-19,"AO","Angola","Africa",20,98605,0,1899
2022-02-20,"AO","Angola","Africa",12,98617,0,1899
2022-02-21,"AO","Angola","Africa",21,98638,0,1899
2022-02-22,"AO","Angola","Africa",20,98658,0,1899
2022-02-23,"AO","Angola","Africa",13,98671,0,1899
2022-02-24,"AO","Angola","Africa",27,98698,0,1899
2022-02-25,"AO","Angola","Africa",3,98701,0,1899
2022-02-26,"AO","Angola","Africa",0,98701,0,1899
2022-02-27,"AO","Angola","Africa",0,98701,0,1899
2022-02-28,"AO","Angola","Africa",0,98701,0,1899
2022-03-01,"AO","Angola","Africa",40,98741,1,1900
2022-03-02,"AO","Angola","Africa",5,98746,0,1900
2022-03-03,"AO","Angola","Africa",0,98746,0,1900
2022-03-04,"AO","Angola","Africa",0,98746,0,1900
2022-03-05,"AO","Angola","Africa",50,98796,0,1900
2022-03-06,"AO","Angola","Africa",0,98796,0,1900
2021-12-06,"AI","Anguilla","Americas",0,1414,0,3
2021-12-07,"AI","Anguilla","Americas",0,1414,0,3
2021-12-08,"AI","Anguilla","Americas",55,1469,1,4
2021-12-09,"AI","Anguilla","Americas",0,1469,0,4
2021-12-10,"AI","Anguilla","Americas",0,1469,0,4
2021-12-11,"AI","Anguilla","Americas",54,1523,0,4
2021-12-12,"AI","Anguilla","Americas",0,1523,0,4
2021-12-13,"AI","Anguilla","Americas",0,1523,0,4
2021-12-14,"AI","Anguilla","Americas",0,1523,0,4
2021-12-15,"AI","Anguilla","Americas",69,1592,0,4
2021-12-16,"AI","Anguilla","Americas",0,1592,0,4
2021-12-17,"AI","Anguilla","Americas",0,1592,0,4
2021-12-18,"AI","Anguilla","Americas",0,1592,0,4
2021-12-19,"AI","Anguilla","Americas",0,1592,0,4
2021-12-20,"AI","Anguilla","Americas",37,1629,1,5
2021-12-21,"AI","Anguilla","Americas",0,1629,0,5
2021-12-22,"AI","Anguilla","Americas",0,1629,0,5
2021-12-23,"AI","Anguilla","Americas",0,1629,0,5
2021-12-24,"AI","Anguilla","Americas",0,1629,0,5
2021-12-25,"AI","Anguilla","Americas",17,1646,0,5
2021-12-26,"AI","Anguilla","Americas",0,1646,0,5
2021-12-27,"AI","Anguilla","Americas",0,1646,0,5
2021-12-28,"AI","Anguilla","Americas",0,1646,0,5
2021-12-29,"AI","Anguilla","Americas",28,1674,0,5
2021-12-30,"AI","Anguilla","Americas",0,1674,0,5
2021-12-31,"AI","Anguilla","Americas",0,1674,0,5
2022-01-01,"AI","Anguilla","Americas",0,1674,0,5
2022-01-02,"AI","Anguilla","Americas",0,1674,0,5
2022-01-03,"AI","Anguilla","Americas",0,1674,0,5
2022-01-04,"AI","Anguilla","Americas",0,1674,0,5
2022-01-05,"AI","Anguilla","Americas",103,1777,1,6
2022-01-06,"AI","Anguilla","Americas",0,1777,0,6
2022-01-07,"AI","Anguilla","Americas",0,1777,0,6
2022-01-08,"AI","Anguilla","Americas",0,1777,0,6
2022-01-09,"AI","Anguilla","Americas",0,1777,0,6
2022-01-10,"AI","Anguilla","Americas",0,1777,0,6
2022-01-11,"AI","Anguilla","Americas",165,1942,0,6
2022-01-12,"AI","Anguilla","Americas",0,1942,0,6
2022-01-13,"AI","Anguilla","Americas",0,1942,0,6
2022-01-14,"AI","Anguilla","Americas",0,1942,0,6
2022-01-15,"AI","Anguilla","Americas",98,2040,0,6
2022-01-16,"AI","Anguilla","Americas",0,2040,0,6
2022-01-17,"AI","Anguilla","Americas",0,2040,0,6
2022-01-18,"AI","Anguilla","Americas",69,2109,1,7
2022-01-19,"AI","Anguilla","Americas",0,2109,0,7
2022-01-20,"AI","Anguilla","Americas",78,2187,0,7
2022-01-21,"AI","Anguilla","Americas",0,2187,0,7
2022-01-22,"AI","Anguilla","Americas",0,2187,0,7
2022-01-23,"AI","Anguilla","Americas",0,2187,0,7
2022-01-24,"AI","Anguilla","Americas",0,2187,0,7
2022-01-25,"AI","Anguilla","Americas",0,2187,0,7
2022-01-26,"AI","Anguilla","Americas",83,2270,0,7
2022-01-27,"AI","Anguilla","Americas",0,2270,0,7
2022-01-28,"AI","Anguilla","Americas",0,2270,0,7
2022-01-29,"AI","Anguilla","Americas",54,2324,1,8
2022-01-30,"AI","Anguilla","Americas",0,2324,0,8
2022-01-31,"AI","Anguilla","Americas",0,2324,0,8
2022-02-01,"AI","Anguilla","Americas",37,2361,0,8
2022-02-02,"AI","Anguilla","Americas",0,2361,0,8
2022-02-03,"AI","Anguilla","Americas",0,2361,0,8
2022-02-04,"AI","Anguilla","Americas",0,2361,0,8
2022-02-05,"AI","Anguilla","Americas",23,2384,0,8
2022-02-06,"AI","Anguilla","Americas",0,2384,0,8
2022-02-07,"AI","Anguilla","Americas",0,2384,0,8
2022-02-08,"AI","Anguilla","Americas",52,2436,1,9
2022-02-09,"AI","Anguilla","Americas",0,2436,0,9
2022-02-10,"AI","Anguilla","Americas",0,2436,0,9
2022-02-11,"AI","Anguilla","Americas",22,2458,0,9
2022-02-12,"AI","Anguilla","Americas",0,2458,0,9
2022-02-13,"AI","Anguilla","Americas",0,2458,0,9
2022-02-14,"AI","Anguilla","Americas",0,2458,0,9
2022-02-15,"AI","Anguilla","Americas",39,2497,0,9
2022-02-16,"AI","Anguilla","Americas",0,2497,0,9
2022-02-17,"AI","Anguilla","Americas",0,2497,0,9
2022-02-18,"AI","Anguilla","Americas",9,2506,0,9
2022-02-19,"AI","Anguilla","Americas",0,2506,0,9
2022-02-20,"AI","Anguilla","Americas",0,2506,0,9
2022-02-21,"AI","Anguilla","Americas",0,2506,0,9
2022-02-22,"AI","Anguilla","Americas",0,2506,0,9
2022-02-23,"AI","Anguilla","Americas",22,2528,0,9
2022-02-24,"AI","Anguilla","Americas",0,2528,0,9
2022-02-25,"AI","Anguilla","Americas",0,2528,0,9
2022-02-26,"AI","Anguilla","Americas",0,2528,0,9
2022-02-27,"AI","Anguilla","Americas",0,2528,0,9
2022-02-28,"AI","Anguilla","Americas",0,2528,0,9
2022-03-01,"AI","Anguilla","Americas",0,2528,0,9
2022-03-02,"AI","Anguilla","Americas",27,2555,0,9
2022-03-03,"AI","Anguilla","Americas",0,2555,0,9
2022-03-04,"AI","Anguilla","Americas",0,2555,0,9
2022-03-05,"AI","Anguilla","Americas",0,2555,0,9
2022-03-06,"AI","Anguilla","Americas",0,2555,0,9
2021-12-06,"AG","Antigua and Barbuda","Americas",0,4147,0,117
2021-12-07,"AG","Antigua and Barbuda","Americas",1,4148,0,117
2021-12-08,"AG","Antigua and Barbuda","Americas",0,4148,0,117
2021-12-09,"AG","Antigua and Barbuda","Americas",3,4151,0,117
2021-12-10,"AG","Antigua and Barbuda","Americas",0,4151,0,117
2021-12-11,"AG","Antigua and Barbuda","Americas",0,4151,0,117
2021-12-12,"AG","Antigua and Barbuda","Americas",8,4159,0,117
2021-12-13,"AG","Antigua and Barbuda","Americas",3,4162,0,117
2021-12-14,"AG","Antigua and Barbuda","Americas",0,4162,0,117
2021-12-15,"AG","Antigua and Barbuda","Americas",15,4177,0,117
2021-12-16,"AG","Antigua and Barbuda","Americas",0,4177,0,117
2021-12-17,"AG","Antigua and Barbuda","Americas",1,4178,0,117
2021-12-18,"AG","Antigua and Barbuda","Americas",8,4186,0,117
2021-12-19,"AG","Antigua and Barbuda","Americas",12,4198,0,117
2021-12-20,"AG","Antigua and Barbuda","Americas",0,4198,0,117
2021-12-21,"AG","Antigua and Barbuda","Americas",0,4198,0,117
2021-12-22,"AG","Antigua and Barbuda","Americas",3,4201,0,117
2021-12-23,"AG","Antigua and Barbuda","Americas",4,4205,0,117
2021-12-24,"AG","Antigua and Barbuda","Americas",11,4216,1,118
2021-12-25,"AG","Antigua and Barbuda","Americas",0,4216,0,118
2021-12-26,"AG","Antigua and Barbuda","Americas",13,4229,0,118
2021-12-27,"AG","Antigua and Barbuda","Americas",7,4236,0,118
2021-12-28,"AG","Antigua and Barbuda","Americas",23,4259,0,118
2021-12-29,"AG","Antigua and Barbuda","Americas",24,4283,0,118
2021-12-30,"AG","Antigua and Barbuda","Americas",12,4295,0,118
2021-12-31,"AG","Antigua and Barbuda","Americas",0,4295,0,118
2022-01-01,"AG","Antigua and Barbuda","Americas",67,4362,1,119
2022-01-02,"AG","Antigua and Barbuda","Americas",49,4411,0,119
2022-01-03,"AG","Antigua and Barbuda","Americas",75,4486,0,119
2022-01-04,"AG","Antigua and Barbuda","Americas",10,4496,0,119
2022-01-05,"AG","Antigua and Barbuda","Americas",122,4618,0,119
2022-01-06,"AG","Antigua and Barbuda","Americas",54,4672,0,119
2022-01-07,"AG","Antigua and Barbuda","Americas",43,4715,0,119
2022-01-08,"AG","Antigua and Barbuda","Americas",0,4715,0,119
2022-01-09,"AG","Antigua and Barbuda","Americas",129,4844,0,119
2022-01-10,"AG","Antigua and Barbuda","Americas",214,5058,1,120
2022-01-11,"AG","Antigua and Barbuda","Americas",0,5058,0,120
2022-01-12,"AG","Antigua and Barbuda","Americas",0,5058,0,120
2022-01-13,"AG","Antigua and Barbuda","Americas",111,5169,0,120
2022-01-14,"AG","Antigua and Barbuda","Americas",45,5214,0,120
2022-01-15,"AG","Antigua and Barbuda","Americas",32,5246,0,120
2022-01-16,"AG","Antigua and Barbuda","Americas",75,5321,0,120
2022-01-17,"AG","Antigua and Barbuda","Americas",0,5321,0,120
2022-01-18,"AG","Antigua and Barbuda","Americas",0,5321,0,120
2022-01-19,"AG","Antigua and Barbuda","Americas",25,5346,1,121
2022-01-20,"AG","Antigua and Barbuda","Americas",0,5346,0,121
2022-01-21,"AG","Antigua and Barbuda","Americas",395,5741,0,121
2022-01-22,"AG","Antigua and Barbuda","Americas",74,5815,1,122
2022-01-23,"AG","Antigua and Barbuda","Americas",116,5931,0,122
2022-01-24,"AG","Antigua and Barbuda","Americas",0,5931,0,122
2022-01-25,"AG","Antigua and Barbuda","Americas",0,5931,0,122
2022-01-26,"AG","Antigua and Barbuda","Americas",92,6023,0,122
2022-01-27,"AG","Antigua and Barbuda","Americas",0,6023,0,122
2022-01-28,"AG","Antigua and Barbuda","Americas",419,6442,4,126
2022-01-29,"AG","Antigua and Barbuda","Americas",82,6524,1,127
2022-01-30,"AG","Antigua and Barbuda","Americas",34,6558,0,127
2022-01-31,"AG","Antigua and Barbuda","Americas",0,6558,0,127
2022-02-01,"AG","Antigua and Barbuda","Americas",69,6627,0,127
2022-02-02,"AG","Antigua and Barbuda","Americas",0,6627,0,127
2022-02-03,"AG","Antigua and Barbuda","Americas",105,6732,0,127
2022-02-04,"AG","Antigua and Barbuda","Americas",0,6732,0,127
2022-02-05,"AG","Antigua and Barbuda","Americas",0,6732,0,127
2022-02-06,"AG","Antigua and Barbuda","Americas",0,6732,0,127
2022-02-07,"AG","Antigua and Barbuda","Americas",0,6732,0,127
2022-02-08,"AG","Antigua and Barbuda","Americas",121,6853,4,131
2022-02-09,"AG","Antigua and Barbuda","Americas",0,6853,0,131
2022-02-10,"AG","Antigua and Barbuda","Americas",0,6853,0,131
2022-02-11,"AG","Antigua and Barbuda","Americas",468,7321,3,134
2022-02-12,"AG","Antigua and Barbuda","Americas",10,7331,0,134
2022-02-13,"AG","Antigua and Barbuda","Americas",0,7331,0,134
2022-02-14,"AG","Antigua and Barbuda","Americas",0,7331,0,134
2022-02-15,"AG","Antigua and Barbuda","Americas",0,7331,0,134
2022-02-16,"AG","Antigua and Barbuda","Americas",11,7342,0,134
2022-02-17,"AG","Antigua and Barbuda","Americas",0,7342,0,134
2022-02-18,"AG","Antigua and Barbuda","Americas",53,7395,1,135
2022-02-19,"AG","Antigua and Barbuda","Americas",5,7400,0,135
2022-02-20,"AG","Antigua and Barbuda","Americas",8,7408,0,135
2022-02-21,"AG","Antigua and Barbuda","Americas",0,7408,0,135
2022-02-22,"AG","Antigua and Barbuda","Americas",0,7408,0,135
2022-02-23,"AG","Antigua and Barbuda","Americas",0,7408,0,135
2022-02-24,"AG","Antigua and Barbuda","Americas",21,7429,0,135
2022-02-25,"AG","Antigua and Barbuda","Americas",6,7435,0,135
2022-02-26,"AG","Antigua and Barbuda","Americas",2,7437,0,135
2022-02-27,"AG","Antigua and Barbuda","Americas",0,7437,0,135
2022-02-28,"AG","Antigua and Barbuda","Americas",0,7437,0,135
2022-03-01,"AG","Antigua and Barbuda","Americas",0,7437,0,135
2022-03-02,"AG","Antigua and Barbuda","Americas",10,7447,0,135
2022-03-03,"AG","Antigua and Barbuda","Americas",0,7447,0,135
2022-03-04,"AG","Antigua and Barbuda","Americas",2,7449,0,135
2022-03-05,"AG","Antigua and Barbuda","Americas",0,7449,0,135
2022-03-06,"AG","Antigua and Barbuda","Americas",6,7455,0,135
2021-12-06,"AR","Argentina","Americas",1690,5339382,4,116643
2021-12-07,"AR","Argentina","Americas",1294,5340676,3,116646
2021-12-08,"AR","Argentina","Americas",2477,5343153,34,116680
2021-12-09,"AR","Argentina","Americas",3089,5346242,23,116703
2021-12-10,"AR","Argentina","Americas",1881,5348123,5,116708
2021-12-11,"AR","Argentina","Americas",2744,5350867,11,116719
2021-12-12,"AR","Argentina","Americas",3573,5354440,29,116748
2021-12-13,"AR","Argentina","Americas",2445,5356885,12,116760
2021-12-14,"AR","Argentina","Americas",1570,5358455,11,116771
2021-12-15,"AR","Argentina","Americas",3512,5361967,21,116792
2021-12-16,"AR","Argentina","Americas",4555,5366522,34,116826
2021-12-17,"AR","Argentina","Americas",4819,5371341,31,116857
2021-12-18,"AR","Argentina","Americas",5301,5376642,17,116874
2021-12-19,"AR","Argentina","Americas",9811,5386453,25,116899
2021-12-20,"AR","Argentina","Americas",0,5386453,0,116899
2021-12-21,"AR","Argentina","Americas",3254,5389707,4,116903
2021-12-22,"AR","Argentina","Americas",5337,5395044,27,116930
2021-12-23,"AR","Argentina","Americas",9336,5404380,23,116953
2021-12-24,"AR","Argentina","Americas",11121,5415501,11,116964
2021-12-25,"AR","Argentina","Americas",13456,5428957,15,116979
2021-12-26,"AR","Argentina","Americas",16279,5445236,29,117008
2021-12-27,"AR","Argentina","Americas",7183,5452419,12,117020
2021-12-28,"AR","Argentina","Americas",7623,5460042,15,117035
2021-12-29,"AR","Argentina","Americas",20263,5480305,31,117066
2021-12-30,"AR","Argentina","Americas",33902,5514207,19,117085
2021-12-31,"AR","Argentina","Americas",42032,5556239,26,117111
2022-01-01,"AR","Argentina","Americas",50506,5606745,35,117146
2022-01-02,"AR","Argentina","Americas",67683,5674428,35,117181
2022-01-03,"AR","Argentina","Americas",0,5674428,0,117181
2022-01-04,"AR","Argentina","Americas",20502,5694930,23,117204
2022-01-05,"AR","Argentina","Americas",44396,5739326,41,117245
2022-01-06,"AR","Argentina","Americas",81210,5820536,49,117294
2022-01-07,"AR","Argentina","Americas",95159,5915695,52,117346
2022-01-08,"AR","Argentina","Americas",109608,6025303,40,117386
2022-01-09,"AR","Argentina","Americas",110533,6135836,42,117428
2022-01-10,"AR","Argentina","Americas",101689,6237525,37,117465
2022-01-11,"AR","Argentina","Americas",73319,6310844,27,117492
2022-01-12,"AR","Argentina","Americas",88352,6399196,51,117543
2022-01-13,"AR","Argentina","Americas",134439,6533635,52,117595
2022-01-14,"AR","Argentina","Americas",131082,6664717,75,117670
2022-01-15,"AR","Argentina","Americas",128402,6793119,138,117808
2022-01-16,"AR","Argentina","Americas",139853,6932972,93,117901
2022-01-17,"AR","Argentina","Americas",96652,7029624,88,117989
2022-01-18,"AR","Argentina","Americas",65241,7094865,51,118040
2022-01-19,"AR","Argentina","Americas",102458,7197323,191,118231
2022-01-20,"AR","Argentina","Americas",120982,7318305,189,118420
2022-01-21,"AR","Argentina","Americas",128321,7446626,208,118628
2022-01-22,"AR","Argentina","Americas",129709,7576335,181,118809
2022-01-23,"AR","Argentina","Americas",118171,7694506,160,118969
2022-01-24,"AR","Argentina","Americas",98146,7792652,134,119103
2022-01-25,"AR","Argentina","Americas",69884,7862536,65,119168
2022-01-26,"AR","Argentina","Americas",78121,7940657,276,119444
2022-01-27,"AR","Argentina","Americas",100863,8041520,259,119703
2022-01-28,"AR","Argentina","Americas",88503,8130023,316,120019
2022-01-29,"AR","Argentina","Americas",77729,8207752,333,120352
2022-01-30,"AR","Argentina","Americas",63884,8271636,305,120657
2022-01-31,"AR","Argentina","Americas",41978,8313614,179,120836
2022-02-01,"AR","Argentina","Americas",21570,8335184,152,120988
2022-02-02,"AR","Argentina","Americas",43472,8378656,285,121273
2022-02-03,"AR","Argentina","Americas",49122,8427778,240,121513
2022-02-04,"AR","Argentina","Americas",87507,8515285,639,122152
2022-02-05,"AR","Argentina","Americas",40094,8555379,287,122439
2022-02-06,"AR","Argentina","Americas",21836,8577215,145,122584
2022-02-07,"AR","Argentina","Americas",12664,8589879,100,122684
2022-02-08,"AR","Argentina","Americas",25406,8615285,259,122943
2022-02-09,"AR","Argentina","Americas",32790,8648075,284,123227
2022-02-10,"AR","Argentina","Americas",0,8648075,0,123227
2022-02-11,"AR","Argentina","Americas",27252,8675327,217,123444
2022-02-12,"AR","Argentina","Americas",41613,8716940,415,123859
2022-02-13,"AR","Argentina","Americas",11322,8728262,128,123987
2022-02-14,"AR","Argentina","Americas",6289,8734551,94,124081
2022-02-15,"AR","Argentina","Americas",13050,8747601,268,124349
2022-02-16,"AR","Argentina","Americas",18573,8766174,236,124585
2022-02-17,"AR","Argentina","Americas",17034,8783208,180,124765
2022-02-18,"AR","Argentina","Americas",16650,8799858,159,124924
2022-02-19,"AR","Argentina","Americas",15389,8815247,138,125062
2022-02-20,"AR","Argentina","Americas",7807,8823054,123,125185
2022-02-21,"AR","Argentina","Americas",4450,8827504,93,125278
2022-02-22,"AR","Argentina","Americas",11170,8838674,173,125451
2022-02-23,"AR","Argentina","Americas",16950,8855624,167,125618
2022-02-24,"AR","Argentina","Americas",12564,8868188,157,125775
2022-02-25,"AR","Argentina","Americas",10298,8878486,97,125872
2022-02-26,"AR","Argentina","Americas",9487,8887973,86,125958
2022-02-27,"AR","Argentina","Americas",5595,8893568,90,126048
2022-02-28,"AR","Argentina","Americas",3610,8897178,72,126120
2022-03-01,"AR","Argentina","Americas",3478,8900656,32,126152
2022-03-02,"AR","Argentina","Americas",3520,8904176,105,126257
2022-03-03,"AR","Argentina","Americas",8141,8912317,133,126390
2022-03-04,"AR","Argentina","Americas",9219,8921536,141,126531
2022-03-05,"AR","Argentina","Americas",8362,8929898,93,126624
2022-03-06,"AR","Argentina","Americas",4430,8934328,84,126708
2021-12-06,"AM","Armenia","Europe",95,340818,8,7691
2021-12-07,"AM","Armenia","Europe",240,341058,27,7718
2021-12-08,"AM","Armenia","Europe",410,341468,10,7728
2021-12-09,"AM","Armenia","Europe",300,341768,19,7747
2021-12-10,"AM","Armenia","Europe",347,342115,20,7767
2021-12-11,"AM","Armenia","Europe",290,342405,21,7788
2021-12-12,"AM","Armenia","Europe",133,342538,14,7802
2021-12-13,"AM","Armenia","Europe",66,342604,17,7819
2021-12-14,"AM","Armenia","Europe",161,342765,26,7845
2021-12-15,"AM","Armenia","Europe",212,342977,11,7856
2021-12-16,"AM","Armenia","Europe",180,343157,18,7874
2021-12-17,"AM","Armenia","Europe",193,343350,11,7885
2021-12-18,"AM","Armenia","Europe",156,343506,8,7893
2021-12-19,"AM","Armenia","Europe",130,343636,6,7899
2021-12-20,"AM","Armenia","Europe",72,343708,4,7903
2021-12-21,"AM","Armenia","Europe",137,343845,11,7914
2021-12-22,"AM","Armenia","Europe",152,343997,7,7921
2021-12-23,"AM","Armenia","Europe",129,344126,15,7936
2021-12-24,"AM","Armenia","Europe",135,344261,3,7939
2021-12-25,"AM","Armenia","Europe",118,344379,3,7942
2021-12-26,"AM","Armenia","Europe",102,344481,1,7943
2021-12-27,"AM","Armenia","Europe",59,344540,7,7950
2021-12-28,"AM","Armenia","Europe",109,344649,6,7956
2021-12-29,"AM","Armenia","Europe",88,344737,5,7961
2021-12-30,"AM","Armenia","Europe",89,344826,7,7968
2021-12-31,"AM","Armenia","Europe",104,344930,4,7972
2022-01-01,"AM","Armenia","Europe",50,344980,3,7975
2022-01-02,"AM","Armenia","Europe",27,345007,2,7977
2022-01-03,"AM","Armenia","Europe",29,345036,6,7983
2022-01-04,"AM","Armenia","Europe",90,345126,3,7986
2022-01-05,"AM","Armenia","Europe",129,345255,3,7989
2022-01-06,"AM","Armenia","Europe",134,345389,4,7993
2022-01-07,"AM","Armenia","Europe",129,345518,4,7997
2022-01-08,"AM","Armenia","Europe",195,345713,2,7999
2022-01-09,"AM","Armenia","Europe",142,345855,2,8001
2022-01-10,"AM","Armenia","Europe",126,345981,3,8004
2022-01-11,"AM","Armenia","Europe",243,346224,2,8006
2022-01-12,"AM","Armenia","Europe",289,346513,4,8010
2022-01-13,"AM","Armenia","Europe",298,346811,4,8014
2022-01-14,"AM","Armenia","Europe",273,347084,1,8015
2022-01-15,"AM","Armenia","Europe",293,347377,3,8018
2022-01-16,"AM","Armenia","Europe",240,347617,1,8019
2022-01-17,"AM","Armenia","Europe",168,347785,1,8020
2022-01-18,"AM","Armenia","Europe",360,348145,2,8022
2022-01-19,"AM","Armenia","Europe",563,348708,3,8025
2022-01-20,"AM","Armenia","Europe",621,349329,1,8026
2022-01-21,"AM","Armenia","Europe",628,349957,0,8026
2022-01-22,"AM","Armenia","Europe",940,350897,0,8026
2022-01-23,"AM","Armenia","Europe",814,351711,2,8028
2022-01-24,"AM","Armenia","Europe",688,352399,0,8028
2022-01-25,"AM","Armenia","Europe",1332,353731,4,8032
2022-01-26,"AM","Armenia","Europe",1931,355662,1,8033
2022-01-27,"AM","Armenia","Europe",2556,358218,2,8035
2022-01-28,"AM","Armenia","Europe",3536,361754,0,8035
2022-01-29,"AM","Armenia","Europe",2594,364348,6,8041
2022-01-30,"AM","Armenia","Europe",2085,366433,5,8046
2022-01-31,"AM","Armenia","Europe",1362,367795,7,8053
2022-02-01,"AM","Armenia","Europe",3127,370922,3,8056
2022-02-02,"AM","Armenia","Europe",3956,374878,4,8060
2022-02-03,"AM","Armenia","Europe",4388,379266,5,8065
2022-02-04,"AM","Armenia","Europe",4192,383458,10,8075
2022-02-05,"AM","Armenia","Europe",4032,387490,6,8081
2022-02-06,"AM","Armenia","Europe",2467,389957,5,8086
2022-02-07,"AM","Armenia","Europe",1631,391588,11,8097
2022-02-08,"AM","Armenia","Europe",2486,394074,5,8102
2022-02-09,"AM","Armenia","Europe",2811,396885,6,8108
2022-02-10,"AM","Armenia","Europe",2842,399727,6,8114
2022-02-11,"AM","Armenia","Europe",2676,402403,31,8145
2022-02-12,"AM","Armenia","Europe",2402,404805,12,8157
2022-02-13,"AM","Armenia","Europe",1574,406379,10,8167
2022-02-14,"AM","Armenia","Europe",695,407074,19,8186
2022-02-15,"AM","Armenia","Europe",1307,408381,15,8201
2022-02-16,"AM","Armenia","Europe",1774,410155,28,8229
2022-02-17,"AM","Armenia","Europe",1723,411878,24,8253
2022-02-18,"AM","Armenia","Europe",1417,413295,25,8278
2022-02-19,"AM","Armenia","Europe",1469,414764,30,8308
2022-02-20,"AM","Armenia","Europe",700,415464,14,8322
2022-02-21,"AM","Armenia","Europe",293,415757,16,8338
2022-02-22,"AM","Armenia","Europe",753,416510,16,8354
2022-02-23,"AM","Armenia","Europe",946,417456,24,8378
2022-02-24,"AM","Armenia","Europe",764,418220,14,8392
2022-02-25,"AM","Armenia","Europe",572,418792,21,8413
2022-02-26,"AM","Armenia","Europe",631,419423,20,8433
2022-02-27,"AM","Armenia","Europe",270,419693,16,8449
2022-02-28,"AM","Armenia","Europe",139,419832,12,8461
2022-03-01,"AM","Armenia","Europe",324,420156,17,8478
2022-03-02,"AM","Armenia","Europe",342,420498,15,8493
2022-03-03,"AM","Armenia","Europe",259,420757,12,8505
2022-03-04,"AM","Armenia","Europe",251,421008,11,8516
2022-03-05,"AM","Armenia","Europe",218,421226,12,8528
2022-03-06,"AM","Armenia","Europe",115,421341,8,8536
2021-12-06,"AW","Aruba","Americas",0,16392,0,174
2021-12-07,"AW","Aruba","Americas",58,16450,0,174
2021-12-08,"AW","Aruba","Americas",10,16460,1,175
2021-12-09,"AW","Aruba","Americas",24,16484,0,175
2021-12-10,"AW","Aruba","Americas",21,16505,1,176
2021-12-11,"AW","Aruba","Americas",26,16531,0,176
2021-12-12,"AW","Aruba","Americas",0,16531,0,176
2021-12-13,"AW","Aruba","Americas",0,16531,0,176
2021-12-14,"AW","Aruba","Americas",62,16593,1,177
2021-12-15,"AW","Aruba","Americas",12,16605,0,177
2021-12-16,"AW","Aruba","Americas",41,16646,1,178
2021-12-17,"AW","Aruba","Americas",27,16673,0,178
2021-12-18,"AW","Aruba","Americas",43,16716,0,178
2021-12-19,"AW","Aruba","Americas",0,16716,0,178
2021-12-20,"AW","Aruba","Americas",0,16716,0,178
2021-12-21,"AW","Aruba","Americas",91,16807,2,180
2021-12-22,"AW","Aruba","Americas",41,16848,0,180
2021-12-23,"AW","Aruba","Americas",72,16920,0,180
2021-12-24,"AW","Aruba","Americas",121,17041,0,180
2021-12-25,"AW","Aruba","Americas",124,17165,1,181
2021-12-26,"AW","Aruba","Americas",0,17165,0,181
2021-12-27,"AW","Aruba","Americas",0,17165,0,181
2021-12-28,"AW","Aruba","Americas",483,17648,0,181
2021-12-29,"AW","Aruba","Americas",248,17896,0,181
2021-12-30,"AW","Aruba","Americas",454,18350,0,181
2021-12-31,"AW","Aruba","Americas",671,19021,0,181
2022-01-01,"AW","Aruba","Americas",698,19719,0,181
2022-01-02,"AW","Aruba","Americas",0,19719,0,181
2022-01-03,"AW","Aruba","Americas",0,19719,0,181
2022-01-04,"AW","Aruba","Americas",1752,21471,0,181
2022-01-05,"AW","Aruba","Americas",549,22020,0,181
2022-01-06,"AW","Aruba","Americas",1674,23694,0,181
2022-01-07,"AW","Aruba","Americas",516,24210,0,181
2022-01-08,"AW","Aruba","Americas",1044,25254,0,181
2022-01-09,"AW","Aruba","Americas",0,25254,0,181
2022-01-10,"AW","Aruba","Americas",0,25254,0,181
2022-01-11,"AW","Aruba","Americas",2138,27392,1,182
2022-01-12,"AW","Aruba","Americas",499,27891,0,182
2022-01-13,"AW","Aruba","Americas",710,28601,0,182
2022-01-14,"AW","Aruba","Americas",575,29176,0,182
2022-01-15,"AW","Aruba","Americas",518,29694,2,184
2022-01-16,"AW","Aruba","Americas",0,29694,0,184
2022-01-17,"AW","Aruba","Americas",0,29694,0,184
2022-01-18,"AW","Aruba","Americas",0,29694,0,184
2022-01-19,"AW","Aruba","Americas",983,30677,0,184
2022-01-20,"AW","Aruba","Americas",661,31338,2,186
2022-01-21,"AW","Aruba","Americas",265,31603,1,187
2022-01-22,"AW","Aruba","Americas",232,31835,0,187
2022-01-23,"AW","Aruba","Americas",0,31835,0,187
2022-01-24,"AW","Aruba","Americas",0,31835,0,187
2022-01-25,"AW","Aruba","Americas",487,32322,4,191
2022-01-26,"AW","Aruba","Americas",83,32405,2,193
2022-01-27,"AW","Aruba","Americas",119,32524,0,193
2022-01-28,"AW","Aruba","Americas",38,32562,0,193
2022-01-29,"AW","Aruba","Americas",156,32718,0,193
2022-01-30,"AW","Aruba","Americas",0,32718,0,193
2022-01-31,"AW","Aruba","Americas",0,32718,0,193
2022-02-01,"AW","Aruba","Americas",238,32956,0,193
2022-02-02,"AW","Aruba","Americas",44,33000,0,193
2022-02-03,"AW","Aruba","Americas",44,33044,0,193
2022-02-04,"AW","Aruba","Americas",102,33146,0,193
2022-02-05,"AW","Aruba","Americas",54,33200,1,194
2022-02-06,"AW","Aruba","Americas",0,33200,0,194
2022-02-07,"AW","Aruba","Americas",0,33200,0,194
2022-02-08,"AW","Aruba","Americas",102,33302,1,195
2022-02-09,"AW","Aruba","Americas",26,33328,0,195
2022-02-10,"AW","Aruba","Americas",49,33377,1,196
2022-02-11,"AW","Aruba","Americas",29,33406,0,196
2022-02-12,"AW","Aruba","Americas",30,33436,0,196
2022-02-13,"AW","Aruba","Americas",0,33436,0,196
2022-02-14,"AW","Aruba","Americas",0,33436,0,196
2022-02-15,"AW","Aruba","Americas",64,33500,2,198
2022-02-16,"AW","Aruba","Americas",13,33513,0,198
2022-02-17,"AW","Aruba","Americas",18,33531,0,198
2022-02-18,"AW","Aruba","Americas",13,33544,0,198
2022-02-19,"AW","Aruba","Americas",24,33568,0,198
2022-02-20,"AW","Aruba","Americas",0,33568,0,198
2022-02-21,"AW","Aruba","Americas",0,33568,0,198
2022-02-22,"AW","Aruba","Americas",38,33606,0,198
2022-02-23,"AW","Aruba","Americas",12,33618,13,211
2022-02-24,"AW","Aruba","Americas",13,33631,0,211
2022-02-25,"AW","Aruba","Americas",12,33643,0,211
2022-02-26,"AW","Aruba","Americas",12,33655,0,211
2022-02-27,"AW","Aruba","Americas",0,33655,0,211
2022-02-28,"AW","Aruba","Americas",0,33655,0,211
2022-03-01,"AW","Aruba","Americas",29,33684,0,211
2022-03-02,"AW","Aruba","Americas",0,33684,0,211
2022-03-03,"AW","Aruba","Americas",0,33684,0,211
2022-03-04,"AW","Aruba","Americas",0,33684,0,211
2022-03-05,"AW","Aruba","Americas",0,33684,0,211
2022-03-06,"AW","Aruba","Americas",0,33684,0,211
2021-12-06,"AU","Australia","Western Pacific",1268,217822,8,2050
2021-12-07,"AU","Australia","Western Pacific",1282,219104,6,2056
2021-12-08,"AU","Australia","Western Pacific",1428,220532,9,2065
2021-12-09,"AU","Australia","Western Pacific",1711,222243,7,2072
2021-12-10,"AU","Australia","Western Pacific",1669,223912,10,2082
2021-12-11,"AU","Australia","Western Pacific",1702,225614,2,2084
2021-12-12,"AU","Australia","Western Pacific",1745,227359,16,2100
2021-12-13,"AU","Australia","Western Pacific",1539,228898,4,2104
2021-12-14,"AU","Australia","Western Pacific",1838,230736,2,2106
2021-12-15,"AU","Australia","Western Pacific",2007,232743,7,2113
2021-12-16,"AU","Australia","Western Pacific",2803,235546,4,2117
2021-12-17,"AU","Australia","Western Pacific",3423,238969,9,2126
2021-12-18,"AU","Australia","Western Pacific",3714,242683,8,2134
2021-12-19,"AU","Australia","Western Pacific",4091,246774,8,2142
2021-12-20,"AU","Australia","Western Pacific",3921,250695,4,2146
2021-12-21,"AU","Australia","Western Pacific",3937,254632,0,2146
2021-12-22,"AU","Australia","Western Pacific",4546,259178,8,2154
2021-12-23,"AU","Australia","Western Pacific",5680,264858,8,2162
2021-12-24,"AU","Australia","Western Pacific",8684,273542,11,2173
2021-12-25,"AU","Australia","Western Pacific",8835,282377,9,2182
2021-12-26,"AU","Australia","Western Pacific",9957,292334,0,2182
2021-12-27,"AU","Australia","Western Pacific",9570,301904,8,2190
2021-12-28,"AU","Australia","Western Pacific",10118,312022,7,2197
2021-12-29,"AU","Australia","Western Pacific",11173,323195,5,2202
2021-12-30,"AU","Australia","Western Pacific",18141,341336,8,2210
2021-12-31,"AU","Australia","Western Pacific",21222,362558,16,2226
2022-01-01,"AU","Australia","Western Pacific",32827,395385,13,2239
2022-01-02,"AU","Australia","Western Pacific",35189,430574,14,2253
2022-01-03,"AU","Australia","Western Pacific",32145,462719,6,2259
2022-01-04,"AU","Australia","Western Pacific",37118,499837,7,2266
2022-01-05,"AU","Australia","Western Pacific",47502,547339,5,2271
2022-01-06,"AU","Australia","Western Pacific",64531,611870,18,2289
2022-01-07,"AU","Australia","Western Pacific",72021,683891,12,2301
2022-01-08,"AU","Australia","Western Pacific",77701,761592,18,2319
2022-01-09,"AU","Australia","Western Pacific",89061,850653,26,2345
2022-01-10,"AU","Australia","Western Pacific",73340,923993,22,2367
2022-01-11,"AU","Australia","Western Pacific",51475,975468,22,2389
2022-01-12,"AU","Australia","Western Pacific",68387,1043855,27,2416
2022-01-13,"AU","Australia","Western Pacific",83053,1126908,49,2465
2022-01-14,"AU","Australia","Western Pacific",69509,1196417,57,2522
2022-01-15,"AU","Australia","Western Pacific",65731,1262148,0,2522
2022-01-16,"AU","Australia","Western Pacific",61069,1323217,111,2633
2022-01-17,"AU","Australia","Western Pacific",55232,1378449,35,2668
2022-01-18,"AU","Australia","Western Pacific",44267,1422716,26,2694
2022-01-19,"AU","Australia","Western Pacific",35054,1457770,61,2755
2022-01-20,"AU","Australia","Western Pacific",47753,1505523,86,2841
2022-01-21,"AU","Australia","Western Pacific",44447,1549970,55,2896
2022-01-22,"AU","Australia","Western Pacific",41096,1591066,93,2989
2022-01-23,"AU","Australia","Western Pacific",34759,1625825,74,3063
2022-01-24,"AU","Australia","Western Pacific",32623,1658448,40,3103
2022-01-25,"AU","Australia","Western Pacific",23609,1682057,51,3154
2022-01-26,"AU","Australia","Western Pacific",25379,1707436,71,3225
2022-01-27,"AU","Australia","Western Pacific",75059,1782495,105,3330
2022-01-28,"AU","Australia","Western Pacific",34102,1816597,72,3402
2022-01-29,"AU","Australia","Western Pacific",35292,1851889,133,3535
2022-01-30,"AU","Australia","Western Pacific",29896,1881785,93,3628
2022-01-31,"AU","Australia","Western Pacific",270386,2152171,88,3716
2022-02-01,"AU","Australia","Western Pacific",30219,2182390,42,3758
2022-02-02,"AU","Australia","Western Pacific",35510,2217900,77,3835
2022-02-03,"AU","Australia","Western Pacific",36093,2253993,69,3904
2022-02-04,"AU","Australia","Western Pacific",32817,2286810,85,3989
2022-02-05,"AU","Australia","Western Pacific",28771,2315581,84,4073
2022-02-06,"AU","Australia","Western Pacific",25413,2340994,83,4156
2022-02-07,"AU","Australia","Western Pacific",20858,2361852,45,4201
2022-02-08,"AU","Australia","Western Pacific",19193,2381045,46,4247
2022-02-09,"AU","Australia","Western Pacific",24547,2405592,56,4303
2022-02-10,"AU","Australia","Western Pacific",27686,2433278,63,4366
2022-02-11,"AU","Australia","Western Pacific",25880,2459158,65,4431
2022-02-12,"AU","Australia","Western Pacific",24031,2483189,48,4479
2022-02-13,"AU","Australia","Western Pacific",19884,2503073,67,4546
2022-02-14,"AU","Australia","Western Pacific",21111,2524184,47,4593
2022-02-15,"AU","Australia","Western Pacific",35056,2559240,0,4593
2022-02-16,"AU","Australia","Western Pacific",21155,2580395,76,4669
2022-02-17,"AU","Australia","Western Pacific",25794,2606189,63,4732
2022-02-18,"AU","Australia","Western Pacific",24532,2630721,66,4798
2022-02-19,"AU","Australia","Western Pacific",22872,2653593,37,4835
2022-02-20,"AU","Australia","Western Pacific",19716,2673309,45,4880
2022-02-21,"AU","Australia","Western Pacific",14834,2688143,33,4913
2022-02-22,"AU","Australia","Western Pacific",13175,2701318,16,4929
2022-02-23,"AU","Australia","Western Pacific",21219,2722537,36,4965
2022-02-24,"AU","Australia","Western Pacific",23843,2746380,61,5026
2022-02-25,"AU","Australia","Western Pacific",25802,2772182,60,5086
2022-02-26,"AU","Australia","Western Pacific",18267,2790449,11,5097
2022-02-27,"AU","Australia","Western Pacific",20057,2810506,35,5132
2022-02-28,"AU","Australia","Western Pacific",16218,2826724,27,5159
2022-03-01,"AU","Australia","Western Pacific",15093,2841817,12,5171
2022-03-02,"AU","Australia","Western Pacific",21387,2863204,41,5212
2022-03-03,"AU","Australia","Western Pacific",25513,2888717,60,5272
2022-03-04,"AU","Australia","Western Pacific",29007,2917724,45,5317
2022-03-05,"AU","Australia","Western Pacific",25338,2943062,38,5355
2022-03-06,"AU","Australia","Western Pacific",23902,2966964,48,5403
2021-12-06,"AT","Austria","Europe",5315,1194558,51,12626
2021-12-07,"AT","Austria","Europe",4269,1198827,42,12668
2021-12-08,"AT","Austria","Europe",4430,1203257,44,12712
2021-12-09,"AT","Austria","Europe",6084,1209341,52,12764
2021-12-10,"AT","Austria","Europe",4318,1213659,51,12815
2021-12-11,"AT","Austria","Europe",3128,1216787,44,12859
2021-12-12,"AT","Austria","Europe",4827,1221614,43,12902
2021-12-13,"AT","Austria","Europe",3270,1224884,32,12934
2021-12-14,"AT","Austria","Europe",3265,1228149,34,12968
2021-12-15,"AT","Austria","Europe",2940,1231089,39,13007
2021-12-16,"AT","Austria","Europe",4132,1235221,40,13047
2021-12-17,"AT","Austria","Europe",2934,1238155,27,13074
2021-12-18,"AT","Austria","Europe",2699,1240854,26,13100
2021-12-19,"AT","Austria","Europe",2352,1243206,25,13125
2021-12-20,"AT","Austria","Europe",1990,1245196,23,13148
2021-12-21,"AT","Austria","Europe",1891,1247087,28,13176
2021-12-22,"AT","Austria","Europe",1947,1249034,18,13194
2021-12-23,"AT","Austria","Europe",2818,1251852,19,13213
2021-12-24,"AT","Austria","Europe",2164,1254016,14,13227
2021-12-25,"AT","Austria","Europe",2264,1256280,16,13243
2021-12-26,"AT","Austria","Europe",2117,1258397,9,13252
2021-12-27,"AT","Austria","Europe",1635,1260032,13,13265
2021-12-28,"AT","Austria","Europe",1736,1261768,15,13280
2021-12-29,"AT","Austria","Europe",2606,1264374,18,13298
2021-12-30,"AT","Austria","Europe",3345,1267719,16,13314
2021-12-31,"AT","Austria","Europe",3175,1270894,14,13328
2022-01-01,"AT","Austria","Europe",3808,1274702,23,13351
2022-01-02,"AT","Austria","Europe",3698,1278400,11,13362
2022-01-03,"AT","Austria","Europe",2999,1281399,8,13370
2022-01-04,"AT","Austria","Europe",3490,1284889,9,13379
2022-01-05,"AT","Austria","Europe",5984,1290873,15,13394
2022-01-06,"AT","Austria","Europe",10090,1300963,10,13404
2022-01-07,"AT","Austria","Europe",8779,1309742,8,13412
2022-01-08,"AT","Austria","Europe",8905,1318647,6,13418
2022-01-09,"AT","Austria","Europe",7061,1325708,8,13426
2022-01-10,"AT","Austria","Europe",10695,1336403,7,13433
2022-01-11,"AT","Austria","Europe",10936,1347339,11,13444
2022-01-12,"AT","Austria","Europe",12666,1360005,11,13455
2022-01-13,"AT","Austria","Europe",16547,1376552,8,13463
2022-01-14,"AT","Austria","Europe",16875,1393427,8,13471
2022-01-15,"AT","Austria","Europe",16989,1410416,4,13475
2022-01-16,"AT","Austria","Europe",17137,1427553,11,13486
2022-01-17,"AT","Austria","Europe",14987,1442540,8,13494
2022-01-18,"AT","Austria","Europe",16221,1458761,9,13503
2022-01-19,"AT","Austria","Europe",18393,1477154,3,13506
2022-01-20,"AT","Austria","Europe",28235,1505389,5,13511
2022-01-21,"AT","Austria","Europe",25219,1530608,10,13521
2022-01-22,"AT","Austria","Europe",29791,1560399,4,13525
2022-01-23,"AT","Austria","Europe",26780,1587179,13,13538
2022-01-24,"AT","Austria","Europe",23495,1610674,8,13546
2022-01-25,"AT","Austria","Europe",25344,1636018,14,13560
2022-01-26,"AT","Austria","Europe",26809,1662827,10,13570
2022-01-27,"AT","Austria","Europe",38396,1701223,8,13578
2022-01-28,"AT","Austria","Europe",36043,1737266,9,13587
2022-01-29,"AT","Austria","Europe",38173,1775439,9,13596
2022-01-30,"AT","Austria","Europe",33501,1808940,13,13609
2022-01-31,"AT","Austria","Europe",28933,1837873,4,13613
2022-02-01,"AT","Austria","Europe",24818,1862691,4,13617
2022-02-02,"AT","Austria","Europe",25391,1888082,25,13642
2022-02-03,"AT","Austria","Europe",42712,1930794,9,13651
2022-02-04,"AT","Austria","Europe",38169,1968963,20,13671
2022-02-05,"AT","Austria","Europe",37172,2006135,23,13694
2022-02-06,"AT","Austria","Europe",34186,2040321,18,13712
2022-02-07,"AT","Austria","Europe",29175,2069496,7,13719
2022-02-08,"AT","Austria","Europe",28112,2097608,14,13733
2022-02-09,"AT","Austria","Europe",26884,2124492,14,13747
2022-02-10,"AT","Austria","Europe",39647,2164139,26,13773
2022-02-11,"AT","Austria","Europe",36525,2200664,18,13791
2022-02-12,"AT","Austria","Europe",30260,2230924,23,13814
2022-02-13,"AT","Austria","Europe",31707,2262631,19,13833
2022-02-14,"AT","Austria","Europe",26113,2288744,12,13845
2022-02-15,"AT","Austria","Europe",24345,2313089,22,13867
2022-02-16,"AT","Austria","Europe",24200,2337289,35,13902
2022-02-17,"AT","Austria","Europe",40329,2377618,31,13933
2022-02-18,"AT","Austria","Europe",29789,2407407,23,13956
2022-02-19,"AT","Austria","Europe",30849,2438256,20,13976
2022-02-20,"AT","Austria","Europe",25714,2463970,16,13992
2022-02-21,"AT","Austria","Europe",21090,2485060,13,14005
2022-02-22,"AT","Austria","Europe",25011,2510071,32,14037
2022-02-23,"AT","Austria","Europe",22270,2532341,28,14065
2022-02-24,"AT","Austria","Europe",34883,2567224,31,14096
2022-02-25,"AT","Austria","Europe",29495,2596719,26,14122
2022-02-26,"AT","Austria","Europe",30004,2626723,28,14150
2022-02-27,"AT","Austria","Europe",27223,2653946,18,14168
2022-02-28,"AT","Austria","Europe",23806,2677752,17,14185
2022-03-01,"AT","Austria","Europe",20751,2698503,28,14213
2022-03-02,"AT","Austria","Europe",25183,2723686,45,14258
2022-03-03,"AT","Austria","Europe",42124,2765810,29,14287
2022-03-04,"AT","Austria","Europe",32758,2798568,50,14337
2022-03-05,"AT","Austria","Europe",33200,2831768,31,14368
2022-03-06,"AT","Austria","Europe",32785,2864553,22,14390
2021-12-06,"AZ","Azerbaijan","Europe",1394,596388,20,7967
2021-12-07,"AZ","Azerbaijan","Europe",585,596973,16,7983
2021-12-08,"AZ","Azerbaijan","Europe",1530,598503,21,8004
2021-12-09,"AZ","Azerbaijan","Europe",1210,599713,15,8019
2021-12-10,"AZ","Azerbaijan","Europe",1315,601028,19,8038
2021-12-11,"AZ","Azerbaijan","Europe",1109,602137,17,8055
2021-12-12,"AZ","Azerbaijan","Europe",1226,603363,15,8070
2021-12-13,"AZ","Azerbaijan","Europe",1117,604480,18,8088
2021-12-14,"AZ","Azerbaijan","Europe",518,604998,16,8104
2021-12-15,"AZ","Azerbaijan","Europe",922,605920,19,8123
2021-12-16,"AZ","Azerbaijan","Europe",1156,607076,14,8137
2021-12-17,"AZ","Azerbaijan","Europe",984,608060,12,8149
2021-12-18,"AZ","Azerbaijan","Europe",755,608815,18,8167
2021-12-19,"AZ","Azerbaijan","Europe",582,609397,15,8182
2021-12-20,"AZ","Azerbaijan","Europe",921,610318,17,8199
2021-12-21,"AZ","Azerbaijan","Europe",577,610895,9,8208
2021-12-22,"AZ","Azerbaijan","Europe",662,611557,14,8222
2021-12-23,"AZ","Azerbaijan","Europe",648,612205,16,8238
2021-12-24,"AZ","Azerbaijan","Europe",854,613059,19,8257
2021-12-25,"AZ","Azerbaijan","Europe",559,613618,12,8269
2021-12-26,"AZ","Azerbaijan","Europe",501,614119,15,8284
2021-12-27,"AZ","Azerbaijan","Europe",511,614630,13,8297
2021-12-28,"AZ","Azerbaijan","Europe",306,614936,11,8308
2021-12-29,"AZ","Azerbaijan","Europe",376,615312,16,8324
2021-12-30,"AZ","Azerbaijan","Europe",530,615842,8,8332
2021-12-31,"AZ","Azerbaijan","Europe",510,616352,14,8346
2022-01-01,"AZ","Azerbaijan","Europe",595,616947,12,8358
2022-01-02,"AZ","Azerbaijan","Europe",364,617311,7,8365
2022-01-03,"AZ","Azerbaijan","Europe",368,617679,10,8375
2022-01-04,"AZ","Azerbaijan","Europe",273,617952,8,8383
2022-01-05,"AZ","Azerbaijan","Europe",413,618365,15,8398
2022-01-06,"AZ","Azerbaijan","Europe",553,618918,11,8409
2022-01-07,"AZ","Azerbaijan","Europe",584,619502,13,8422
2022-01-08,"AZ","Azerbaijan","Europe",547,620049,9,8431
2022-01-09,"AZ","Azerbaijan","Europe",630,620679,6,8437
2022-01-10,"AZ","Azerbaijan","Europe",555,621234,8,8445
2022-01-11,"AZ","Azerbaijan","Europe",329,621563,12,8457
2022-01-12,"AZ","Azerbaijan","Europe",673,622236,14,8471
2022-01-13,"AZ","Azerbaijan","Europe",645,622881,9,8480
2022-01-14,"AZ","Azerbaijan","Europe",674,623555,10,8490
2022-01-15,"AZ","Azerbaijan","Europe",653,624208,7,8497
2022-01-16,"AZ","Azerbaijan","Europe",710,624918,13,8510
2022-01-17,"AZ","Azerbaijan","Europe",808,625726,11,8521
2022-01-18,"AZ","Azerbaijan","Europe",359,626085,8,8529
2022-01-19,"AZ","Azerbaijan","Europe",930,627015,12,8541
2022-01-20,"AZ","Azerbaijan","Europe",1151,628166,9,8550
2022-01-21,"AZ","Azerbaijan","Europe",1186,629352,14,8564
2022-01-22,"AZ","Azerbaijan","Europe",1068,630420,17,8581
2022-01-23,"AZ","Azerbaijan","Europe",1614,632034,16,8597
2022-01-24,"AZ","Azerbaijan","Europe",1697,633731,13,8610
2022-01-25,"AZ","Azerbaijan","Europe",757,634488,9,8619
2022-01-26,"AZ","Azerbaijan","Europe",2468,636956,13,8632
2022-01-27,"AZ","Azerbaijan","Europe",3192,640148,18,8650
2022-01-28,"AZ","Azerbaijan","Europe",3361,643509,14,8664
2022-01-29,"AZ","Azerbaijan","Europe",3564,647073,19,8683
2022-01-30,"AZ","Azerbaijan","Europe",4268,651341,17,8700
2022-01-31,"AZ","Azerbaijan","Europe",4943,656284,20,8720
2022-02-01,"AZ","Azerbaijan","Europe",2186,658470,14,8734
2022-02-02,"AZ","Azerbaijan","Europe",5223,663693,21,8755
2022-02-03,"AZ","Azerbaijan","Europe",6620,670313,24,8779
2022-02-04,"AZ","Azerbaijan","Europe",6113,676426,18,8797
2022-02-05,"AZ","Azerbaijan","Europe",7050,683476,26,8823
2022-02-06,"AZ","Azerbaijan","Europe",7704,691180,23,8846
2022-02-07,"AZ","Azerbaijan","Europe",7474,698654,25,8871
2022-02-08,"AZ","Azerbaijan","Europe",4680,703334,27,8898
2022-02-09,"AZ","Azerbaijan","Europe",7032,710366,22,8920
2022-02-10,"AZ","Azerbaijan","Europe",7779,718145,28,8948
2022-02-11,"AZ","Azerbaijan","Europe",7632,725777,24,8972
2022-02-12,"AZ","Azerbaijan","Europe",6603,732380,26,8998
2022-02-13,"AZ","Azerbaijan","Europe",5948,738328,29,9027
2022-02-14,"AZ","Azerbaijan","Europe",6841,745169,23,9050
2022-02-15,"AZ","Azerbaijan","Europe",2749,747918,27,9077
2022-02-16,"AZ","Azerbaijan","Europe",4687,752605,28,9105
2022-02-17,"AZ","Azerbaijan","Europe",7148,759753,22,9127
2022-02-18,"AZ","Azerbaijan","Europe",4449,764202,30,9157
2022-02-19,"AZ","Azerbaijan","Europe",3817,768019,25,9182
2022-02-20,"AZ","Azerbaijan","Europe",3690,771709,29,9211
2022-02-21,"AZ","Azerbaijan","Europe",2685,774394,24,9235
2022-02-22,"AZ","Azerbaijan","Europe",1038,775432,26,9261
2022-02-23,"AZ","Azerbaijan","Europe",2372,777804,19,9280
2022-02-24,"AZ","Azerbaijan","Europe",1979,779783,27,9307
2022-02-25,"AZ","Azerbaijan","Europe",1755,781538,23,9330
2022-02-26,"AZ","Azerbaijan","Europe",1210,782748,28,9358
2022-02-27,"AZ","Azerbaijan","Europe",1512,784260,20,9378
2022-02-28,"AZ","Azerbaijan","Europe",1041,785301,22,9400
2022-03-01,"AZ","Azerbaijan","Europe",369,785670,17,9417
2022-03-02,"AZ","Azerbaijan","Europe",832,786502,21,9438
2022-03-03,"AZ","Azerbaijan","Europe",865,787367,16,9454
2022-03-04,"AZ","Azerbaijan","Europe",570,787937,19,9473
2022-03-05,"AZ","Azerbaijan","Europe",588,788525,15,9488
2022-03-06,"AZ","Azerbaijan","Europe",433,788958,12,9500
2021-12-06,"BS","Bahamas","Americas",9,22836,4,705
2021-12-07,"BS","Bahamas","Americas",3,22839,0,705
2021-12-08,"BS","Bahamas","Americas",7,22846,0,705
2021-12-09,"BS","Bahamas","Americas",13,22859,0,705
2021-12-10,"BS","Bahamas","Americas",4,22863,3,708
2021-12-11,"BS","Bahamas","Americas",18,22881,0,708
2021-12-12,"BS","Bahamas","Americas",15,22896,0,708
2021-12-13,"BS","Bahamas","Americas",11,22907,0,708
2021-12-14,"BS","Bahamas","Americas",19,22926,0,708
2021-12-15,"BS","Bahamas","Americas",24,22950,0,708
2021-12-16,"BS","Bahamas","Americas",21,22971,5,713
2021-12-17,"BS","Bahamas","Americas",0,22971,0,713
2021-12-18,"BS","Bahamas","Americas",24,22995,0,713
2021-12-19,"BS","Bahamas","Americas",0,22995,0,713
2021-12-20,"BS","Bahamas","Americas",0,22995,0,713
2021-12-21,"BS","Bahamas","Americas",140,23135,0,713
2021-12-22,"BS","Bahamas","Americas",26,23161,0,713
2021-12-23,"BS","Bahamas","Americas",79,23240,0,713
2021-12-24,"BS","Bahamas","Americas",140,23380,0,713
2021-12-25,"BS","Bahamas","Americas",159,23539,0,713
2021-12-26,"BS","Bahamas","Americas",91,23630,0,713
2021-12-27,"BS","Bahamas","Americas",330,23960,0,713
2021-12-28,"BS","Bahamas","Americas",85,24045,0,713
2021-12-29,"BS","Bahamas","Americas",159,24204,0,713
2021-12-30,"BS","Bahamas","Americas",0,24204,0,713
2021-12-31,"BS","Bahamas","Americas",65,24269,3,716
2022-01-01,"BS","Bahamas","Americas",207,24476,1,717
2022-01-02,"BS","Bahamas","Americas",0,24476,0,717
2022-01-03,"BS","Bahamas","Americas",809,25285,0,717
2022-01-04,"BS","Bahamas","Americas",726,26011,0,717
2022-01-05,"BS","Bahamas","Americas",0,26011,0,717
2022-01-06,"BS","Bahamas","Americas",690,26701,0,717
2022-01-07,"BS","Bahamas","Americas",421,27122,0,717
2022-01-08,"BS","Bahamas","Americas",0,27122,0,717
2022-01-09,"BS","Bahamas","Americas",0,27122,0,717
2022-01-10,"BS","Bahamas","Americas",1497,28619,0,717
2022-01-11,"BS","Bahamas","Americas",870,29489,2,719
2022-01-12,"BS","Bahamas","Americas",0,29489,0,719
2022-01-13,"BS","Bahamas","Americas",0,29489,0,719
2022-01-14,"BS","Bahamas","Americas",419,29908,0,719
2022-01-15,"BS","Bahamas","Americas",0,29908,0,719
2022-01-16,"BS","Bahamas","Americas",346,30254,0,719
2022-01-17,"BS","Bahamas","Americas",0,30254,0,719
2022-01-18,"BS","Bahamas","Americas",1122,31376,0,719
2022-01-19,"BS","Bahamas","Americas",0,31376,0,719
2022-01-20,"BS","Bahamas","Americas",173,31549,0,719
2022-01-21,"BS","Bahamas","Americas",144,31693,7,726
2022-01-22,"BS","Bahamas","Americas",222,31915,0,726
2022-01-23,"BS","Bahamas","Americas",0,31915,0,726
2022-01-24,"BS","Bahamas","Americas",0,31915,0,726
2022-01-25,"BS","Bahamas","Americas",222,32137,3,729
2022-01-26,"BS","Bahamas","Americas",101,32238,2,731
2022-01-27,"BS","Bahamas","Americas",44,32282,0,731
2022-01-28,"BS","Bahamas","Americas",94,32376,4,735
2022-01-29,"BS","Bahamas","Americas",43,32419,4,739
2022-01-30,"BS","Bahamas","Americas",67,32486,6,745
2022-01-31,"BS","Bahamas","Americas",26,32512,1,746
2022-02-01,"BS","Bahamas","Americas",0,32512,0,746
2022-02-02,"BS","Bahamas","Americas",50,32562,0,746
2022-02-03,"BS","Bahamas","Americas",83,32645,2,748
2022-02-04,"BS","Bahamas","Americas",0,32645,0,748
2022-02-05,"BS","Bahamas","Americas",35,32680,0,748
2022-02-06,"BS","Bahamas","Americas",0,32680,0,748
2022-02-07,"BS","Bahamas","Americas",122,32802,5,753
2022-02-08,"BS","Bahamas","Americas",0,32802,0,753
2022-02-09,"BS","Bahamas","Americas",0,32802,0,753
2022-02-10,"BS","Bahamas","Americas",0,32802,0,753
2022-02-11,"BS","Bahamas","Americas",69,32871,3,756
2022-02-12,"BS","Bahamas","Americas",32,32903,1,757
2022-02-13,"BS","Bahamas","Americas",22,32925,0,757
2022-02-14,"BS","Bahamas","Americas",6,32931,9,766
2022-02-15,"BS","Bahamas","Americas",19,32950,0,766
2022-02-16,"BS","Bahamas","Americas",22,32972,0,766
2022-02-17,"BS","Bahamas","Americas",33,33005,2,768
2022-02-18,"BS","Bahamas","Americas",13,33018,0,768
2022-02-19,"BS","Bahamas","Americas",6,33024,0,768
2022-02-20,"BS","Bahamas","Americas",17,33041,2,770
2022-02-21,"BS","Bahamas","Americas",11,33052,0,770
2022-02-22,"BS","Bahamas","Americas",16,33068,0,770
2022-02-23,"BS","Bahamas","Americas",13,33081,0,770
2022-02-24,"BS","Bahamas","Americas",10,33091,1,771
2022-02-25,"BS","Bahamas","Americas",14,33105,0,771
2022-02-26,"BS","Bahamas","Americas",3,33108,0,771
2022-02-27,"BS","Bahamas","Americas",13,33121,0,771
2022-02-28,"BS","Bahamas","Americas",8,33129,0,771
2022-03-01,"BS","Bahamas","Americas",6,33135,0,771
2022-03-02,"BS","Bahamas","Americas",11,33146,0,771
2022-03-03,"BS","Bahamas","Americas",4,33150,0,771
2022-03-04,"BS","Bahamas","Americas",2,33152,0,771
2022-03-05,"BS","Bahamas","Americas",17,33169,0,771
2022-03-06,"BS","Bahamas","Americas",2,33171,0,771
2021-12-06,"BH","Bahrain","Eastern Mediterranean",28,277831,0,1394
2021-12-07,"BH","Bahrain","Eastern Mediterranean",25,277856,0,1394
2021-12-08,"BH","Bahrain","Eastern Mediterranean",38,277894,0,1394
2021-12-09,"BH","Bahrain","Eastern Mediterranean",41,277935,0,1394
2021-12-10,"BH","Bahrain","Eastern Mediterranean",29,277964,0,1394
2021-12-11,"BH","Bahrain","Eastern Mediterranean",33,277997,0,1394
2021-12-12,"BH","Bahrain","Eastern Mediterranean",40,278037,0,1394
2021-12-13,"BH","Bahrain","Eastern Mediterranean",28,278065,0,1394
2021-12-14,"BH","Bahrain","Eastern Mediterranean",44,278109,0,1394
2021-12-15,"BH","Bahrain","Eastern Mediterranean",40,278149,0,1394
2021-12-16,"BH","Bahrain","Eastern Mediterranean",53,278202,0,1394
2021-12-17,"BH","Bahrain","Eastern Mediterranean",55,278257,0,1394
2021-12-18,"BH","Bahrain","Eastern Mediterranean",52,278309,0,1394
2021-12-19,"BH","Bahrain","Eastern Mediterranean",101,278410,0,1394
2021-12-20,"BH","Bahrain","Eastern Mediterranean",89,278499,0,1394
2021-12-21,"BH","Bahrain","Eastern Mediterranean",101,278600,0,1394
2021-12-22,"BH","Bahrain","Eastern Mediterranean",114,278714,0,1394
2021-12-23,"BH","Bahrain","Eastern Mediterranean",161,278875,0,1394
2021-12-24,"BH","Bahrain","Eastern Mediterranean",181,279056,0,1394
2021-12-25,"BH","Bahrain","Eastern Mediterranean",221,279277,0,1394
2021-12-26,"BH","Bahrain","Eastern Mediterranean",241,279518,0,1394
2021-12-27,"BH","Bahrain","Eastern Mediterranean",287,279805,0,1394
2021-12-28,"BH","Bahrain","Eastern Mediterranean",304,280109,0,1394
2021-12-29,"BH","Bahrain","Eastern Mediterranean",366,280475,0,1394
2021-12-30,"BH","Bahrain","Eastern Mediterranean",401,280876,0,1394
2021-12-31,"BH","Bahrain","Eastern Mediterranean",530,281406,0,1394
2022-01-01,"BH","Bahrain","Eastern Mediterranean",656,282062,0,1394
2022-01-02,"BH","Bahrain","Eastern Mediterranean",615,282677,0,1394
2022-01-03,"BH","Bahrain","Eastern Mediterranean",667,283344,1,1395
2022-01-04,"BH","Bahrain","Eastern Mediterranean",880,284224,0,1395
2022-01-05,"BH","Bahrain","Eastern Mediterranean",1224,285448,0,1395
2022-01-06,"BH","Bahrain","Eastern Mediterranean",1072,286520,0,1395
2022-01-07,"BH","Bahrain","Eastern Mediterranean",1419,287939,0,1395
2022-01-08,"BH","Bahrain","Eastern Mediterranean",1515,289454,2,1397
2022-01-09,"BH","Bahrain","Eastern Mediterranean",1424,290878,0,1397
2022-01-10,"BH","Bahrain","Eastern Mediterranean",1694,292572,0,1397
2022-01-11,"BH","Bahrain","Eastern Mediterranean",1894,294466,0,1397
2022-01-12,"BH","Bahrain","Eastern Mediterranean",1787,296253,0,1397
2022-01-13,"BH","Bahrain","Eastern Mediterranean",2289,298542,0,1397
2022-01-14,"BH","Bahrain","Eastern Mediterranean",2089,300631,0,1397
2022-01-15,"BH","Bahrain","Eastern Mediterranean",2241,302872,0,1397
2022-01-16,"BH","Bahrain","Eastern Mediterranean",2542,305414,1,1398
2022-01-17,"BH","Bahrain","Eastern Mediterranean",2594,308008,0,1398
2022-01-18,"BH","Bahrain","Eastern Mediterranean",2898,310906,0,1398
2022-01-19,"BH","Bahrain","Eastern Mediterranean",3020,313926,0,1398
2022-01-20,"BH","Bahrain","Eastern Mediterranean",3459,317385,0,1398
2022-01-21,"BH","Bahrain","Eastern Mediterranean",3303,320688,0,1398
2022-01-22,"BH","Bahrain","Eastern Mediterranean",3616,324304,0,1398
2022-01-23,"BH","Bahrain","Eastern Mediterranean",3162,327466,1,1399
2022-01-24,"BH","Bahrain","Eastern Mediterranean",3155,330621,0,1399
2022-01-25,"BH","Bahrain","Eastern Mediterranean",3543,334164,0,1399
2022-01-26,"BH","Bahrain","Eastern Mediterranean",4360,338524,0,1399
2022-01-27,"BH","Bahrain","Eastern Mediterranean",4876,343400,1,1400
2022-01-28,"BH","Bahrain","Eastern Mediterranean",5255,348655,2,1402
2022-01-29,"BH","Bahrain","Eastern Mediterranean",6659,355314,1,1403
2022-01-30,"BH","Bahrain","Eastern Mediterranean",6708,362022,1,1404
2022-01-31,"BH","Bahrain","Eastern Mediterranean",6745,368767,3,1407
2022-02-01,"BH","Bahrain","Eastern Mediterranean",5808,374575,1,1408
2022-02-02,"BH","Bahrain","Eastern Mediterranean",8173,382748,0,1408
2022-02-03,"BH","Bahrain","Eastern Mediterranean",7853,390601,1,1409
2022-02-04,"BH","Bahrain","Eastern Mediterranean",8064,398665,1,1410
2022-02-05,"BH","Bahrain","Eastern Mediterranean",7273,405938,0,1410
2022-02-06,"BH","Bahrain","Eastern Mediterranean",7434,413372,1,1411
2022-02-07,"BH","Bahrain","Eastern Mediterranean",7709,421081,0,1411
2022-02-08,"BH","Bahrain","Eastern Mediterranean",7042,428123,3,1414
2022-02-09,"BH","Bahrain","Eastern Mediterranean",7121,435244,2,1416
2022-02-10,"BH","Bahrain","Eastern Mediterranean",6581,441825,2,1418
2022-02-11,"BH","Bahrain","Eastern Mediterranean",6341,448166,1,1419
2022-02-12,"BH","Bahrain","Eastern Mediterranean",5750,453916,2,1421
2022-02-13,"BH","Bahrain","Eastern Mediterranean",4623,458539,4,1425
2022-02-14,"BH","Bahrain","Eastern Mediterranean",5266,463805,2,1427
2022-02-15,"BH","Bahrain","Eastern Mediterranean",4818,468623,0,1427
2022-02-16,"BH","Bahrain","Eastern Mediterranean",4839,473462,2,1429
2022-02-17,"BH","Bahrain","Eastern Mediterranean",4288,477750,3,1432
2022-02-18,"BH","Bahrain","Eastern Mediterranean",3762,481512,1,1433
2022-02-19,"BH","Bahrain","Eastern Mediterranean",3651,485163,2,1435
2022-02-20,"BH","Bahrain","Eastern Mediterranean",3260,488423,2,1437
2022-02-21,"BH","Bahrain","Eastern Mediterranean",3904,492327,0,1437
2022-02-22,"BH","Bahrain","Eastern Mediterranean",2885,495212,1,1438
2022-02-23,"BH","Bahrain","Eastern Mediterranean",3425,498637,4,1442
2022-02-24,"BH","Bahrain","Eastern Mediterranean",3006,501643,2,1444
2022-02-25,"BH","Bahrain","Eastern Mediterranean",2732,504375,3,1447
2022-02-26,"BH","Bahrain","Eastern Mediterranean",2599,506974,1,1448
2022-02-27,"BH","Bahrain","Eastern Mediterranean",2416,509390,2,1450
2022-02-28,"BH","Bahrain","Eastern Mediterranean",2916,512306,3,1453
2022-03-01,"BH","Bahrain","Eastern Mediterranean",2577,514883,1,1454
2022-03-02,"BH","Bahrain","Eastern Mediterranean",2752,517635,1,1455
2022-03-03,"BH","Bahrain","Eastern Mediterranean",1949,519584,0,1455
2022-03-04,"BH","Bahrain","Eastern Mediterranean",2029,521613,1,1456
2022-03-05,"BH","Bahrain","Eastern Mediterranean",2041,523654,2,1458
2022-03-06,"BH","Bahrain","Eastern Mediterranean",1517,525171,0,1458
2021-12-06,"BD","Bangladesh","South-East Asia",277,1577720,4,28005
2021-12-07,"BD","Bangladesh","South-East Asia",291,1578011,5,28010
2021-12-08,"BD","Bangladesh","South-East Asia",277,1578288,6,28016
2021-12-09,"BD","Bangladesh","South-East Asia",262,1578550,0,28016
2021-12-10,"BD","Bangladesh","South-East Asia",269,1578819,1,28017
2021-12-11,"BD","Bangladesh","South-East Asia",177,1578996,5,28022
2021-12-12,"BD","Bangladesh","South-East Asia",329,1579325,6,28028
2021-12-13,"BD","Bangladesh","South-East Asia",385,1579710,3,28031
2021-12-14,"BD","Bangladesh","South-East Asia",295,1580005,3,28034
2021-12-15,"BD","Bangladesh","South-East Asia",297,1580302,4,28038
2021-12-16,"BD","Bangladesh","South-East Asia",257,1580559,3,28041
2021-12-17,"BD","Bangladesh","South-East Asia",191,1580750,2,28043
2021-12-18,"BD","Bangladesh","South-East Asia",122,1580872,4,28047
2021-12-19,"BD","Bangladesh","South-East Asia",211,1581083,1,28048
2021-12-20,"BD","Bangladesh","South-East Asia",260,1581343,2,28050
2021-12-21,"BD","Bangladesh","South-East Asia",291,1581634,1,28051
2021-12-22,"BD","Bangladesh","South-East Asia",352,1581986,1,28052
2021-12-23,"BD","Bangladesh","South-East Asia",382,1582368,2,28054
2021-12-24,"BD","Bangladesh","South-East Asia",342,1582710,1,28055
2021-12-25,"BD","Bangladesh","South-East Asia",275,1582985,1,28056
2021-12-26,"BD","Bangladesh","South-East Asia",268,1583253,4,28060
2021-12-27,"BD","Bangladesh","South-East Asia",373,1583626,1,28061
2021-12-28,"BD","Bangladesh","South-East Asia",397,1584023,1,28062
2021-12-29,"BD","Bangladesh","South-East Asia",495,1584518,1,28063
2021-12-30,"BD","Bangladesh","South-East Asia",509,1585027,7,28070
2021-12-31,"BD","Bangladesh","South-East Asia",512,1585539,2,28072
2022-01-01,"BD","Bangladesh","South-East Asia",370,1585909,4,28076
2022-01-02,"BD","Bangladesh","South-East Asia",557,1586466,1,28077
2022-01-03,"BD","Bangladesh","South-East Asia",674,1587140,4,28081
2022-01-04,"BD","Bangladesh","South-East Asia",775,1587915,6,28087
2022-01-05,"BD","Bangladesh","South-East Asia",892,1588807,3,28090
2022-01-06,"BD","Bangladesh","South-East Asia",1140,1589947,7,28097
2022-01-07,"BD","Bangladesh","South-East Asia",1146,1591093,1,28098
2022-01-08,"BD","Bangladesh","South-East Asia",1116,1592209,1,28099
2022-01-09,"BD","Bangladesh","South-East Asia",1491,1593700,3,28102
2022-01-10,"BD","Bangladesh","South-East Asia",2231,1595931,3,28105
2022-01-11,"BD","Bangladesh","South-East Asia",2458,1598389,2,28107
2022-01-12,"BD","Bangladesh","South-East Asia",2916,1601305,4,28111
2022-01-13,"BD","Bangladesh","South-East Asia",3359,1604664,12,28123
2022-01-14,"BD","Bangladesh","South-East Asia",4378,1609042,6,28129
2022-01-15,"BD","Bangladesh","South-East Asia",3447,1612489,7,28136
2022-01-16,"BD","Bangladesh","South-East Asia",5222,1617711,8,28144
2022-01-17,"BD","Bangladesh","South-East Asia",6676,1624387,10,28154
2022-01-18,"BD","Bangladesh","South-East Asia",8407,1632794,10,28164
2022-01-19,"BD","Bangladesh","South-East Asia",9500,1642294,12,28176
2022-01-20,"BD","Bangladesh","South-East Asia",10888,1653182,4,28180
2022-01-21,"BD","Bangladesh","South-East Asia",11434,1664616,12,28192
2022-01-22,"BD","Bangladesh","South-East Asia",9614,1674230,17,28209
2022-01-23,"BD","Bangladesh","South-East Asia",10906,1685136,14,28223
2022-01-24,"BD","Bangladesh","South-East Asia",14828,1699964,15,28238
2022-01-25,"BD","Bangladesh","South-East Asia",16033,1715997,18,28256
2022-01-26,"BD","Bangladesh","South-East Asia",15527,1731524,17,28273
2022-01-27,"BD","Bangladesh","South-East Asia",15807,1747331,15,28288
2022-01-28,"BD","Bangladesh","South-East Asia",15440,1762771,20,28308
2022-01-29,"BD","Bangladesh","South-East Asia",10378,1773149,21,28329
2022-01-30,"BD","Bangladesh","South-East Asia",12183,1785332,34,28363
2022-01-31,"BD","Bangladesh","South-East Asia",13501,1798833,31,28394
2022-02-01,"BD","Bangladesh","South-East Asia",13154,1811987,31,28425
2022-02-02,"BD","Bangladesh","South-East Asia",12193,1824180,36,28461
2022-02-03,"BD","Bangladesh","South-East Asia",11596,1835776,33,28494
2022-02-04,"BD","Bangladesh","South-East Asia",9052,1844828,30,28524
2022-02-05,"BD","Bangladesh","South-East Asia",8359,1853187,36,28560
2022-02-06,"BD","Bangladesh","South-East Asia",8345,1861532,29,28589
2022-02-07,"BD","Bangladesh","South-East Asia",9369,1870901,38,28627
2022-02-08,"BD","Bangladesh","South-East Asia",8354,1879255,43,28670
2022-02-09,"BD","Bangladesh","South-East Asia",8016,1887271,33,28703
2022-02-10,"BD","Bangladesh","South-East Asia",7264,1894535,41,28744
2022-02-11,"BD","Bangladesh","South-East Asia",5268,1899803,27,28771
2022-02-12,"BD","Bangladesh","South-East Asia",5023,1904826,20,28791
2022-02-13,"BD","Bangladesh","South-East Asia",4838,1909664,28,28819
2022-02-14,"BD","Bangladesh","South-East Asia",4692,1914356,19,28838
2022-02-15,"BD","Bangladesh","South-East Asia",4746,1919102,34,28872
2022-02-16,"BD","Bangladesh","South-East Asia",3929,1923031,15,28887
2022-02-17,"BD","Bangladesh","South-East Asia",3539,1926570,20,28907
2022-02-18,"BD","Bangladesh","South-East Asia",2584,1929154,24,28931
2022-02-19,"BD","Bangladesh","South-East Asia",2150,1931304,13,28944
2022-02-20,"BD","Bangladesh","South-East Asia",1987,1933291,21,28965
2022-02-21,"BD","Bangladesh","South-East Asia",1951,1935242,9,28974
2022-02-22,"BD","Bangladesh","South-East Asia",1595,1936837,16,28990
2022-02-23,"BD","Bangladesh","South-East Asia",1298,1938135,5,28995
2022-02-24,"BD","Bangladesh","South-East Asia",1516,1939651,10,29005
2022-02-25,"BD","Bangladesh","South-East Asia",1406,1941057,11,29016
2022-02-26,"BD","Bangladesh","South-East Asia",759,1941816,8,29024
2022-02-27,"BD","Bangladesh","South-East Asia",864,1942680,9,29033
2022-02-28,"BD","Bangladesh","South-East Asia",897,1943577,4,29037
2022-03-01,"BD","Bangladesh","South-East Asia",799,1944376,8,29045
2022-03-02,"BD","Bangladesh","South-East Asia",732,1945108,8,29053
2022-03-03,"BD","Bangladesh","South-East Asia",657,1945765,5,29058
2022-03-04,"BD","Bangladesh","South-East Asia",604,1946369,6,29064
2022-03-05,"BD","Bangladesh","South-East Asia",368,1946737,13,29077
2022-03-06,"BD","Bangladesh","South-East Asia",529,1947266,8,29085
2021-12-06,"BB","Barbados","Americas",0,25964,0,234
2021-12-07,"BB","Barbados","Americas",130,26094,3,237
2021-12-08,"BB","Barbados","Americas",106,26200,3,240
2021-12-09,"BB","Barbados","Americas",106,26306,0,240
2021-12-10,"BB","Barbados","Americas",127,26433,4,244
2021-12-11,"BB","Barbados","Americas",132,26565,2,246
2021-12-12,"BB","Barbados","Americas",175,26740,5,251
2021-12-13,"BB","Barbados","Americas",74,26814,1,252
2021-12-14,"BB","Barbados","Americas",0,26814,0,252
2021-12-15,"BB","Barbados","Americas",50,26864,1,253
2021-12-16,"BB","Barbados","Americas",85,26949,0,253
2021-12-17,"BB","Barbados","Americas",78,27027,1,254
2021-12-18,"BB","Barbados","Americas",44,27071,1,255
2021-12-19,"BB","Barbados","Americas",98,27169,1,256
2021-12-20,"BB","Barbados","Americas",0,27169,0,256
2021-12-21,"BB","Barbados","Americas",49,27218,0,256
2021-12-22,"BB","Barbados","Americas",24,27242,0,256
2021-12-23,"BB","Barbados","Americas",66,27308,0,256
2021-12-24,"BB","Barbados","Americas",178,27486,3,259
2021-12-25,"BB","Barbados","Americas",96,27582,1,260
2021-12-26,"BB","Barbados","Americas",0,27582,0,260
2021-12-27,"BB","Barbados","Americas",91,27673,0,260
2021-12-28,"BB","Barbados","Americas",51,27724,0,260
2021-12-29,"BB","Barbados","Americas",112,27836,0,260
2021-12-30,"BB","Barbados","Americas",227,28063,0,260
2021-12-31,"BB","Barbados","Americas",247,28310,0,260
2022-01-01,"BB","Barbados","Americas",255,28565,0,260
2022-01-02,"BB","Barbados","Americas",245,28810,2,262
2022-01-03,"BB","Barbados","Americas",150,28960,0,262
2022-01-04,"BB","Barbados","Americas",200,29160,0,262
2022-01-05,"BB","Barbados","Americas",538,29698,0,262
2022-01-06,"BB","Barbados","Americas",479,30177,1,263
2022-01-07,"BB","Barbados","Americas",420,30597,1,264
2022-01-08,"BB","Barbados","Americas",0,30597,0,264
2022-01-09,"BB","Barbados","Americas",407,31004,1,265
2022-01-10,"BB","Barbados","Americas",495,31499,1,266
2022-01-11,"BB","Barbados","Americas",342,31841,0,266
2022-01-12,"BB","Barbados","Americas",387,32228,0,266
2022-01-13,"BB","Barbados","Americas",1083,33311,2,268
2022-01-14,"BB","Barbados","Americas",0,33311,0,268
2022-01-15,"BB","Barbados","Americas",1114,34425,1,269
2022-01-16,"BB","Barbados","Americas",266,34691,0,269
2022-01-17,"BB","Barbados","Americas",270,34961,0,269
2022-01-18,"BB","Barbados","Americas",773,35734,0,269
2022-01-19,"BB","Barbados","Americas",652,36386,2,271
2022-01-20,"BB","Barbados","Americas",0,36386,0,271
2022-01-21,"BB","Barbados","Americas",1236,37622,2,273
2022-01-22,"BB","Barbados","Americas",549,38171,1,274
2022-01-23,"BB","Barbados","Americas",415,38586,0,274
2022-01-24,"BB","Barbados","Americas",0,38586,0,274
2022-01-25,"BB","Barbados","Americas",626,39212,1,275
2022-01-26,"BB","Barbados","Americas",497,39709,1,276
2022-01-27,"BB","Barbados","Americas",1646,41355,0,276
2022-01-28,"BB","Barbados","Americas",0,41355,1,277
2022-01-29,"BB","Barbados","Americas",767,42122,0,277
2022-01-30,"BB","Barbados","Americas",729,42851,0,277
2022-01-31,"BB","Barbados","Americas",630,43481,1,278
2022-02-01,"BB","Barbados","Americas",512,43993,1,279
2022-02-02,"BB","Barbados","Americas",437,44430,1,280
2022-02-03,"BB","Barbados","Americas",786,45216,1,281
2022-02-04,"BB","Barbados","Americas",681,45897,1,282
2022-02-05,"BB","Barbados","Americas",609,46506,1,283
2022-02-06,"BB","Barbados","Americas",618,47124,3,286
2022-02-07,"BB","Barbados","Americas",653,47777,0,286
2022-02-08,"BB","Barbados","Americas",462,48239,0,286
2022-02-09,"BB","Barbados","Americas",419,48658,0,286
2022-02-10,"BB","Barbados","Americas",714,49372,2,288
2022-02-11,"BB","Barbados","Americas",586,49958,1,289
2022-02-12,"BB","Barbados","Americas",519,50477,2,291
2022-02-13,"BB","Barbados","Americas",403,50880,0,291
2022-02-14,"BB","Barbados","Americas",431,51311,4,295
2022-02-15,"BB","Barbados","Americas",313,51624,4,299
2022-02-16,"BB","Barbados","Americas",271,51895,0,299
2022-02-17,"BB","Barbados","Americas",415,52310,3,302
2022-02-18,"BB","Barbados","Americas",327,52637,3,305
2022-02-19,"BB","Barbados","Americas",272,52909,2,307
2022-02-20,"BB","Barbados","Americas",599,53508,1,308
2022-02-21,"BB","Barbados","Americas",190,53698,2,310
2022-02-22,"BB","Barbados","Americas",0,53698,0,310
2022-02-23,"BB","Barbados","Americas",186,53884,1,311
2022-02-24,"BB","Barbados","Americas",460,54344,0,311
2022-02-25,"BB","Barbados","Americas",192,54536,1,312
2022-02-26,"BB","Barbados","Americas",195,54731,0,312
2022-02-27,"BB","Barbados","Americas",171,54902,1,313
2022-02-28,"BB","Barbados","Americas",129,55031,2,315
2022-03-01,"BB","Barbados","Americas",134,55165,1,316
2022-03-02,"BB","Barbados","Americas",0,55165,0,316
2022-03-03,"BB","Barbados","Americas",220,55385,0,316
2022-03-04,"BB","Barbados","Americas",158,55543,0,316
2022-03-05,"BB","Barbados","Americas",162,55705,0,316
2022-03-06,"BB","Barbados","Americas",158,55863,0,316
2021-12-06,"BY","Belarus","Europe",1757,663813,15,5162
2021-12-07,"BY","Belarus","Europe",1312,665125,14,5176
2021-12-08,"BY","Belarus","Europe",1012,666137,17,5193
2021-12-09,"BY","Belarus","Europe",1756,667893,17,5210
2021-12-10,"BY","Belarus","Europe",1738,669631,17,5227
2021-12-11,"BY","Belarus","Europe",1801,671432,18,5245
2021-12-12,"BY","Belarus","Europe",1837,673269,16,5261
2021-12-13,"BY","Belarus","Europe",1454,674723,15,5276
2021-12-14,"BY","Belarus","Europe",1011,675734,10,5286
2021-12-15,"BY","Belarus","Europe",778,676512,19,5305
2021-12-16,"BY","Belarus","Europe",1765,678277,17,5322
2021-12-17,"BY","Belarus","Europe",1596,679873,16,5338
2021-12-18,"BY","Belarus","Europe",1644,681517,17,5355
2021-12-19,"BY","Belarus","Europe",1655,683172,16,5371
2021-12-20,"BY","Belarus","Europe",1456,684628,14,5385
2021-12-21,"BY","Belarus","Europe",834,685462,14,5399
2021-12-22,"BY","Belarus","Europe",832,686294,16,5415
2021-12-23,"BY","Belarus","Europe",1654,687948,17,5432
2021-12-24,"BY","Belarus","Europe",1203,689151,17,5449
2021-12-25,"BY","Belarus","Europe",1921,691072,17,5466
2021-12-26,"BY","Belarus","Europe",1529,692601,18,5484
2021-12-27,"BY","Belarus","Europe",983,693584,15,5499
2021-12-28,"BY","Belarus","Europe",642,694226,13,5512
2021-12-29,"BY","Belarus","Europe",501,694727,16,5528
2021-12-30,"BY","Belarus","Europe",1493,696220,15,5543
2021-12-31,"BY","Belarus","Europe",1380,697600,18,5561
2022-01-01,"BY","Belarus","Europe",1510,699110,17,5578
2022-01-02,"BY","Belarus","Europe",1311,700421,16,5594
2022-01-03,"BY","Belarus","Europe",771,701192,15,5609
2022-01-04,"BY","Belarus","Europe",507,701699,15,5624
2022-01-05,"BY","Belarus","Europe",675,702374,14,5638
2022-01-06,"BY","Belarus","Europe",1133,703507,15,5653
2022-01-07,"BY","Belarus","Europe",1400,704907,16,5669
2022-01-08,"BY","Belarus","Europe",1623,706530,16,5685
2022-01-09,"BY","Belarus","Europe",1184,707714,14,5699
2022-01-10,"BY","Belarus","Europe",577,708291,13,5712
2022-01-11,"BY","Belarus","Europe",640,708931,12,5724
2022-01-12,"BY","Belarus","Europe",691,709622,15,5739
2022-01-13,"BY","Belarus","Europe",1010,710632,18,5757
2022-01-14,"BY","Belarus","Europe",1096,711728,17,5774
2022-01-15,"BY","Belarus","Europe",1274,713002,18,5792
2022-01-16,"BY","Belarus","Europe",1293,714295,16,5808
2022-01-17,"BY","Belarus","Europe",1348,715643,16,5824
2022-01-18,"BY","Belarus","Europe",1391,717034,12,5836
2022-01-19,"BY","Belarus","Europe",1064,718098,14,5850
2022-01-20,"BY","Belarus","Europe",1387,719485,16,5866
2022-01-21,"BY","Belarus","Europe",1618,721103,16,5882
2022-01-22,"BY","Belarus","Europe",1836,722939,17,5899
2022-01-23,"BY","Belarus","Europe",1964,724903,17,5916
2022-01-24,"BY","Belarus","Europe",1957,726860,17,5933
2022-01-25,"BY","Belarus","Europe",1944,728804,16,5949
2022-01-26,"BY","Belarus","Europe",1403,730207,10,5959
2022-01-27,"BY","Belarus","Europe",1897,732104,17,5976
2022-01-28,"BY","Belarus","Europe",1974,734078,16,5992
2022-01-29,"BY","Belarus","Europe",2221,736299,17,6009
2022-01-30,"BY","Belarus","Europe",2302,738601,15,6024
2022-01-31,"BY","Belarus","Europe",2387,740988,15,6039
2022-02-01,"BY","Belarus","Europe",1965,742953,13,6052
2022-02-02,"BY","Belarus","Europe",1918,744871,15,6067
2022-02-03,"BY","Belarus","Europe",3634,748505,17,6084
2022-02-04,"BY","Belarus","Europe",4990,753495,15,6099
2022-02-05,"BY","Belarus","Europe",7350,760845,17,6116
2022-02-06,"BY","Belarus","Europe",8231,769076,16,6132
2022-02-07,"BY","Belarus","Europe",8315,777391,15,6147
2022-02-08,"BY","Belarus","Europe",5869,783260,12,6159
2022-02-09,"BY","Belarus","Europe",5674,788934,16,6175
2022-02-10,"BY","Belarus","Europe",8254,797188,15,6190
2022-02-11,"BY","Belarus","Europe",8463,805651,14,6204
2022-02-12,"BY","Belarus","Europe",8611,814262,17,6221
2022-02-13,"BY","Belarus","Europe",8783,823045,16,6237
2022-02-14,"BY","Belarus","Europe",8921,831966,16,6253
2022-02-15,"BY","Belarus","Europe",6605,838571,12,6265
2022-02-16,"BY","Belarus","Europe",5146,843717,13,6278
2022-02-17,"BY","Belarus","Europe",7919,851636,17,6295
2022-02-18,"BY","Belarus","Europe",8248,859884,18,6313
2022-02-19,"BY","Belarus","Europe",8194,868078,16,6329
2022-02-20,"BY","Belarus","Europe",7856,875934,19,6348
2022-02-21,"BY","Belarus","Europe",7283,883217,13,6361
2022-02-22,"BY","Belarus","Europe",4365,887582,14,6375
2022-02-23,"BY","Belarus","Europe",2507,890089,17,6392
2022-02-24,"BY","Belarus","Europe",6230,896319,15,6407
2022-02-25,"BY","Belarus","Europe",5996,902315,14,6421
2022-02-26,"BY","Belarus","Europe",5663,907978,17,6438
2022-02-27,"BY","Belarus","Europe",5355,913333,16,6454
2022-02-28,"BY","Belarus","Europe",4135,917468,16,6470
2022-03-01,"BY","Belarus","Europe",2268,919736,10,6480
2022-03-02,"BY","Belarus","Europe",1527,921263,13,6493
2022-03-03,"BY","Belarus","Europe",2169,923432,13,6506
2022-03-04,"BY","Belarus","Europe",2083,925515,15,6521
2022-03-05,"BY","Belarus","Europe",1949,927464,14,6535
2022-03-06,"BY","Belarus","Europe",1876,929340,15,6550
2021-12-06,"BE","Belgium","Europe",5977,1864727,57,27480
2021-12-07,"BE","Belgium","Europe",20738,1885465,39,27519
2021-12-08,"BE","Belgium","Europe",15682,1901147,49,27568
2021-12-09,"BE","Belgium","Europe",15081,1916228,55,27623
2021-12-10,"BE","Belgium","Europe",13437,1929665,35,27658
2021-12-11,"BE","Belgium","Europe",13103,1942768,48,27706
2021-12-12,"BE","Belgium","Europe",7112,1949880,45,27751
2021-12-13,"BE","Belgium","Europe",3908,1953788,44,27795
2021-12-14,"BE","Belgium","Europe",13885,1967673,43,27838
2021-12-15,"BE","Belgium","Europe",10582,1978255,37,27875
2021-12-16,"BE","Belgium","Europe",9283,1987538,41,27916
2021-12-17,"BE","Belgium","Europe",8110,1995648,37,27953
2021-12-18,"BE","Belgium","Europe",7746,2003394,26,27979
2021-12-19,"BE","Belgium","Europe",4753,2008147,36,28015
2021-12-20,"BE","Belgium","Europe",2850,2010997,38,28053
2021-12-21,"BE","Belgium","Europe",9114,2020111,36,28089
2021-12-22,"BE","Belgium","Europe",7373,2027484,36,28125
2021-12-23,"BE","Belgium","Europe",7389,2034873,37,28162
2021-12-24,"BE","Belgium","Europe",7524,2042397,36,28198
2021-12-25,"BE","Belgium","Europe",6519,2048916,35,28233
2021-12-26,"BE","Belgium","Europe",2818,2051734,20,28253
2021-12-27,"BE","Belgium","Europe",4566,2056300,22,28275
2021-12-28,"BE","Belgium","Europe",13298,2069598,28,28303
2021-12-29,"BE","Belgium","Europe",12819,2082417,21,28324
2021-12-30,"BE","Belgium","Europe",15046,2097463,34,28358
2021-12-31,"BE","Belgium","Europe",16061,2113524,29,28387
2022-01-01,"BE","Belgium","Europe",12291,2125815,16,28403
2022-01-02,"BE","Belgium","Europe",4070,2129885,22,28425
2022-01-03,"BE","Belgium","Europe",9086,2138971,15,28440
2022-01-04,"BE","Belgium","Europe",27584,2166555,25,28465
2022-01-05,"BE","Belgium","Europe",28126,2194681,17,28482
2022-01-06,"BE","Belgium","Europe",26048,2220729,14,28496
2022-01-07,"BE","Belgium","Europe",23639,2244368,19,28515
2022-01-08,"BE","Belgium","Europe",23802,2268170,19,28534
2022-01-09,"BE","Belgium","Europe",15346,2283516,17,28551
2022-01-10,"BE","Belgium","Europe",11225,2294741,23,28574
2022-01-11,"BE","Belgium","Europe",37756,2332497,25,28599
2022-01-12,"BE","Belgium","Europe",31700,2364197,24,28623
2022-01-13,"BE","Belgium","Europe",31149,2395346,23,28646
2022-01-14,"BE","Belgium","Europe",30111,2425457,21,28667
2022-01-15,"BE","Belgium","Europe",31847,2457304,17,28684
2022-01-16,"BE","Belgium","Europe",21177,2478481,14,28698
2022-01-17,"BE","Belgium","Europe",14992,2493473,20,28718
2022-01-18,"BE","Belgium","Europe",62719,2556192,32,28750
2022-01-19,"BE","Belgium","Europe",60716,2616908,28,28778
2022-01-20,"BE","Belgium","Europe",60897,2677805,38,28816
2022-01-21,"BE","Belgium","Europe",57275,2735080,17,28833
2022-01-22,"BE","Belgium","Europe",56443,2791523,23,28856
2022-01-23,"BE","Belgium","Europe",32788,2824311,26,28882
2022-01-24,"BE","Belgium","Europe",20747,2845058,17,28899
2022-01-25,"BE","Belgium","Europe",75962,2921020,26,28925
2022-01-26,"BE","Belgium","Europe",62503,2983523,37,28962
2022-01-27,"BE","Belgium","Europe",54760,3038283,32,28994
2022-01-28,"BE","Belgium","Europe",47513,3085796,29,29023
2022-01-29,"BE","Belgium","Europe",41425,3127221,45,29068
2022-01-30,"BE","Belgium","Europe",23222,3150443,27,29095
2022-01-31,"BE","Belgium","Europe",13206,3163649,37,29132
2022-02-01,"BE","Belgium","Europe",50022,3213671,29,29161
2022-02-02,"BE","Belgium","Europe",36734,3250405,40,29201
2022-02-03,"BE","Belgium","Europe",30848,3281253,49,29250
2022-02-04,"BE","Belgium","Europe",25869,3307122,46,29296
2022-02-05,"BE","Belgium","Europe",22391,3329513,61,29357
2022-02-06,"BE","Belgium","Europe",12474,3341987,36,29393
2022-02-07,"BE","Belgium","Europe",7288,3349275,40,29433
2022-02-08,"BE","Belgium","Europe",27422,3376697,36,29469
2022-02-09,"BE","Belgium","Europe",19402,3396099,47,29516
2022-02-10,"BE","Belgium","Europe",16780,3412879,55,29571
2022-02-11,"BE","Belgium","Europe",14200,3427079,67,29638
2022-02-12,"BE","Belgium","Europe",12178,3439257,46,29684
2022-02-13,"BE","Belgium","Europe",6746,3446003,39,29723
2022-02-14,"BE","Belgium","Europe",4847,3450850,38,29761
2022-02-15,"BE","Belgium","Europe",16488,3467338,52,29813
2022-02-16,"BE","Belgium","Europe",11530,3478868,42,29855
2022-02-17,"BE","Belgium","Europe",10612,3489480,33,29888
2022-02-18,"BE","Belgium","Europe",9278,3498758,42,29930
2022-02-19,"BE","Belgium","Europe",7718,3506476,47,29977
2022-02-20,"BE","Belgium","Europe",4498,3510974,24,30001
2022-02-21,"BE","Belgium","Europe",2933,3513907,31,30032
2022-02-22,"BE","Belgium","Europe",10944,3524851,22,30054
2022-02-23,"BE","Belgium","Europe",7985,3532836,29,30083
2022-02-24,"BE","Belgium","Europe",7615,3540451,19,30102
2022-02-25,"BE","Belgium","Europe",6668,3547119,21,30123
2022-02-26,"BE","Belgium","Europe",5823,3552942,28,30151
2022-02-27,"BE","Belgium","Europe",3370,3556312,20,30171
2022-02-28,"BE","Belgium","Europe",2344,3558656,24,30195
2022-03-01,"BE","Belgium","Europe",8311,3566967,16,30211
2022-03-02,"BE","Belgium","Europe",6882,3573849,19,30230
2022-03-03,"BE","Belgium","Europe",7565,3581414,21,30251
2022-03-04,"BE","Belgium","Europe",7154,3588568,15,30266
2022-03-05,"BE","Belgium","Europe",6917,3595485,21,30287
2022-03-06,"BE","Belgium","Europe",4166,3599651,18,30305
2021-12-06,"BZ","Belize","Americas",0,30680,0,579
2021-12-07,"BZ","Belize","Americas",0,30680,0,579
2021-12-08,"BZ","Belize","Americas",144,30824,3,582
2021-12-09,"BZ","Belize","Americas",64,30888,0,582
2021-12-10,"BZ","Belize","Americas",42,30930,3,585
2021-12-11,"BZ","Belize","Americas",61,30991,1,586
2021-12-12,"BZ","Belize","Americas",42,31033,0,586
2021-12-13,"BZ","Belize","Americas",0,31033,0,586
2021-12-14,"BZ","Belize","Americas",0,31033,0,586
2021-12-15,"BZ","Belize","Americas",72,31105,0,586
2021-12-16,"BZ","Belize","Americas",47,31152,0,586
2021-12-17,"BZ","Belize","Americas",35,31187,0,586
2021-12-18,"BZ","Belize","Americas",30,31217,3,589
2021-12-19,"BZ","Belize","Americas",29,31246,0,589
2021-12-20,"BZ","Belize","Americas",0,31246,0,589
2021-12-21,"BZ","Belize","Americas",0,31246,0,589
2021-12-22,"BZ","Belize","Americas",48,31294,2,591
2021-12-23,"BZ","Belize","Americas",28,31322,0,591
2021-12-24,"BZ","Belize","Americas",65,31387,0,591
2021-12-25,"BZ","Belize","Americas",57,31444,1,592
2021-12-26,"BZ","Belize","Americas",59,31503,0,592
2021-12-27,"BZ","Belize","Americas",0,31503,0,592
2021-12-28,"BZ","Belize","Americas",0,31503,0,592
2021-12-29,"BZ","Belize","Americas",0,31503,0,592
2021-12-30,"BZ","Belize","Americas",231,31734,5,597
2021-12-31,"BZ","Belize","Americas",333,32067,0,597
2022-01-01,"BZ","Belize","Americas",421,32488,1,598
2022-01-02,"BZ","Belize","Americas",352,32840,4,602
2022-01-03,"BZ","Belize","Americas",0,32840,0,602
2022-01-04,"BZ","Belize","Americas",0,32840,0,602
2022-01-05,"BZ","Belize","Americas",617,33457,3,605
2022-01-06,"BZ","Belize","Americas",630,34087,0,605
2022-01-07,"BZ","Belize","Americas",541,34628,0,605
2022-01-08,"BZ","Belize","Americas",578,35206,0,605
2022-01-09,"BZ","Belize","Americas",596,35802,0,605
2022-01-10,"BZ","Belize","Americas",0,35802,0,605
2022-01-11,"BZ","Belize","Americas",0,35802,0,605
2022-01-12,"BZ","Belize","Americas",1181,36983,2,607
2022-01-13,"BZ","Belize","Americas",1089,38072,0,607
2022-01-14,"BZ","Belize","Americas",878,38950,0,607
2022-01-15,"BZ","Belize","Americas",940,39890,0,607
2022-01-16,"BZ","Belize","Americas",722,40612,1,608
2022-01-17,"BZ","Belize","Americas",0,40612,0,608
2022-01-18,"BZ","Belize","Americas",0,40612,0,608
2022-01-19,"BZ","Belize","Americas",1255,41867,3,611
2022-01-20,"BZ","Belize","Americas",1248,43115,0,611
2022-01-21,"BZ","Belize","Americas",1030,44145,0,611
2022-01-22,"BZ","Belize","Americas",814,44959,1,612
2022-01-23,"BZ","Belize","Americas",794,45753,4,616
2022-01-24,"BZ","Belize","Americas",0,45753,0,616
2022-01-25,"BZ","Belize","Americas",0,45753,0,616
2022-01-26,"BZ","Belize","Americas",1394,47147,6,622
2022-01-27,"BZ","Belize","Americas",1116,48263,0,622
2022-01-28,"BZ","Belize","Americas",796,49059,2,624
2022-01-29,"BZ","Belize","Americas",735,49794,0,624
2022-01-30,"BZ","Belize","Americas",693,50487,1,625
2022-01-31,"BZ","Belize","Americas",0,50487,0,625
2022-02-01,"BZ","Belize","Americas",0,50487,0,625
2022-02-02,"BZ","Belize","Americas",798,51285,4,629
2022-02-03,"BZ","Belize","Americas",719,52004,0,629
2022-02-04,"BZ","Belize","Americas",771,52775,0,629
2022-02-05,"BZ","Belize","Americas",423,53198,0,629
2022-02-06,"BZ","Belize","Americas",346,53544,0,629
2022-02-07,"BZ","Belize","Americas",0,53544,0,629
2022-02-08,"BZ","Belize","Americas",0,53544,0,629
2022-02-09,"BZ","Belize","Americas",635,54179,1,630
2022-02-10,"BZ","Belize","Americas",337,54516,1,631
2022-02-11,"BZ","Belize","Americas",242,54758,0,631
2022-02-12,"BZ","Belize","Americas",215,54973,0,631
2022-02-13,"BZ","Belize","Americas",210,55183,0,631
2022-02-14,"BZ","Belize","Americas",0,55183,0,631
2022-02-15,"BZ","Belize","Americas",0,55183,0,631
2022-02-16,"BZ","Belize","Americas",335,55518,1,632
2022-02-17,"BZ","Belize","Americas",135,55653,0,632
2022-02-18,"BZ","Belize","Americas",150,55803,1,633
2022-02-19,"BZ","Belize","Americas",172,55975,0,633
2022-02-20,"BZ","Belize","Americas",104,56079,8,641
2022-02-21,"BZ","Belize","Americas",0,56079,0,641
2022-02-22,"BZ","Belize","Americas",0,56079,0,641
2022-02-23,"BZ","Belize","Americas",177,56256,4,645
2022-02-24,"BZ","Belize","Americas",118,56374,2,647
2022-02-25,"BZ","Belize","Americas",76,56450,1,648
2022-02-26,"BZ","Belize","Americas",75,56525,0,648
2022-02-27,"BZ","Belize","Americas",72,56597,2,650
2022-02-28,"BZ","Belize","Americas",0,56597,0,650
2022-03-01,"BZ","Belize","Americas",0,56597,0,650
2022-03-02,"BZ","Belize","Americas",97,56694,0,650
2022-03-03,"BZ","Belize","Americas",79,56773,0,650
2022-03-04,"BZ","Belize","Americas",43,56816,0,650
2022-03-05,"BZ","Belize","Americas",26,56842,1,651
2022-03-06,"BZ","Belize","Americas",34,56876,0,651
2021-12-06,"BJ","Benin","Africa",0,24863,0,161
2021-12-07,"BJ","Benin","Africa",0,24863,0,161
2021-12-08,"BJ","Benin","Africa",0,24863,0,161
2021-12-09,"BJ","Benin","Africa",34,24897,0,161
2021-12-10,"BJ","Benin","Africa",0,24897,0,161
2021-12-11,"BJ","Benin","Africa",0,24897,0,161
2021-12-12,"BJ","Benin","Africa",0,24897,0,161
2021-12-13,"BJ","Benin","Africa",0,24897,0,161
2021-12-14,"BJ","Benin","Africa",0,24897,0,161
2021-12-15,"BJ","Benin","Africa",10,24907,0,161
2021-12-16,"BJ","Benin","Africa",0,24907,0,161
2021-12-17,"BJ","Benin","Africa",0,24907,0,161
2021-12-18,"BJ","Benin","Africa",0,24907,0,161
2021-12-19,"BJ","Benin","Africa",0,24907,0,161
2021-12-20,"BJ","Benin","Africa",0,24907,0,161
2021-12-21,"BJ","Benin","Africa",0,24907,0,161
2021-12-22,"BJ","Benin","Africa",28,24935,0,161
2021-12-23,"BJ","Benin","Africa",0,24935,0,161
2021-12-24,"BJ","Benin","Africa",0,24935,0,161
2021-12-25,"BJ","Benin","Africa",0,24935,0,161
2021-12-26,"BJ","Benin","Africa",0,24935,0,161
2021-12-27,"BJ","Benin","Africa",0,24935,0,161
2021-12-28,"BJ","Benin","Africa",0,24935,0,161
2021-12-29,"BJ","Benin","Africa",0,24935,0,161
2021-12-30,"BJ","Benin","Africa",0,24935,0,161
2021-12-31,"BJ","Benin","Africa",0,24935,0,161
2022-01-01,"BJ","Benin","Africa",0,24935,0,161
2022-01-02,"BJ","Benin","Africa",0,24935,0,161
2022-01-03,"BJ","Benin","Africa",0,24935,0,161
2022-01-04,"BJ","Benin","Africa",587,25522,0,161
2022-01-05,"BJ","Benin","Africa",0,25522,0,161
2022-01-06,"BJ","Benin","Africa",0,25522,0,161
2022-01-07,"BJ","Benin","Africa",0,25522,0,161
2022-01-08,"BJ","Benin","Africa",0,25522,0,161
2022-01-09,"BJ","Benin","Africa",0,25522,0,161
2022-01-10,"BJ","Benin","Africa",0,25522,0,161
2022-01-11,"BJ","Benin","Africa",0,25522,0,161
2022-01-12,"BJ","Benin","Africa",514,26036,1,162
2022-01-13,"BJ","Benin","Africa",0,26036,0,162
2022-01-14,"BJ","Benin","Africa",0,26036,0,162
2022-01-15,"BJ","Benin","Africa",0,26036,0,162
2022-01-16,"BJ","Benin","Africa",0,26036,0,162
2022-01-17,"BJ","Benin","Africa",0,26036,0,162
2022-01-18,"BJ","Benin","Africa",0,26036,0,162
2022-01-19,"BJ","Benin","Africa",273,26309,1,163
2022-01-20,"BJ","Benin","Africa",0,26309,0,163
2022-01-21,"BJ","Benin","Africa",0,26309,0,163
2022-01-22,"BJ","Benin","Africa",0,26309,0,163
2022-01-23,"BJ","Benin","Africa",0,26309,0,163
2022-01-24,"BJ","Benin","Africa",0,26309,0,163
2022-01-25,"BJ","Benin","Africa",0,26309,0,163
2022-01-26,"BJ","Benin","Africa",141,26450,0,163
2022-01-27,"BJ","Benin","Africa",0,26450,0,163
2022-01-28,"BJ","Benin","Africa",0,26450,0,163
2022-01-29,"BJ","Benin","Africa",0,26450,0,163
2022-01-30,"BJ","Benin","Africa",0,26450,0,163
2022-01-31,"BJ","Benin","Africa",0,26450,0,163
2022-02-01,"BJ","Benin","Africa",0,26450,0,163
2022-02-02,"BJ","Benin","Africa",48,26498,0,163
2022-02-03,"BJ","Benin","Africa",0,26498,0,163
2022-02-04,"BJ","Benin","Africa",0,26498,0,163
2022-02-05,"BJ","Benin","Africa",0,26498,0,163
2022-02-06,"BJ","Benin","Africa",0,26498,0,163
2022-02-07,"BJ","Benin","Africa",0,26498,0,163
2022-02-08,"BJ","Benin","Africa",0,26498,0,163
2022-02-09,"BJ","Benin","Africa",0,26498,0,163
2022-02-10,"BJ","Benin","Africa",0,26498,0,163
2022-02-11,"BJ","Benin","Africa",54,26552,0,163
2022-02-12,"BJ","Benin","Africa",0,26552,0,163
2022-02-13,"BJ","Benin","Africa",0,26552,0,163
2022-02-14,"BJ","Benin","Africa",0,26552,0,163
2022-02-15,"BJ","Benin","Africa",0,26552,0,163
2022-02-16,"BJ","Benin","Africa",15,26567,0,163
2022-02-17,"BJ","Benin","Africa",0,26567,0,163
2022-02-18,"BJ","Benin","Africa",0,26567,0,163
2022-02-19,"BJ","Benin","Africa",0,26567,0,163
2022-02-20,"BJ","Benin","Africa",0,26567,0,163
2022-02-21,"BJ","Benin","Africa",0,26567,0,163
2022-02-22,"BJ","Benin","Africa",0,26567,0,163
2022-02-23,"BJ","Benin","Africa",0,26567,0,163
2022-02-24,"BJ","Benin","Africa",0,26567,0,163
2022-02-25,"BJ","Benin","Africa",0,26567,0,163
2022-02-26,"BJ","Benin","Africa",0,26567,0,163
2022-02-27,"BJ","Benin","Africa",0,26567,0,163
2022-02-28,"BJ","Benin","Africa",0,26567,0,163
2022-03-01,"BJ","Benin","Africa",8,26575,0,163
2022-03-02,"BJ","Benin","Africa",0,26575,0,163
2022-03-03,"BJ","Benin","Africa",0,26575,0,163
2022-03-04,"BJ","Benin","Africa",0,26575,0,163
2022-03-05,"BJ","Benin","Africa",0,26575,0,163
2022-03-06,"BJ","Benin","Africa",0,26575,0,163
2021-12-06,"BM","Bermuda","Americas",0,5753,0,106
2021-12-07,"BM","Bermuda","Americas",0,5753,0,106
2021-12-08,"BM","Bermuda","Americas",7,5760,0,106
2021-12-09,"BM","Bermuda","Americas",0,5760,0,106
2021-12-10,"BM","Bermuda","Americas",2,5762,0,106
2021-12-11,"BM","Bermuda","Americas",2,5764,0,106
2021-12-12,"BM","Bermuda","Americas",4,5768,0,106
2021-12-13,"BM","Bermuda","Americas",0,5768,0,106
2021-12-14,"BM","Bermuda","Americas",0,5768,0,106
2021-12-15,"BM","Bermuda","Americas",16,5784,0,106
2021-12-16,"BM","Bermuda","Americas",6,5790,0,106
2021-12-17,"BM","Bermuda","Americas",17,5807,0,106
2021-12-18,"BM","Bermuda","Americas",8,5815,0,106
2021-12-19,"BM","Bermuda","Americas",0,5815,0,106
2021-12-20,"BM","Bermuda","Americas",0,5815,0,106
2021-12-21,"BM","Bermuda","Americas",0,5815,0,106
2021-12-22,"BM","Bermuda","Americas",102,5917,0,106
2021-12-23,"BM","Bermuda","Americas",0,5917,0,106
2021-12-24,"BM","Bermuda","Americas",58,5975,0,106
2021-12-25,"BM","Bermuda","Americas",39,6014,0,106
2021-12-26,"BM","Bermuda","Americas",50,6064,0,106
2021-12-27,"BM","Bermuda","Americas",0,6064,0,106
2021-12-28,"BM","Bermuda","Americas",0,6064,0,106
2021-12-29,"BM","Bermuda","Americas",0,6064,0,106
2021-12-30,"BM","Bermuda","Americas",0,6064,0,106
2021-12-31,"BM","Bermuda","Americas",267,6331,0,106
2022-01-01,"BM","Bermuda","Americas",89,6420,4,110
2022-01-02,"BM","Bermuda","Americas",0,6420,0,110
2022-01-03,"BM","Bermuda","Americas",0,6420,0,110
2022-01-04,"BM","Bermuda","Americas",0,6420,0,110
2022-01-05,"BM","Bermuda","Americas",0,6420,0,110
2022-01-06,"BM","Bermuda","Americas",516,6936,0,110
2022-01-07,"BM","Bermuda","Americas",75,7011,0,110
2022-01-08,"BM","Bermuda","Americas",180,7191,0,110
2022-01-09,"BM","Bermuda","Americas",0,7191,0,110
2022-01-10,"BM","Bermuda","Americas",0,7191,0,110
2022-01-11,"BM","Bermuda","Americas",0,7191,0,110
2022-01-12,"BM","Bermuda","Americas",689,7880,0,110
2022-01-13,"BM","Bermuda","Americas",0,7880,0,110
2022-01-14,"BM","Bermuda","Americas",0,7880,0,110
2022-01-15,"BM","Bermuda","Americas",661,8541,0,110
2022-01-16,"BM","Bermuda","Americas",0,8541,0,110
2022-01-17,"BM","Bermuda","Americas",0,8541,0,110
2022-01-18,"BM","Bermuda","Americas",0,8541,0,110
2022-01-19,"BM","Bermuda","Americas",603,9144,0,110
2022-01-20,"BM","Bermuda","Americas",0,9144,0,110
2022-01-21,"BM","Bermuda","Americas",0,9144,0,110
2022-01-22,"BM","Bermuda","Americas",622,9766,2,112
2022-01-23,"BM","Bermuda","Americas",0,9766,0,112
2022-01-24,"BM","Bermuda","Americas",0,9766,0,112
2022-01-25,"BM","Bermuda","Americas",0,9766,0,112
2022-01-26,"BM","Bermuda","Americas",496,10262,2,114
2022-01-27,"BM","Bermuda","Americas",38,10300,0,114
2022-01-28,"BM","Bermuda","Americas",159,10459,1,115
2022-01-29,"BM","Bermuda","Americas",93,10552,1,116
2022-01-30,"BM","Bermuda","Americas",0,10552,0,116
2022-01-31,"BM","Bermuda","Americas",0,10552,0,116
2022-02-01,"BM","Bermuda","Americas",0,10552,0,116
2022-02-02,"BM","Bermuda","Americas",241,10793,1,117
2022-02-03,"BM","Bermuda","Americas",0,10793,0,117
2022-02-04,"BM","Bermuda","Americas",86,10879,0,117
2022-02-05,"BM","Bermuda","Americas",42,10921,1,118
2022-02-06,"BM","Bermuda","Americas",0,10921,0,118
2022-02-07,"BM","Bermuda","Americas",0,10921,0,118
2022-02-08,"BM","Bermuda","Americas",0,10921,0,118
2022-02-09,"BM","Bermuda","Americas",137,11058,1,119
2022-02-10,"BM","Bermuda","Americas",0,11058,0,119
2022-02-11,"BM","Bermuda","Americas",50,11108,1,120
2022-02-12,"BM","Bermuda","Americas",38,11146,0,120
2022-02-13,"BM","Bermuda","Americas",0,11146,0,120
2022-02-14,"BM","Bermuda","Americas",0,11146,0,120
2022-02-15,"BM","Bermuda","Americas",41,11187,0,120
2022-02-16,"BM","Bermuda","Americas",59,11246,1,121
2022-02-17,"BM","Bermuda","Americas",0,11246,0,121
2022-02-18,"BM","Bermuda","Americas",45,11291,1,122
2022-02-19,"BM","Bermuda","Americas",25,11316,0,122
2022-02-20,"BM","Bermuda","Americas",0,11316,0,122
2022-02-21,"BM","Bermuda","Americas",0,11316,0,122
2022-02-22,"BM","Bermuda","Americas",0,11316,0,122
2022-02-23,"BM","Bermuda","Americas",107,11423,1,123
2022-02-24,"BM","Bermuda","Americas",0,11423,0,123
2022-02-25,"BM","Bermuda","Americas",43,11466,0,123
2022-02-26,"BM","Bermuda","Americas",24,11490,0,123
2022-02-27,"BM","Bermuda","Americas",0,11490,0,123
2022-02-28,"BM","Bermuda","Americas",0,11490,0,123
2022-03-01,"BM","Bermuda","Americas",23,11513,0,123
2022-03-02,"BM","Bermuda","Americas",48,11561,0,123
2022-03-03,"BM","Bermuda","Americas",0,11561,0,123
2022-03-04,"BM","Bermuda","Americas",0,11561,0,123
2022-03-05,"BM","Bermuda","Americas",73,11634,0,123
2022-03-06,"BM","Bermuda","Americas",0,11634,0,123
2021-12-06,"BT","Bhutan","South-East Asia",0,2641,0,3
2021-12-07,"BT","Bhutan","South-East Asia",0,2641,0,3
2021-12-08,"BT","Bhutan","South-East Asia",1,2642,0,3
2021-12-09,"BT","Bhutan","South-East Asia",6,2648,0,3
2021-12-10,"BT","Bhutan","South-East Asia",1,2649,0,3
2021-12-11,"BT","Bhutan","South-East Asia",0,2649,0,3
2021-12-12,"BT","Bhutan","South-East Asia",0,2649,0,3
2021-12-13,"BT","Bhutan","South-East Asia",0,2649,0,3
2021-12-14,"BT","Bhutan","South-East Asia",3,2652,0,3
2021-12-15,"BT","Bhutan","South-East Asia",0,2652,0,3
2021-12-16,"BT","Bhutan","South-East Asia",0,2652,0,3
2021-12-17,"BT","Bhutan","South-East Asia",4,2656,0,3
2021-12-18,"BT","Bhutan","South-East Asia",0,2656,0,3
2021-12-19,"BT","Bhutan","South-East Asia",1,2657,0,3
2021-12-20,"BT","Bhutan","South-East Asia",0,2657,0,3
2021-12-21,"BT","Bhutan","South-East Asia",1,2658,0,3
2021-12-22,"BT","Bhutan","South-East Asia",1,2659,0,3
2021-12-23,"BT","Bhutan","South-East Asia",0,2659,0,3
2021-12-24,"BT","Bhutan","South-East Asia",0,2659,0,3
2021-12-25,"BT","Bhutan","South-East Asia",0,2659,0,3
2021-12-26,"BT","Bhutan","South-East Asia",1,2660,0,3
2021-12-27,"BT","Bhutan","South-East Asia",0,2660,0,3
2021-12-28,"BT","Bhutan","South-East Asia",0,2660,0,3
2021-12-29,"BT","Bhutan","South-East Asia",0,2660,0,3
2021-12-30,"BT","Bhutan","South-East Asia",0,2660,0,3
2021-12-31,"BT","Bhutan","South-East Asia",0,2660,0,3
2022-01-01,"BT","Bhutan","South-East Asia",0,2660,0,3
2022-01-02,"BT","Bhutan","South-East Asia",0,2660,0,3
2022-01-03,"BT","Bhutan","South-East Asia",4,2664,0,3
2022-01-04,"BT","Bhutan","South-East Asia",2,2666,0,3
2022-01-05,"BT","Bhutan","South-East Asia",3,2669,0,3
2022-01-06,"BT","Bhutan","South-East Asia",2,2671,0,3
2022-01-07,"BT","Bhutan","South-East Asia",82,2753,0,3
2022-01-08,"BT","Bhutan","South-East Asia",7,2760,0,3
2022-01-09,"BT","Bhutan","South-East Asia",21,2781,0,3
2022-01-10,"BT","Bhutan","South-East Asia",21,2802,0,3
2022-01-11,"BT","Bhutan","South-East Asia",28,2830,0,3
2022-01-12,"BT","Bhutan","South-East Asia",7,2837,0,3
2022-01-13,"BT","Bhutan","South-East Asia",36,2873,0,3
2022-01-14,"BT","Bhutan","South-East Asia",13,2886,0,3
2022-01-15,"BT","Bhutan","South-East Asia",18,2904,0,3
2022-01-16,"BT","Bhutan","South-East Asia",24,2928,0,3
2022-01-17,"BT","Bhutan","South-East Asia",141,3069,0,3
2022-01-18,"BT","Bhutan","South-East Asia",101,3170,0,3
2022-01-19,"BT","Bhutan","South-East Asia",59,3229,0,3
2022-01-20,"BT","Bhutan","South-East Asia",88,3317,0,3
2022-01-21,"BT","Bhutan","South-East Asia",141,3458,0,3
2022-01-22,"BT","Bhutan","South-East Asia",99,3557,0,3
2022-01-23,"BT","Bhutan","South-East Asia",92,3649,0,3
2022-01-24,"BT","Bhutan","South-East Asia",162,3811,0,3
2022-01-25,"BT","Bhutan","South-East Asia",140,3951,0,3
2022-01-26,"BT","Bhutan","South-East Asia",138,4089,0,3
2022-01-27,"BT","Bhutan","South-East Asia",136,4225,0,3
2022-01-28,"BT","Bhutan","South-East Asia",205,4430,1,4
2022-01-29,"BT","Bhutan","South-East Asia",136,4566,0,4
2022-01-30,"BT","Bhutan","South-East Asia",119,4685,0,4
2022-01-31,"BT","Bhutan","South-East Asia",206,4891,0,4
2022-02-01,"BT","Bhutan","South-East Asia",312,5203,0,4
2022-02-02,"BT","Bhutan","South-East Asia",190,5393,0,4
2022-02-03,"BT","Bhutan","South-East Asia",139,5532,0,4
2022-02-04,"BT","Bhutan","South-East Asia",188,5720,0,4
2022-02-05,"BT","Bhutan","South-East Asia",214,5934,0,4
2022-02-06,"BT","Bhutan","South-East Asia",158,6092,0,4
2022-02-07,"BT","Bhutan","South-East Asia",208,6300,0,4
2022-02-08,"BT","Bhutan","South-East Asia",159,6459,0,4
2022-02-09,"BT","Bhutan","South-East Asia",189,6648,0,4
2022-02-10,"BT","Bhutan","South-East Asia",131,6779,1,5
2022-02-11,"BT","Bhutan","South-East Asia",185,6964,0,5
2022-02-12,"BT","Bhutan","South-East Asia",235,7199,0,5
2022-02-13,"BT","Bhutan","South-East Asia",230,7429,0,5
2022-02-14,"BT","Bhutan","South-East Asia",237,7666,0,5
2022-02-15,"BT","Bhutan","South-East Asia",250,7916,0,5
2022-02-16,"BT","Bhutan","South-East Asia",381,8297,0,5
2022-02-17,"BT","Bhutan","South-East Asia",386,8683,0,5
2022-02-18,"BT","Bhutan","South-East Asia",527,9210,0,5
2022-02-19,"BT","Bhutan","South-East Asia",347,9557,0,5
2022-02-20,"BT","Bhutan","South-East Asia",521,10078,1,6
2022-02-21,"BT","Bhutan","South-East Asia",34,10112,0,6
2022-02-22,"BT","Bhutan","South-East Asia",84,10196,0,6
2022-02-23,"BT","Bhutan","South-East Asia",318,10514,0,6
2022-02-24,"BT","Bhutan","South-East Asia",496,11010,0,6
2022-02-25,"BT","Bhutan","South-East Asia",359,11369,0,6
2022-02-26,"BT","Bhutan","South-East Asia",451,11820,0,6
2022-02-27,"BT","Bhutan","South-East Asia",374,12194,0,6
2022-02-28,"BT","Bhutan","South-East Asia",508,12702,0,6
2022-03-01,"BT","Bhutan","South-East Asia",435,13137,0,6
2022-03-02,"BT","Bhutan","South-East Asia",398,13535,0,6
2022-03-03,"BT","Bhutan","South-East Asia",311,13846,0,6
2022-03-04,"BT","Bhutan","South-East Asia",274,14120,0,6
2022-03-05,"BT","Bhutan","South-East Asia",331,14451,0,6
2022-03-06,"BT","Bhutan","South-East Asia",347,14798,1,7
2021-12-06,"BO","Bolivia (Plurinational State of)","Americas",1990,542859,10,19215
2021-12-07,"BO","Bolivia (Plurinational State of)","Americas",531,543390,7,19222
2021-12-08,"BO","Bolivia (Plurinational State of)","Americas",1276,544666,25,19247
2021-12-09,"BO","Bolivia (Plurinational State of)","Americas",1489,546155,17,19264
2021-12-10,"BO","Bolivia (Plurinational State of)","Americas",1737,547892,12,19276
2021-12-11,"BO","Bolivia (Plurinational State of)","Americas",1746,549638,5,19281
2021-12-12,"BO","Bolivia (Plurinational State of)","Americas",1878,551516,24,19305
2021-12-13,"BO","Bolivia (Plurinational State of)","Americas",1070,552586,0,19305
2021-12-14,"BO","Bolivia (Plurinational State of)","Americas",522,553108,12,19317
2021-12-15,"BO","Bolivia (Plurinational State of)","Americas",1891,554999,13,19330
2021-12-16,"BO","Bolivia (Plurinational State of)","Americas",1766,556765,25,19355
2021-12-17,"BO","Bolivia (Plurinational State of)","Americas",1800,558565,17,19372
2021-12-18,"BO","Bolivia (Plurinational State of)","Americas",2119,560684,19,19391
2021-12-19,"BO","Bolivia (Plurinational State of)","Americas",1954,562638,17,19408
2021-12-20,"BO","Bolivia (Plurinational State of)","Americas",0,562638,0,19408
2021-12-21,"BO","Bolivia (Plurinational State of)","Americas",2109,564747,32,19440
2021-12-22,"BO","Bolivia (Plurinational State of)","Americas",1844,566591,19,19459
2021-12-23,"BO","Bolivia (Plurinational State of)","Americas",2376,568967,21,19480
2021-12-24,"BO","Bolivia (Plurinational State of)","Americas",1909,570876,16,19496
2021-12-25,"BO","Bolivia (Plurinational State of)","Americas",2242,573118,20,19516
2021-12-26,"BO","Bolivia (Plurinational State of)","Americas",2129,575247,14,19530
2021-12-27,"BO","Bolivia (Plurinational State of)","Americas",1355,576602,16,19546
2021-12-28,"BO","Bolivia (Plurinational State of)","Americas",1206,577808,8,19554
2021-12-29,"BO","Bolivia (Plurinational State of)","Americas",2882,580690,22,19576
2021-12-30,"BO","Bolivia (Plurinational State of)","Americas",4934,585624,46,19622
2021-12-31,"BO","Bolivia (Plurinational State of)","Americas",6149,591773,28,19650
2022-01-01,"BO","Bolivia (Plurinational State of)","Americas",7980,599753,30,19680
2022-01-02,"BO","Bolivia (Plurinational State of)","Americas",0,599753,0,19680
2022-01-03,"BO","Bolivia (Plurinational State of)","Americas",11278,611031,42,19722
2022-01-04,"BO","Bolivia (Plurinational State of)","Americas",3910,614941,11,19733
2022-01-05,"BO","Bolivia (Plurinational State of)","Americas",7371,622312,30,19763
2022-01-06,"BO","Bolivia (Plurinational State of)","Americas",9242,631554,47,19810
2022-01-07,"BO","Bolivia (Plurinational State of)","Americas",10263,641817,38,19848
2022-01-08,"BO","Bolivia (Plurinational State of)","Americas",11002,652819,40,19888
2022-01-09,"BO","Bolivia (Plurinational State of)","Americas",0,652819,0,19888
2022-01-10,"BO","Bolivia (Plurinational State of)","Americas",19013,671832,69,19957
2022-01-11,"BO","Bolivia (Plurinational State of)","Americas",5334,677166,26,19983
2022-01-12,"BO","Bolivia (Plurinational State of)","Americas",8857,686023,16,19999
2022-01-13,"BO","Bolivia (Plurinational State of)","Americas",11213,697236,57,20056
2022-01-14,"BO","Bolivia (Plurinational State of)","Americas",14063,711299,47,20103
2022-01-15,"BO","Bolivia (Plurinational State of)","Americas",0,711299,0,20103
2022-01-16,"BO","Bolivia (Plurinational State of)","Americas",14160,725459,46,20149
2022-01-17,"BO","Bolivia (Plurinational State of)","Americas",23611,749070,89,20238
2022-01-18,"BO","Bolivia (Plurinational State of)","Americas",5265,754335,16,20254
2022-01-19,"BO","Bolivia (Plurinational State of)","Americas",9057,763392,37,20291
2022-01-20,"BO","Bolivia (Plurinational State of)","Americas",10835,774227,86,20377
2022-01-21,"BO","Bolivia (Plurinational State of)","Americas",10867,785094,62,20439
2022-01-22,"BO","Bolivia (Plurinational State of)","Americas",9993,795087,65,20504
2022-01-23,"BO","Bolivia (Plurinational State of)","Americas",9590,804677,66,20570
2022-01-24,"BO","Bolivia (Plurinational State of)","Americas",0,804677,0,20570
2022-01-25,"BO","Bolivia (Plurinational State of)","Americas",8932,813609,60,20630
2022-01-26,"BO","Bolivia (Plurinational State of)","Americas",6974,820583,41,20671
2022-01-27,"BO","Bolivia (Plurinational State of)","Americas",7649,828232,49,20720
2022-01-28,"BO","Bolivia (Plurinational State of)","Americas",6938,835170,54,20774
2022-01-29,"BO","Bolivia (Plurinational State of)","Americas",6587,841757,50,20824
2022-01-30,"BO","Bolivia (Plurinational State of)","Americas",0,841757,0,20824
2022-01-31,"BO","Bolivia (Plurinational State of)","Americas",8440,850197,67,20891
2022-02-01,"BO","Bolivia (Plurinational State of)","Americas",2083,852280,28,20919
2022-02-02,"BO","Bolivia (Plurinational State of)","Americas",3425,855705,32,20951
2022-02-03,"BO","Bolivia (Plurinational State of)","Americas",3825,859530,60,21011
2022-02-04,"BO","Bolivia (Plurinational State of)","Americas",4145,863675,34,21045
2022-02-05,"BO","Bolivia (Plurinational State of)","Americas",3396,867071,28,21073
2022-02-06,"BO","Bolivia (Plurinational State of)","Americas",2821,869892,29,21102
2022-02-07,"BO","Bolivia (Plurinational State of)","Americas",1857,871749,27,21129
2022-02-08,"BO","Bolivia (Plurinational State of)","Americas",1062,872811,21,21150
2022-02-09,"BO","Bolivia (Plurinational State of)","Americas",2095,874906,21,21171
2022-02-10,"BO","Bolivia (Plurinational State of)","Americas",2233,877139,28,21199
2022-02-11,"BO","Bolivia (Plurinational State of)","Americas",1783,878922,20,21219
2022-02-12,"BO","Bolivia (Plurinational State of)","Americas",1969,880891,21,21240
2022-02-13,"BO","Bolivia (Plurinational State of)","Americas",2491,883382,44,21284
2022-02-14,"BO","Bolivia (Plurinational State of)","Americas",352,883734,17,21301
2022-02-15,"BO","Bolivia (Plurinational State of)","Americas",1270,885004,13,21314
2022-02-16,"BO","Bolivia (Plurinational State of)","Americas",1104,886108,17,21331
2022-02-17,"BO","Bolivia (Plurinational State of)","Americas",981,887089,11,21342
2022-02-18,"BO","Bolivia (Plurinational State of)","Americas",0,887089,0,21342
2022-02-19,"BO","Bolivia (Plurinational State of)","Americas",1086,888175,16,21358
2022-02-20,"BO","Bolivia (Plurinational State of)","Americas",1336,889511,14,21372
2022-02-21,"BO","Bolivia (Plurinational State of)","Americas",236,889747,6,21378
2022-02-22,"BO","Bolivia (Plurinational State of)","Americas",673,890420,8,21386
2022-02-23,"BO","Bolivia (Plurinational State of)","Americas",692,891112,14,21400
2022-02-24,"BO","Bolivia (Plurinational State of)","Americas",739,891851,6,21406
2022-02-25,"BO","Bolivia (Plurinational State of)","Americas",0,891851,0,21406
2022-02-26,"BO","Bolivia (Plurinational State of)","Americas",0,891851,0,21406
2022-02-27,"BO","Bolivia (Plurinational State of)","Americas",0,891851,0,21406
2022-02-28,"BO","Bolivia (Plurinational State of)","Americas",1479,893330,26,21432
2022-03-01,"BO","Bolivia (Plurinational State of)","Americas",182,893512,9,21441
2022-03-02,"BO","Bolivia (Plurinational State of)","Americas",0,893512,0,21441
2022-03-03,"BO","Bolivia (Plurinational State of)","Americas",263,893775,2,21443
2022-03-04,"BO","Bolivia (Plurinational State of)","Americas",425,894200,10,21453
2022-03-05,"BO","Bolivia (Plurinational State of)","Americas",0,894200,0,21453
2022-03-06,"BO","Bolivia (Plurinational State of)","Americas",351,894551,2,21455
2021-12-06,"XA","Bonaire","Americas",0,2955,0,22
2021-12-07,"XA","Bonaire","Americas",43,2998,0,22
2021-12-08,"XA","Bonaire","Americas",17,3015,0,22
2021-12-09,"XA","Bonaire","Americas",16,3031,0,22
2021-12-10,"XA","Bonaire","Americas",9,3040,0,22
2021-12-11,"XA","Bonaire","Americas",27,3067,0,22
2021-12-12,"XA","Bonaire","Americas",0,3067,0,22
2021-12-13,"XA","Bonaire","Americas",0,3067,0,22
2021-12-14,"XA","Bonaire","Americas",29,3096,0,22
2021-12-15,"XA","Bonaire","Americas",6,3102,0,22
2021-12-16,"XA","Bonaire","Americas",12,3114,0,22
2021-12-17,"XA","Bonaire","Americas",6,3120,0,22
2021-12-18,"XA","Bonaire","Americas",13,3133,0,22
2021-12-19,"XA","Bonaire","Americas",0,3133,0,22
2021-12-20,"XA","Bonaire","Americas",0,3133,0,22
2021-12-21,"XA","Bonaire","Americas",29,3162,0,22
2021-12-22,"XA","Bonaire","Americas",9,3171,0,22
2021-12-23,"XA","Bonaire","Americas",5,3176,0,22
2021-12-24,"XA","Bonaire","Americas",18,3194,0,22
2021-12-25,"XA","Bonaire","Americas",0,3194,0,22
2021-12-26,"XA","Bonaire","Americas",0,3194,0,22
2021-12-27,"XA","Bonaire","Americas",0,3194,0,22
2021-12-28,"XA","Bonaire","Americas",41,3235,1,23
2021-12-29,"XA","Bonaire","Americas",11,3246,0,23
2021-12-30,"XA","Bonaire","Americas",16,3262,0,23
2021-12-31,"XA","Bonaire","Americas",32,3294,0,23
2022-01-01,"XA","Bonaire","Americas",32,3326,0,23
2022-01-02,"XA","Bonaire","Americas",0,3326,0,23
2022-01-03,"XA","Bonaire","Americas",0,3326,0,23
2022-01-04,"XA","Bonaire","Americas",120,3446,0,23
2022-01-05,"XA","Bonaire","Americas",43,3489,0,23
2022-01-06,"XA","Bonaire","Americas",133,3622,0,23
2022-01-07,"XA","Bonaire","Americas",129,3751,0,23
2022-01-08,"XA","Bonaire","Americas",112,3863,0,23
2022-01-09,"XA","Bonaire","Americas",0,3863,0,23
2022-01-10,"XA","Bonaire","Americas",0,3863,0,23
2022-01-11,"XA","Bonaire","Americas",418,4281,0,23
2022-01-12,"XA","Bonaire","Americas",87,4368,1,24
2022-01-13,"XA","Bonaire","Americas",96,4464,0,24
2022-01-14,"XA","Bonaire","Americas",158,4622,1,25
2022-01-15,"XA","Bonaire","Americas",125,4747,0,25
2022-01-16,"XA","Bonaire","Americas",0,4747,0,25
2022-01-17,"XA","Bonaire","Americas",0,4747,0,25
2022-01-18,"XA","Bonaire","Americas",0,4747,0,25
2022-01-19,"XA","Bonaire","Americas",558,5305,1,26
2022-01-20,"XA","Bonaire","Americas",61,5366,0,26
2022-01-21,"XA","Bonaire","Americas",106,5472,0,26
2022-01-22,"XA","Bonaire","Americas",122,5594,0,26
2022-01-23,"XA","Bonaire","Americas",0,5594,0,26
2022-01-24,"XA","Bonaire","Americas",0,5594,0,26
2022-01-25,"XA","Bonaire","Americas",375,5969,0,26
2022-01-26,"XA","Bonaire","Americas",62,6031,0,26
2022-01-27,"XA","Bonaire","Americas",50,6081,0,26
2022-01-28,"XA","Bonaire","Americas",110,6191,0,26
2022-01-29,"XA","Bonaire","Americas",135,6326,0,26
2022-01-30,"XA","Bonaire","Americas",0,6326,0,26
2022-01-31,"XA","Bonaire","Americas",0,6326,0,26
2022-02-01,"XA","Bonaire","Americas",120,6446,1,27
2022-02-02,"XA","Bonaire","Americas",15,6461,0,27
2022-02-03,"XA","Bonaire","Americas",66,6527,0,27
2022-02-04,"XA","Bonaire","Americas",18,6545,1,28
2022-02-05,"XA","Bonaire","Americas",11,6556,0,28
2022-02-06,"XA","Bonaire","Americas",0,6556,0,28
2022-02-07,"XA","Bonaire","Americas",0,6556,0,28
2022-02-08,"XA","Bonaire","Americas",84,6640,0,28
2022-02-09,"XA","Bonaire","Americas",15,6655,0,28
2022-02-10,"XA","Bonaire","Americas",28,6683,0,28
2022-02-11,"XA","Bonaire","Americas",37,6720,0,28
2022-02-12,"XA","Bonaire","Americas",32,6752,0,28
2022-02-13,"XA","Bonaire","Americas",0,6752,0,28
2022-02-14,"XA","Bonaire","Americas",0,6752,0,28
2022-02-15,"XA","Bonaire","Americas",52,6804,0,28
2022-02-16,"XA","Bonaire","Americas",8,6812,0,28
2022-02-17,"XA","Bonaire","Americas",0,6812,0,28
2022-02-18,"XA","Bonaire","Americas",27,6839,0,28
2022-02-19,"XA","Bonaire","Americas",13,6852,0,28
2022-02-20,"XA","Bonaire","Americas",0,6852,0,28
2022-02-21,"XA","Bonaire","Americas",0,6852,0,28
2022-02-22,"XA","Bonaire","Americas",39,6891,0,28
2022-02-23,"XA","Bonaire","Americas",3,6894,0,28
2022-02-24,"XA","Bonaire","Americas",11,6905,0,28
2022-02-25,"XA","Bonaire","Americas",6,6911,0,28
2022-02-26,"XA","Bonaire","Americas",5,6916,0,28
2022-02-27,"XA","Bonaire","Americas",0,6916,0,28
2022-02-28,"XA","Bonaire","Americas",0,6916,0,28
2022-03-01,"XA","Bonaire","Americas",7,6923,0,28
2022-03-02,"XA","Bonaire","Americas",6,6929,0,28
2022-03-03,"XA","Bonaire","Americas",4,6933,0,28
2022-03-04,"XA","Bonaire","Americas",5,6938,0,28
2022-03-05,"XA","Bonaire","Americas",6,6944,0,28
2022-03-06,"XA","Bonaire","Americas",0,6944,0,28
2021-12-06,"BA","Bosnia and Herzegovina","Europe",163,278244,13,12727
2021-12-07,"BA","Bosnia and Herzegovina","Europe",267,278511,53,12780
2021-12-08,"BA","Bosnia and Herzegovina","Europe",668,279179,34,12814
2021-12-09,"BA","Bosnia and Herzegovina","Europe",641,279820,40,12854
2021-12-10,"BA","Bosnia and Herzegovina","Europe",649,280469,28,12882
2021-12-11,"BA","Bosnia and Herzegovina","Europe",511,280980,36,12918
2021-12-12,"BA","Bosnia and Herzegovina","Europe",539,281519,15,12933
2021-12-13,"BA","Bosnia and Herzegovina","Europe",109,281628,12,12945
2021-12-14,"BA","Bosnia and Herzegovina","Europe",275,281903,54,12999
2021-12-15,"BA","Bosnia and Herzegovina","Europe",684,282587,29,13028
2021-12-16,"BA","Bosnia and Herzegovina","Europe",522,283109,36,13064
2021-12-17,"BA","Bosnia and Herzegovina","Europe",675,283784,27,13091
2021-12-18,"BA","Bosnia and Herzegovina","Europe",488,284272,30,13121
2021-12-19,"BA","Bosnia and Herzegovina","Europe",496,284768,14,13135
2021-12-20,"BA","Bosnia and Herzegovina","Europe",125,284893,12,13147
2021-12-21,"BA","Bosnia and Herzegovina","Europe",240,285133,41,13188
2021-12-22,"BA","Bosnia and Herzegovina","Europe",591,285724,16,13204
2021-12-23,"BA","Bosnia and Herzegovina","Europe",552,286276,20,13224
2021-12-24,"BA","Bosnia and Herzegovina","Europe",516,286792,19,13243
2021-12-25,"BA","Bosnia and Herzegovina","Europe",484,287276,26,13269
2021-12-26,"BA","Bosnia and Herzegovina","Europe",440,287716,14,13283
2021-12-27,"BA","Bosnia and Herzegovina","Europe",92,287808,12,13295
2021-12-28,"BA","Bosnia and Herzegovina","Europe",320,288128,30,13325
2021-12-29,"BA","Bosnia and Herzegovina","Europe",748,288876,40,13365
2021-12-30,"BA","Bosnia and Herzegovina","Europe",800,289676,32,13397
2021-12-31,"BA","Bosnia and Herzegovina","Europe",795,290471,31,13428
2022-01-01,"BA","Bosnia and Herzegovina","Europe",842,291313,14,13442
2022-01-02,"BA","Bosnia and Herzegovina","Europe",824,292137,18,13460
2022-01-03,"BA","Bosnia and Herzegovina","Europe",176,292313,4,13464
2022-01-04,"BA","Bosnia and Herzegovina","Europe",472,292785,24,13488
2022-01-05,"BA","Bosnia and Herzegovina","Europe",899,293684,29,13517
2022-01-06,"BA","Bosnia and Herzegovina","Europe",1556,295240,30,13547
2022-01-07,"BA","Bosnia and Herzegovina","Europe",2093,297333,21,13568
2022-01-08,"BA","Bosnia and Herzegovina","Europe",1293,298626,22,13590
2022-01-09,"BA","Bosnia and Herzegovina","Europe",1848,300474,15,13605
2022-01-10,"BA","Bosnia and Herzegovina","Europe",1171,301645,18,13623
2022-01-11,"BA","Bosnia and Herzegovina","Europe",942,302587,22,13645
2022-01-12,"BA","Bosnia and Herzegovina","Europe",2269,304856,28,13673
2022-01-13,"BA","Bosnia and Herzegovina","Europe",2577,307433,23,13696
2022-01-14,"BA","Bosnia and Herzegovina","Europe",2590,310023,26,13722
2022-01-15,"BA","Bosnia and Herzegovina","Europe",3162,313185,19,13741
2022-01-16,"BA","Bosnia and Herzegovina","Europe",1758,314943,16,13757
2022-01-17,"BA","Bosnia and Herzegovina","Europe",1307,316250,16,13773
2022-01-18,"BA","Bosnia and Herzegovina","Europe",1442,317692,68,13841
2022-01-19,"BA","Bosnia and Herzegovina","Europe",3342,321034,47,13888
2022-01-20,"BA","Bosnia and Herzegovina","Europe",2992,324026,24,13912
2022-01-21,"BA","Bosnia and Herzegovina","Europe",2969,326995,39,13951
2022-01-22,"BA","Bosnia and Herzegovina","Europe",2574,329569,33,13984
2022-01-23,"BA","Bosnia and Herzegovina","Europe",2624,332193,21,14005
2022-01-24,"BA","Bosnia and Herzegovina","Europe",938,333131,21,14026
2022-01-25,"BA","Bosnia and Herzegovina","Europe",1010,334141,59,14085
2022-01-26,"BA","Bosnia and Herzegovina","Europe",2539,336680,51,14136
2022-01-27,"BA","Bosnia and Herzegovina","Europe",2601,339281,49,14185
2022-01-28,"BA","Bosnia and Herzegovina","Europe",2632,341913,58,14243
2022-01-29,"BA","Bosnia and Herzegovina","Europe",2073,343986,67,14310
2022-01-30,"BA","Bosnia and Herzegovina","Europe",2026,346012,35,14345
2022-01-31,"BA","Bosnia and Herzegovina","Europe",639,346651,24,14369
2022-02-01,"BA","Bosnia and Herzegovina","Europe",816,347467,78,14447
2022-02-02,"BA","Bosnia and Herzegovina","Europe",1628,349095,51,14498
2022-02-03,"BA","Bosnia and Herzegovina","Europe",2124,351219,57,14555
2022-02-04,"BA","Bosnia and Herzegovina","Europe",1918,353137,48,14603
2022-02-05,"BA","Bosnia and Herzegovina","Europe",1188,354325,69,14672
2022-02-06,"BA","Bosnia and Herzegovina","Europe",1594,355919,25,14697
2022-02-07,"BA","Bosnia and Herzegovina","Europe",436,356355,25,14722
2022-02-08,"BA","Bosnia and Herzegovina","Europe",575,356930,78,14800
2022-02-09,"BA","Bosnia and Herzegovina","Europe",1468,358398,56,14856
2022-02-10,"BA","Bosnia and Herzegovina","Europe",1478,359876,41,14897
2022-02-11,"BA","Bosnia and Herzegovina","Europe",1313,361189,41,14938
2022-02-12,"BA","Bosnia and Herzegovina","Europe",1338,362527,46,14984
2022-02-13,"BA","Bosnia and Herzegovina","Europe",1289,363816,29,15013
2022-02-14,"BA","Bosnia and Herzegovina","Europe",177,363993,18,15031
2022-02-15,"BA","Bosnia and Herzegovina","Europe",617,364610,65,15096
2022-02-16,"BA","Bosnia and Herzegovina","Europe",979,365589,31,15127
2022-02-17,"BA","Bosnia and Herzegovina","Europe",861,366450,35,15162
2022-02-18,"BA","Bosnia and Herzegovina","Europe",575,367025,70,15232
2022-02-19,"BA","Bosnia and Herzegovina","Europe",616,367641,31,15263
2022-02-20,"BA","Bosnia and Herzegovina","Europe",663,368304,6,15269
2022-02-21,"BA","Bosnia and Herzegovina","Europe",128,368432,17,15286
2022-02-22,"BA","Bosnia and Herzegovina","Europe",303,368735,41,15327
2022-02-23,"BA","Bosnia and Herzegovina","Europe",495,369230,35,15362
2022-02-24,"BA","Bosnia and Herzegovina","Europe",640,369870,18,15380
2022-02-25,"BA","Bosnia and Herzegovina","Europe",425,370295,12,15392
2022-02-26,"BA","Bosnia and Herzegovina","Europe",357,370652,19,15411
2022-02-27,"BA","Bosnia and Herzegovina","Europe",312,370964,9,15420
2022-02-28,"BA","Bosnia and Herzegovina","Europe",103,371067,15,15435
2022-03-01,"BA","Bosnia and Herzegovina","Europe",135,371202,24,15459
2022-03-02,"BA","Bosnia and Herzegovina","Europe",179,371381,11,15470
2022-03-03,"BA","Bosnia and Herzegovina","Europe",172,371553,14,15484
2022-03-04,"BA","Bosnia and Herzegovina","Europe",293,371846,21,15505
2022-03-05,"BA","Bosnia and Herzegovina","Europe",293,372139,14,15519
2022-03-06,"BA","Bosnia and Herzegovina","Europe",189,372328,39,15558
2021-12-06,"BW","Botswana","Africa",0,195302,0,2419
2021-12-07,"BW","Botswana","Africa",250,195552,1,2420
2021-12-08,"BW","Botswana","Africa",0,195552,0,2420
2021-12-09,"BW","Botswana","Africa",0,195552,0,2420
2021-12-10,"BW","Botswana","Africa",538,196090,1,2421
2021-12-11,"BW","Botswana","Africa",0,196090,0,2421
2021-12-12,"BW","Botswana","Africa",0,196090,0,2421
2021-12-13,"BW","Botswana","Africa",0,196090,0,2421
2021-12-14,"BW","Botswana","Africa",0,196090,0,2421
2021-12-15,"BW","Botswana","Africa",1554,197644,3,2424
2021-12-16,"BW","Botswana","Africa",0,197644,0,2424
2021-12-17,"BW","Botswana","Africa",2220,199864,1,2425
2021-12-18,"BW","Botswana","Africa",0,199864,0,2425
2021-12-19,"BW","Botswana","Africa",0,199864,0,2425
2021-12-20,"BW","Botswana","Africa",0,199864,0,2425
2021-12-21,"BW","Botswana","Africa",4837,204701,0,2425
2021-12-22,"BW","Botswana","Africa",0,204701,0,2425
2021-12-23,"BW","Botswana","Africa",0,204701,0,2425
2021-12-24,"BW","Botswana","Africa",4293,208994,2,2427
2021-12-25,"BW","Botswana","Africa",0,208994,0,2427
2021-12-26,"BW","Botswana","Africa",0,208994,0,2427
2021-12-27,"BW","Botswana","Africa",0,208994,0,2427
2021-12-28,"BW","Botswana","Africa",3488,212482,12,2439
2021-12-29,"BW","Botswana","Africa",0,212482,0,2439
2021-12-30,"BW","Botswana","Africa",0,212482,0,2439
2021-12-31,"BW","Botswana","Africa",0,212482,0,2439
2022-01-01,"BW","Botswana","Africa",7027,219509,5,2444
2022-01-02,"BW","Botswana","Africa",0,219509,0,2444
2022-01-03,"BW","Botswana","Africa",0,219509,0,2444
2022-01-04,"BW","Botswana","Africa",0,219509,0,2444
2022-01-05,"BW","Botswana","Africa",2544,222053,8,2452
2022-01-06,"BW","Botswana","Africa",0,222053,0,2452
2022-01-07,"BW","Botswana","Africa",7802,229855,23,2475
2022-01-08,"BW","Botswana","Africa",0,229855,0,2475
2022-01-09,"BW","Botswana","Africa",0,229855,0,2475
2022-01-10,"BW","Botswana","Africa",0,229855,0,2475
2022-01-11,"BW","Botswana","Africa",2577,232432,22,2497
2022-01-12,"BW","Botswana","Africa",0,232432,0,2497
2022-01-13,"BW","Botswana","Africa",0,232432,0,2497
2022-01-14,"BW","Botswana","Africa",5246,237678,17,2514
2022-01-15,"BW","Botswana","Africa",0,237678,0,2514
2022-01-16,"BW","Botswana","Africa",0,237678,0,2514
2022-01-17,"BW","Botswana","Africa",0,237678,0,2514
2022-01-18,"BW","Botswana","Africa",2209,239887,20,2534
2022-01-19,"BW","Botswana","Africa",0,239887,0,2534
2022-01-20,"BW","Botswana","Africa",0,239887,0,2534
2022-01-21,"BW","Botswana","Africa",4059,243946,10,2544
2022-01-22,"BW","Botswana","Africa",0,243946,0,2544
2022-01-23,"BW","Botswana","Africa",0,243946,0,2544
2022-01-24,"BW","Botswana","Africa",0,243946,0,2544
2022-01-25,"BW","Botswana","Africa",1958,245904,21,2565
2022-01-26,"BW","Botswana","Africa",0,245904,0,2565
2022-01-27,"BW","Botswana","Africa",0,245904,0,2565
2022-01-28,"BW","Botswana","Africa",4842,250746,15,2580
2022-01-29,"BW","Botswana","Africa",0,250746,0,2580
2022-01-30,"BW","Botswana","Africa",0,250746,0,2580
2022-01-31,"BW","Botswana","Africa",0,250746,0,2580
2022-02-01,"BW","Botswana","Africa",2290,253036,1,2581
2022-02-02,"BW","Botswana","Africa",0,253036,0,2581
2022-02-03,"BW","Botswana","Africa",0,253036,0,2581
2022-02-04,"BW","Botswana","Africa",3005,256041,4,2585
2022-02-05,"BW","Botswana","Africa",0,256041,0,2585
2022-02-06,"BW","Botswana","Africa",0,256041,0,2585
2022-02-07,"BW","Botswana","Africa",0,256041,0,2585
2022-02-08,"BW","Botswana","Africa",1126,257167,8,2593
2022-02-09,"BW","Botswana","Africa",0,257167,0,2593
2022-02-10,"BW","Botswana","Africa",0,257167,0,2593
2022-02-11,"BW","Botswana","Africa",2488,259655,4,2597
2022-02-12,"BW","Botswana","Africa",0,259655,0,2597
2022-02-13,"BW","Botswana","Africa",0,259655,0,2597
2022-02-14,"BW","Botswana","Africa",0,259655,0,2597
2022-02-15,"BW","Botswana","Africa",836,260491,6,2603
2022-02-16,"BW","Botswana","Africa",0,260491,0,2603
2022-02-17,"BW","Botswana","Africa",0,260491,0,2603
2022-02-18,"BW","Botswana","Africa",1422,261913,5,2608
2022-02-19,"BW","Botswana","Africa",0,261913,0,2608
2022-02-20,"BW","Botswana","Africa",0,261913,0,2608
2022-02-21,"BW","Botswana","Africa",0,261913,0,2608
2022-02-22,"BW","Botswana","Africa",739,262652,6,2614
2022-02-23,"BW","Botswana","Africa",0,262652,0,2614
2022-02-24,"BW","Botswana","Africa",0,262652,0,2614
2022-02-25,"BW","Botswana","Africa",0,262652,0,2614
2022-02-26,"BW","Botswana","Africa",1298,263950,5,2619
2022-02-27,"BW","Botswana","Africa",0,263950,0,2619
2022-02-28,"BW","Botswana","Africa",0,263950,0,2619
2022-03-01,"BW","Botswana","Africa",0,263950,0,2619
2022-03-02,"BW","Botswana","Africa",0,263950,0,2619
2022-03-03,"BW","Botswana","Africa",0,263950,0,2619
2022-03-04,"BW","Botswana","Africa",0,263950,0,2619
2022-03-05,"BW","Botswana","Africa",0,263950,0,2619
2022-03-06,"BW","Botswana","Africa",0,263950,0,2619
2021-12-06,"BR","Brazil","Americas",8838,22138247,170,615570
2021-12-07,"BR","Brazil","Americas",4844,22143091,66,615636
2021-12-08,"BR","Brazil","Americas",4385,22147476,108,615744
2021-12-09,"BR","Brazil","Americas",10250,22157726,274,616018
2021-12-10,"BR","Brazil","Americas",10055,22167781,233,616251
2021-12-11,"BR","Brazil","Americas",9278,22177059,206,616457
2021-12-12,"BR","Brazil","Americas",7765,22184824,234,616691
2021-12-13,"BR","Brazil","Americas",3355,22188179,53,616744
2021-12-14,"BR","Brazil","Americas",1688,22189867,86,616830
2021-12-15,"BR","Brazil","Americas",2082,22191949,48,616878
2021-12-16,"BR","Brazil","Americas",3826,22195775,92,616970
2021-12-17,"BR","Brazil","Americas",5446,22201221,301,617271
2021-12-18,"BR","Brazil","Americas",3720,22204941,124,617395
2021-12-19,"BR","Brazil","Americas",4079,22209020,206,617601
2021-12-20,"BR","Brazil","Americas",3323,22212343,153,617754
2021-12-21,"BR","Brazil","Americas",1419,22213762,49,617803
2021-12-22,"BR","Brazil","Americas",2094,22215856,70,617873
2021-12-23,"BR","Brazil","Americas",3621,22219477,75,617948
2021-12-24,"BR","Brazil","Americas",3451,22222928,143,618091
2021-12-25,"BR","Brazil","Americas",3645,22226573,137,618228
2021-12-26,"BR","Brazil","Americas",4164,22230737,164,618392
2021-12-27,"BR","Brazil","Americas",0,22230737,0,618392
2021-12-28,"BR","Brazil","Americas",8699,22239436,56,618448
2021-12-29,"BR","Brazil","Americas",6840,22246276,86,618534
2021-12-30,"BR","Brazil","Americas",8430,22254706,171,618705
2021-12-31,"BR","Brazil","Americas",9128,22263834,112,618817
2022-01-01,"BR","Brazil","Americas",13405,22277239,167,618984
2022-01-02,"BR","Brazil","Americas",10282,22287521,72,619056
2022-01-03,"BR","Brazil","Americas",3986,22291507,49,619105
2022-01-04,"BR","Brazil","Americas",1721,22293228,28,619133
2022-01-05,"BR","Brazil","Americas",11850,22305078,76,619209
2022-01-06,"BR","Brazil","Americas",18759,22323837,175,619384
2022-01-07,"BR","Brazil","Americas",27267,22351104,129,619513
2022-01-08,"BR","Brazil","Americas",35826,22386930,128,619641
2022-01-09,"BR","Brazil","Americas",63292,22450222,181,619822
2022-01-10,"BR","Brazil","Americas",49303,22499525,115,619937
2022-01-11,"BR","Brazil","Americas",24382,22523907,44,619981
2022-01-12,"BR","Brazil","Americas",34788,22558695,110,620091
2022-01-13,"BR","Brazil","Americas",70765,22629460,147,620238
2022-01-14,"BR","Brazil","Americas",86631,22716091,133,620371
2022-01-15,"BR","Brazil","Americas",98826,22814917,174,620545
2022-01-16,"BR","Brazil","Americas",112286,22927203,251,620796
2022-01-17,"BR","Brazil","Americas",48520,22975723,175,620971
2022-01-18,"BR","Brazil","Americas",24934,23000657,74,621045
2022-01-19,"BR","Brazil","Americas",74134,23074791,121,621166
2022-01-20,"BR","Brazil","Americas",137103,23211894,351,621517
2022-01-21,"BR","Brazil","Americas",204854,23416748,338,621855
2022-01-22,"BR","Brazil","Americas",168495,23585243,350,622205
2022-01-23,"BR","Brazil","Americas",166539,23751782,358,622563
2022-01-24,"BR","Brazil","Americas",157393,23909175,238,622801
2022-01-25,"BR","Brazil","Americas",135080,24044255,296,623097
2022-01-26,"BR","Brazil","Americas",80340,24124595,259,623356
2022-01-27,"BR","Brazil","Americas",186722,24311317,487,623843
2022-01-28,"BR","Brazil","Americas",224567,24535884,570,624413
2022-01-29,"BR","Brazil","Americas",228954,24764838,672,625085
2022-01-30,"BR","Brazil","Americas",269968,25034806,799,625884
2022-01-31,"BR","Brazil","Americas",179816,25214622,640,626524
2022-02-01,"BR","Brazil","Americas",134175,25348797,330,626854
2022-02-02,"BR","Brazil","Americas",77947,25426744,284,627138
2022-02-03,"BR","Brazil","Americas",193465,25620209,929,628067
2022-02-04,"BR","Brazil","Americas",172903,25793112,893,628960
2022-02-05,"BR","Brazil","Americas",298408,26091520,1041,630001
2022-02-06,"BR","Brazil","Americas",184311,26275831,493,630494
2022-02-07,"BR","Brazil","Americas",197442,26473273,1308,631802
2022-02-08,"BR","Brazil","Americas",59737,26533010,391,632193
2022-02-09,"BR","Brazil","Americas",66583,26599593,428,632621
2022-02-10,"BR","Brazil","Americas",177027,26776620,1189,633810
2022-02-11,"BR","Brazil","Americas",178814,26955434,1264,635074
2022-02-12,"BR","Brazil","Americas",164066,27119500,943,636017
2022-02-13,"BR","Brazil","Americas",166009,27285509,1135,637152
2022-02-14,"BR","Brazil","Americas",140234,27425743,896,638048
2022-02-15,"BR","Brazil","Americas",54220,27479963,314,638362
2022-02-16,"BR","Brazil","Americas",58540,27538503,473,638835
2022-02-17,"BR","Brazil","Americas",120549,27659052,854,639689
2022-02-18,"BR","Brazil","Americas",147734,27806786,1085,640774
2022-02-19,"BR","Brazil","Americas",131049,27937835,1128,641902
2022-02-20,"BR","Brazil","Americas",121027,28058862,1127,643029
2022-02-21,"BR","Brazil","Americas",108725,28167587,851,643880
2022-02-22,"BR","Brazil","Americas",40625,28208212,406,644286
2022-02-23,"BR","Brazil","Americas",37339,28245551,318,644604
2022-02-24,"BR","Brazil","Americas",105776,28351327,816,645420
2022-02-25,"BR","Brazil","Americas",133563,28484890,999,646419
2022-02-26,"BR","Brazil","Americas",93757,28578647,971,647390
2022-02-27,"BR","Brazil","Americas",0,28578647,0,647390
2022-02-28,"BR","Brazil","Americas",165403,28744050,1523,648913
2022-03-01,"BR","Brazil","Americas",24054,28768104,221,649134
2022-03-02,"BR","Brazil","Americas",19516,28787620,199,649333
2022-03-03,"BR","Brazil","Americas",23545,28811165,297,649630
2022-03-04,"BR","Brazil","Americas",30995,28842160,370,650000
2022-03-05,"BR","Brazil","Americas",61870,28904030,578,650578
2022-03-06,"BR","Brazil","Americas",69769,28973799,677,651255
2021-12-06,"VG","British Virgin Islands","Americas",0,2816,0,38
2021-12-07,"VG","British Virgin Islands","Americas",0,2816,0,38
2021-12-08,"VG","British Virgin Islands","Americas",0,2816,0,38
2021-12-09,"VG","British Virgin Islands","Americas",0,2816,0,38
2021-12-10,"VG","British Virgin Islands","Americas",0,2816,0,38
2021-12-11,"VG","British Virgin Islands","Americas",0,2816,0,38
2021-12-12,"VG","British Virgin Islands","Americas",26,2842,1,39
2021-12-13,"VG","British Virgin Islands","Americas",0,2842,0,39
2021-12-14,"VG","British Virgin Islands","Americas",0,2842,0,39
2021-12-15,"VG","British Virgin Islands","Americas",44,2886,0,39
2021-12-16,"VG","British Virgin Islands","Americas",0,2886,0,39
2021-12-17,"VG","British Virgin Islands","Americas",0,2886,0,39
2021-12-18,"VG","British Virgin Islands","Americas",0,2886,0,39
2021-12-19,"VG","British Virgin Islands","Americas",0,2886,0,39
2021-12-20,"VG","British Virgin Islands","Americas",0,2886,0,39
2021-12-21,"VG","British Virgin Islands","Americas",0,2886,0,39
2021-12-22,"VG","British Virgin Islands","Americas",0,2886,0,39
2021-12-23,"VG","British Virgin Islands","Americas",130,3016,0,39
2021-12-24,"VG","British Virgin Islands","Americas",0,3016,0,39
2021-12-25,"VG","British Virgin Islands","Americas",55,3071,0,39
2021-12-26,"VG","British Virgin Islands","Americas",0,3071,0,39
2021-12-27,"VG","British Virgin Islands","Americas",0,3071,0,39
2021-12-28,"VG","British Virgin Islands","Americas",0,3071,0,39
2021-12-29,"VG","British Virgin Islands","Americas",0,3071,0,39
2021-12-30,"VG","British Virgin Islands","Americas",149,3220,0,39
2021-12-31,"VG","British Virgin Islands","Americas",36,3256,0,39
2022-01-01,"VG","British Virgin Islands","Americas",0,3256,0,39
2022-01-02,"VG","British Virgin Islands","Americas",0,3256,0,39
2022-01-03,"VG","British Virgin Islands","Americas",0,3256,0,39
2022-01-04,"VG","British Virgin Islands","Americas",236,3492,0,39
2022-01-05,"VG","British Virgin Islands","Americas",268,3760,1,40
2022-01-06,"VG","British Virgin Islands","Americas",0,3760,0,40
2022-01-07,"VG","British Virgin Islands","Americas",0,3760,0,40
2022-01-08,"VG","British Virgin Islands","Americas",447,4207,0,40
2022-01-09,"VG","British Virgin Islands","Americas",0,4207,0,40
2022-01-10,"VG","British Virgin Islands","Americas",0,4207,0,40
2022-01-11,"VG","British Virgin Islands","Americas",557,4764,0,40
2022-01-12,"VG","British Virgin Islands","Americas",0,4764,0,40
2022-01-13,"VG","British Virgin Islands","Americas",183,4947,0,40
2022-01-14,"VG","British Virgin Islands","Americas",0,4947,0,40
2022-01-15,"VG","British Virgin Islands","Americas",308,5255,2,42
2022-01-16,"VG","British Virgin Islands","Americas",0,5255,0,42
2022-01-17,"VG","British Virgin Islands","Americas",0,5255,0,42
2022-01-18,"VG","British Virgin Islands","Americas",0,5255,0,42
2022-01-19,"VG","British Virgin Islands","Americas",194,5449,5,47
2022-01-20,"VG","British Virgin Islands","Americas",0,5449,0,47
2022-01-21,"VG","British Virgin Islands","Americas",153,5602,0,47
2022-01-22,"VG","British Virgin Islands","Americas",47,5649,0,47
2022-01-23,"VG","British Virgin Islands","Americas",0,5649,0,47
2022-01-24,"VG","British Virgin Islands","Americas",0,5649,0,47
2022-01-25,"VG","British Virgin Islands","Americas",0,5649,0,47
2022-01-26,"VG","British Virgin Islands","Americas",160,5809,2,49
2022-01-27,"VG","British Virgin Islands","Americas",0,5809,0,49
2022-01-28,"VG","British Virgin Islands","Americas",30,5839,0,49
2022-01-29,"VG","British Virgin Islands","Americas",0,5839,0,49
2022-01-30,"VG","British Virgin Islands","Americas",36,5875,0,49
2022-01-31,"VG","British Virgin Islands","Americas",0,5875,0,49
2022-02-01,"VG","British Virgin Islands","Americas",0,5875,0,49
2022-02-02,"VG","British Virgin Islands","Americas",0,5875,0,49
2022-02-03,"VG","British Virgin Islands","Americas",53,5928,2,51
2022-02-04,"VG","British Virgin Islands","Americas",0,5928,0,51
2022-02-05,"VG","British Virgin Islands","Americas",0,5928,0,51
2022-02-06,"VG","British Virgin Islands","Americas",0,5928,0,51
2022-02-07,"VG","British Virgin Islands","Americas",0,5928,0,51
2022-02-08,"VG","British Virgin Islands","Americas",0,5928,0,51
2022-02-09,"VG","British Virgin Islands","Americas",0,5928,7,58
2022-02-10,"VG","British Virgin Islands","Americas",0,5928,0,58
2022-02-11,"VG","British Virgin Islands","Americas",69,5997,3,61
2022-02-12,"VG","British Virgin Islands","Americas",0,5997,0,61
2022-02-13,"VG","British Virgin Islands","Americas",0,5997,0,61
2022-02-14,"VG","British Virgin Islands","Americas",0,5997,0,61
2022-02-15,"VG","British Virgin Islands","Americas",0,5997,0,61
2022-02-16,"VG","British Virgin Islands","Americas",0,5997,0,61
2022-02-17,"VG","British Virgin Islands","Americas",53,6050,1,62
2022-02-18,"VG","British Virgin Islands","Americas",0,6050,0,62
2022-02-19,"VG","British Virgin Islands","Americas",0,6050,0,62
2022-02-20,"VG","British Virgin Islands","Americas",0,6050,0,62
2022-02-21,"VG","British Virgin Islands","Americas",0,6050,0,62
2022-02-22,"VG","British Virgin Islands","Americas",0,6050,0,62
2022-02-23,"VG","British Virgin Islands","Americas",24,6074,0,62
2022-02-24,"VG","British Virgin Islands","Americas",0,6074,0,62
2022-02-25,"VG","British Virgin Islands","Americas",0,6074,0,62
2022-02-26,"VG","British Virgin Islands","Americas",0,6074,0,62
2022-02-27,"VG","British Virgin Islands","Americas",11,6085,0,62
2022-02-28,"VG","British Virgin Islands","Americas",0,6085,0,62
2022-03-01,"VG","British Virgin Islands","Americas",0,6085,0,62
2022-03-02,"VG","British Virgin Islands","Americas",0,6085,0,62
2022-03-03,"VG","British Virgin Islands","Americas",6,6091,0,62
2022-03-04,"VG","British Virgin Islands","Americas",0,6091,0,62
2022-03-05,"VG","British Virgin Islands","Americas",0,6091,0,62
2022-03-06,"VG","British Virgin Islands","Americas",0,6091,0,62
2021-12-06,"BN","Brunei Darussalam","Western Pacific",22,15186,0,57
2021-12-07,"BN","Brunei Darussalam","Western Pacific",16,15202,0,57
2021-12-08,"BN","Brunei Darussalam","Western Pacific",27,15229,0,57
2021-12-09,"BN","Brunei Darussalam","Western Pacific",15,15244,0,57
2021-12-10,"BN","Brunei Darussalam","Western Pacific",39,15283,0,57
2021-12-11,"BN","Brunei Darussalam","Western Pacific",25,15308,0,57
2021-12-12,"BN","Brunei Darussalam","Western Pacific",35,15343,0,57
2021-12-13,"BN","Brunei Darussalam","Western Pacific",5,15348,0,57
2021-12-14,"BN","Brunei Darussalam","Western Pacific",14,15362,0,57
2021-12-15,"BN","Brunei Darussalam","Western Pacific",1,15363,0,57
2021-12-16,"BN","Brunei Darussalam","Western Pacific",9,15372,0,57
2021-12-17,"BN","Brunei Darussalam","Western Pacific",4,15376,0,57
2021-12-18,"BN","Brunei Darussalam","Western Pacific",9,15385,0,57
2021-12-19,"BN","Brunei Darussalam","Western Pacific",1,15386,0,57
2021-12-20,"BN","Brunei Darussalam","Western Pacific",16,15402,0,57
2021-12-21,"BN","Brunei Darussalam","Western Pacific",10,15412,0,57
2021-12-22,"BN","Brunei Darussalam","Western Pacific",6,15418,0,57
2021-12-23,"BN","Brunei Darussalam","Western Pacific",8,15426,0,57
2021-12-24,"BN","Brunei Darussalam","Western Pacific",3,15429,0,57
2021-12-25,"BN","Brunei Darussalam","Western Pacific",5,15434,0,57
2021-12-26,"BN","Brunei Darussalam","Western Pacific",10,15444,0,57
2021-12-27,"BN","Brunei Darussalam","Western Pacific",3,15447,0,57
2021-12-28,"BN","Brunei Darussalam","Western Pacific",11,15458,0,57
2021-12-29,"BN","Brunei Darussalam","Western Pacific",3,15461,0,57
2021-12-30,"BN","Brunei Darussalam","Western Pacific",4,15465,0,57
2021-12-31,"BN","Brunei Darussalam","Western Pacific",5,15470,0,57
2022-01-01,"BN","Brunei Darussalam","Western Pacific",4,15474,0,57
2022-01-02,"BN","Brunei Darussalam","Western Pacific",17,15491,0,57
2022-01-03,"BN","Brunei Darussalam","Western Pacific",8,15499,0,57
2022-01-04,"BN","Brunei Darussalam","Western Pacific",7,15506,0,57
2022-01-05,"BN","Brunei Darussalam","Western Pacific",10,15516,0,57
2022-01-06,"BN","Brunei Darussalam","Western Pacific",16,15532,1,58
2022-01-07,"BN","Brunei Darussalam","Western Pacific",18,15550,1,59
2022-01-08,"BN","Brunei Darussalam","Western Pacific",27,15577,0,59
2022-01-09,"BN","Brunei Darussalam","Western Pacific",20,15597,0,59
2022-01-10,"BN","Brunei Darussalam","Western Pacific",37,15634,0,59
2022-01-11,"BN","Brunei Darussalam","Western Pacific",44,15678,0,59
2022-01-12,"BN","Brunei Darussalam","Western Pacific",34,15712,0,59
2022-01-13,"BN","Brunei Darussalam","Western Pacific",38,15750,0,59
2022-01-14,"BN","Brunei Darussalam","Western Pacific",47,15797,0,59
2022-01-15,"BN","Brunei Darussalam","Western Pacific",28,15825,0,59
2022-01-16,"BN","Brunei Darussalam","Western Pacific",35,15860,0,59
2022-01-17,"BN","Brunei Darussalam","Western Pacific",21,15881,0,59
2022-01-18,"BN","Brunei Darussalam","Western Pacific",20,15901,0,59
2022-01-19,"BN","Brunei Darussalam","Western Pacific",56,15957,0,59
2022-01-20,"BN","Brunei Darussalam","Western Pacific",29,15986,0,59
2022-01-21,"BN","Brunei Darussalam","Western Pacific",36,16022,0,59
2022-01-22,"BN","Brunei Darussalam","Western Pacific",44,16066,0,59
2022-01-23,"BN","Brunei Darussalam","Western Pacific",18,16084,0,59
2022-01-24,"BN","Brunei Darussalam","Western Pacific",48,16132,0,59
2022-01-25,"BN","Brunei Darussalam","Western Pacific",16,16148,0,59
2022-01-26,"BN","Brunei Darussalam","Western Pacific",31,16179,0,59
2022-01-27,"BN","Brunei Darussalam","Western Pacific",27,16206,0,59
2022-01-28,"BN","Brunei Darussalam","Western Pacific",46,16252,0,59
2022-01-29,"BN","Brunei Darussalam","Western Pacific",41,16293,0,59
2022-01-30,"BN","Brunei Darussalam","Western Pacific",52,16345,0,59
2022-01-31,"BN","Brunei Darussalam","Western Pacific",68,16413,0,59
2022-02-01,"BN","Brunei Darussalam","Western Pacific",63,16476,0,59
2022-02-02,"BN","Brunei Darussalam","Western Pacific",82,16558,0,59
2022-02-03,"BN","Brunei Darussalam","Western Pacific",133,16691,0,59
2022-02-04,"BN","Brunei Darussalam","Western Pacific",200,16891,0,59
2022-02-05,"BN","Brunei Darussalam","Western Pacific",140,17031,0,59
2022-02-06,"BN","Brunei Darussalam","Western Pacific",373,17404,0,59
2022-02-07,"BN","Brunei Darussalam","Western Pacific",380,17784,0,59
2022-02-08,"BN","Brunei Darussalam","Western Pacific",368,18152,0,59
2022-02-09,"BN","Brunei Darussalam","Western Pacific",252,18404,0,59
2022-02-10,"BN","Brunei Darussalam","Western Pacific",441,18845,0,59
2022-02-11,"BN","Brunei Darussalam","Western Pacific",628,19473,0,59
2022-02-12,"BN","Brunei Darussalam","Western Pacific",981,20454,0,59
2022-02-13,"BN","Brunei Darussalam","Western Pacific",1125,21579,0,59
2022-02-14,"BN","Brunei Darussalam","Western Pacific",936,22515,0,59
2022-02-15,"BN","Brunei Darussalam","Western Pacific",1477,23992,0,59
2022-02-16,"BN","Brunei Darussalam","Western Pacific",667,24659,0,59
2022-02-17,"BN","Brunei Darussalam","Western Pacific",925,25584,0,59
2022-02-18,"BN","Brunei Darussalam","Western Pacific",2015,27599,1,60
2022-02-19,"BN","Brunei Darussalam","Western Pacific",2988,30587,0,60
2022-02-20,"BN","Brunei Darussalam","Western Pacific",1926,32513,0,60
2022-02-21,"BN","Brunei Darussalam","Western Pacific",2466,34979,0,60
2022-02-22,"BN","Brunei Darussalam","Western Pacific",2819,37798,2,62
2022-02-23,"BN","Brunei Darussalam","Western Pacific",3251,41049,1,63
2022-02-24,"BN","Brunei Darussalam","Western Pacific",3285,44334,0,63
2022-02-25,"BN","Brunei Darussalam","Western Pacific",3721,48055,1,64
2022-02-26,"BN","Brunei Darussalam","Western Pacific",3461,51516,2,66
2022-02-27,"BN","Brunei Darussalam","Western Pacific",3969,55485,2,68
2022-02-28,"BN","Brunei Darussalam","Western Pacific",3962,59447,4,72
2022-03-01,"BN","Brunei Darussalam","Western Pacific",4095,63542,4,76
2022-03-02,"BN","Brunei Darussalam","Western Pacific",4220,67762,2,78
2022-03-03,"BN","Brunei Darussalam","Western Pacific",3887,71649,2,80
2022-03-04,"BN","Brunei Darussalam","Western Pacific",4885,76534,6,86
2022-03-05,"BN","Brunei Darussalam","Western Pacific",4215,80749,0,86
2022-03-06,"BN","Brunei Darussalam","Western Pacific",4095,84844,5,91
2021-12-06,"BG","Bulgaria","Europe",706,703160,47,28852
2021-12-07,"BG","Bulgaria","Europe",2426,705586,208,29060
2021-12-08,"BG","Bulgaria","Europe",2299,707885,103,29163
2021-12-09,"BG","Bulgaria","Europe",1652,709537,116,29279
2021-12-10,"BG","Bulgaria","Europe",1827,711364,103,29382
2021-12-11,"BG","Bulgaria","Europe",1719,713083,77,29459
2021-12-12,"BG","Bulgaria","Europe",1073,714156,27,29486
2021-12-13,"BG","Bulgaria","Europe",532,714688,50,29536
2021-12-14,"BG","Bulgaria","Europe",1959,716647,152,29688
2021-12-15,"BG","Bulgaria","Europe",2004,718651,76,29764
2021-12-16,"BG","Bulgaria","Europe",1725,720376,83,29847
2021-12-17,"BG","Bulgaria","Europe",1443,721819,86,29933
2021-12-18,"BG","Bulgaria","Europe",1614,723433,81,30014
2021-12-19,"BG","Bulgaria","Europe",904,724337,33,30047
2021-12-20,"BG","Bulgaria","Europe",456,724793,35,30082
2021-12-21,"BG","Bulgaria","Europe",2001,726794,157,30239
2021-12-22,"BG","Bulgaria","Europe",1883,728677,64,30303
2021-12-23,"BG","Bulgaria","Europe",1463,730140,56,30359
2021-12-24,"BG","Bulgaria","Europe",1966,732106,77,30436
2021-12-25,"BG","Bulgaria","Europe",1033,733139,40,30476
2021-12-26,"BG","Bulgaria","Europe",743,733882,52,30528
2021-12-27,"BG","Bulgaria","Europe",838,734720,46,30574
2021-12-28,"BG","Bulgaria","Europe",1278,735998,49,30623
2021-12-29,"BG","Bulgaria","Europe",1235,737233,34,30657
2021-12-30,"BG","Bulgaria","Europe",3449,740682,162,30819
2021-12-31,"BG","Bulgaria","Europe",3616,744298,71,30890
2022-01-01,"BG","Bulgaria","Europe",2810,747108,65,30955
2022-01-02,"BG","Bulgaria","Europe",1076,748184,28,30983
2022-01-03,"BG","Bulgaria","Europe",1356,749540,44,31027
2022-01-04,"BG","Bulgaria","Europe",1918,751458,53,31080
2022-01-05,"BG","Bulgaria","Europe",6252,757710,157,31237
2022-01-06,"BG","Bulgaria","Europe",6766,764476,66,31303
2022-01-07,"BG","Bulgaria","Europe",5525,770001,72,31375
2022-01-08,"BG","Bulgaria","Europe",5524,775525,96,31471
2022-01-09,"BG","Bulgaria","Europe",3176,778701,45,31516
2022-01-10,"BG","Bulgaria","Europe",1716,780417,40,31556
2022-01-11,"BG","Bulgaria","Europe",6761,787178,116,31672
2022-01-12,"BG","Bulgaria","Europe",7062,794240,89,31761
2022-01-13,"BG","Bulgaria","Europe",5703,799943,77,31838
2022-01-14,"BG","Bulgaria","Europe",7034,806977,84,31922
2022-01-15,"BG","Bulgaria","Europe",6863,813840,80,32002
2022-01-16,"BG","Bulgaria","Europe",4389,818229,40,32042
2022-01-17,"BG","Bulgaria","Europe",2379,820608,44,32086
2022-01-18,"BG","Bulgaria","Europe",9996,830604,161,32247
2022-01-19,"BG","Bulgaria","Europe",11181,841785,91,32338
2022-01-20,"BG","Bulgaria","Europe",10160,851945,93,32431
2022-01-21,"BG","Bulgaria","Europe",8932,860877,87,32518
2022-01-22,"BG","Bulgaria","Europe",9874,870751,86,32604
2022-01-23,"BG","Bulgaria","Europe",6630,877381,32,32636
2022-01-24,"BG","Bulgaria","Europe",2847,880228,28,32664
2022-01-25,"BG","Bulgaria","Europe",11049,891277,132,32796
2022-01-26,"BG","Bulgaria","Europe",12399,903676,73,32869
2022-01-27,"BG","Bulgaria","Europe",9916,913592,70,32939
2022-01-28,"BG","Bulgaria","Europe",9874,923466,78,33017
2022-01-29,"BG","Bulgaria","Europe",9871,933337,71,33088
2022-01-30,"BG","Bulgaria","Europe",5875,939212,33,33121
2022-01-31,"BG","Bulgaria","Europe",2602,941814,39,33160
2022-02-01,"BG","Bulgaria","Europe",10151,951965,158,33318
2022-02-02,"BG","Bulgaria","Europe",11143,963108,87,33405
2022-02-03,"BG","Bulgaria","Europe",9152,972260,87,33492
2022-02-04,"BG","Bulgaria","Europe",8142,980402,96,33588
2022-02-05,"BG","Bulgaria","Europe",8116,988518,100,33688
2022-02-06,"BG","Bulgaria","Europe",4737,993255,40,33728
2022-02-07,"BG","Bulgaria","Europe",2181,995436,42,33770
2022-02-08,"BG","Bulgaria","Europe",8012,1003448,176,33946
2022-02-09,"BG","Bulgaria","Europe",8140,1011588,98,34044
2022-02-10,"BG","Bulgaria","Europe",7263,1018851,108,34152
2022-02-11,"BG","Bulgaria","Europe",6278,1025129,76,34228
2022-02-12,"BG","Bulgaria","Europe",6531,1031660,86,34314
2022-02-13,"BG","Bulgaria","Europe",3625,1035285,45,34359
2022-02-14,"BG","Bulgaria","Europe",1539,1036824,45,34404
2022-02-15,"BG","Bulgaria","Europe",6130,1042954,187,34591
2022-02-16,"BG","Bulgaria","Europe",6589,1049543,95,34686
2022-02-17,"BG","Bulgaria","Europe",5023,1054566,93,34779
2022-02-18,"BG","Bulgaria","Europe",4626,1059192,105,34884
2022-02-19,"BG","Bulgaria","Europe",4616,1063808,89,34973
2022-02-20,"BG","Bulgaria","Europe",2605,1066413,25,34998
2022-02-21,"BG","Bulgaria","Europe",1235,1067648,44,35042
2022-02-22,"BG","Bulgaria","Europe",4845,1072493,143,35185
2022-02-23,"BG","Bulgaria","Europe",4667,1077160,60,35245
2022-02-24,"BG","Bulgaria","Europe",3411,1080571,53,35298
2022-02-25,"BG","Bulgaria","Europe",2854,1083425,59,35357
2022-02-26,"BG","Bulgaria","Europe",2903,1086328,76,35433
2022-02-27,"BG","Bulgaria","Europe",1468,1087796,25,35458
2022-02-28,"BG","Bulgaria","Europe",724,1088520,24,35482
2022-03-01,"BG","Bulgaria","Europe",2759,1091279,99,35581
2022-03-02,"BG","Bulgaria","Europe",2641,1093920,56,35637
2022-03-03,"BG","Bulgaria","Europe",2274,1096194,59,35696
2022-03-04,"BG","Bulgaria","Europe",1104,1097298,20,35716
2022-03-05,"BG","Bulgaria","Europe",2125,1099423,74,35790
2022-03-06,"BG","Bulgaria","Europe",1388,1100811,21,35811
2021-12-06,"BF","Burkina Faso","Africa",0,16000,0,286
2021-12-07,"BF","Burkina Faso","Africa",0,16000,0,286
2021-12-08,"BF","Burkina Faso","Africa",334,16334,4,290
2021-12-09,"BF","Burkina Faso","Africa",0,16334,0,290
2021-12-10,"BF","Burkina Faso","Africa",0,16334,0,290
2021-12-11,"BF","Burkina Faso","Africa",0,16334,0,290
2021-12-12,"BF","Burkina Faso","Africa",0,16334,0,290
2021-12-13,"BF","Burkina Faso","Africa",0,16334,0,290
2021-12-14,"BF","Burkina Faso","Africa",0,16334,0,290
2021-12-15,"BF","Burkina Faso","Africa",338,16672,6,296
2021-12-16,"BF","Burkina Faso","Africa",0,16672,0,296
2021-12-17,"BF","Burkina Faso","Africa",0,16672,0,296
2021-12-18,"BF","Burkina Faso","Africa",0,16672,0,296
2021-12-19,"BF","Burkina Faso","Africa",0,16672,0,296
2021-12-20,"BF","Burkina Faso","Africa",0,16672,0,296
2021-12-21,"BF","Burkina Faso","Africa",0,16672,0,296
2021-12-22,"BF","Burkina Faso","Africa",368,17040,21,317
2021-12-23,"BF","Burkina Faso","Africa",0,17040,0,317
2021-12-24,"BF","Burkina Faso","Africa",0,17040,0,317
2021-12-25,"BF","Burkina Faso","Africa",0,17040,0,317
2021-12-26,"BF","Burkina Faso","Africa",0,17040,0,317
2021-12-27,"BF","Burkina Faso","Africa",0,17040,0,317
2021-12-28,"BF","Burkina Faso","Africa",0,17040,0,317
2021-12-29,"BF","Burkina Faso","Africa",592,17632,1,318
2021-12-30,"BF","Burkina Faso","Africa",0,17632,0,318
2021-12-31,"BF","Burkina Faso","Africa",0,17632,0,318
2022-01-01,"BF","Burkina Faso","Africa",0,17632,0,318
2022-01-02,"BF","Burkina Faso","Africa",0,17632,0,318
2022-01-03,"BF","Burkina Faso","Africa",0,17632,0,318
2022-01-04,"BF","Burkina Faso","Africa",0,17632,0,318
2022-01-05,"BF","Burkina Faso","Africa",1005,18637,15,333
2022-01-06,"BF","Burkina Faso","Africa",0,18637,0,333
2022-01-07,"BF","Burkina Faso","Africa",0,18637,0,333
2022-01-08,"BF","Burkina Faso","Africa",723,19360,0,333
2022-01-09,"BF","Burkina Faso","Africa",187,19547,0,333
2022-01-10,"BF","Burkina Faso","Africa",89,19636,0,333
2022-01-11,"BF","Burkina Faso","Africa",0,19636,0,333
2022-01-12,"BF","Burkina Faso","Africa",0,19636,0,333
2022-01-13,"BF","Burkina Faso","Africa",250,19886,6,339
2022-01-14,"BF","Burkina Faso","Africa",86,19972,0,339
2022-01-15,"BF","Burkina Faso","Africa",0,19972,0,339
2022-01-16,"BF","Burkina Faso","Africa",0,19972,0,339
2022-01-17,"BF","Burkina Faso","Africa",0,19972,0,339
2022-01-18,"BF","Burkina Faso","Africa",277,20249,0,339
2022-01-19,"BF","Burkina Faso","Africa",0,20249,0,339
2022-01-20,"BF","Burkina Faso","Africa",0,20249,0,339
2022-01-21,"BF","Burkina Faso","Africa",186,20435,14,353
2022-01-22,"BF","Burkina Faso","Africa",0,20435,0,353
2022-01-23,"BF","Burkina Faso","Africa",79,20514,0,353
2022-01-24,"BF","Burkina Faso","Africa",0,20514,0,353
2022-01-25,"BF","Burkina Faso","Africa",0,20514,0,353
2022-01-26,"BF","Burkina Faso","Africa",0,20514,0,353
2022-01-27,"BF","Burkina Faso","Africa",77,20591,13,366
2022-01-28,"BF","Burkina Faso","Africa",0,20591,0,366
2022-01-29,"BF","Burkina Faso","Africa",20,20611,0,366
2022-01-30,"BF","Burkina Faso","Africa",0,20611,0,366
2022-01-31,"BF","Burkina Faso","Africa",13,20624,0,366
2022-02-01,"BF","Burkina Faso","Africa",0,20624,0,366
2022-02-02,"BF","Burkina Faso","Africa",25,20649,5,371
2022-02-03,"BF","Burkina Faso","Africa",0,20649,0,371
2022-02-04,"BF","Burkina Faso","Africa",24,20673,1,372
2022-02-05,"BF","Burkina Faso","Africa",0,20673,0,372
2022-02-06,"BF","Burkina Faso","Africa",6,20679,0,372
2022-02-07,"BF","Burkina Faso","Africa",0,20679,0,372
2022-02-08,"BF","Burkina Faso","Africa",4,20683,0,372
2022-02-09,"BF","Burkina Faso","Africa",2,20685,3,375
2022-02-10,"BF","Burkina Faso","Africa",11,20696,0,375
2022-02-11,"BF","Burkina Faso","Africa",0,20696,0,375
2022-02-12,"BF","Burkina Faso","Africa",3,20699,0,375
2022-02-13,"BF","Burkina Faso","Africa",6,20705,0,375
2022-02-14,"BF","Burkina Faso","Africa",11,20716,0,375
2022-02-15,"BF","Burkina Faso","Africa",5,20721,0,375
2022-02-16,"BF","Burkina Faso","Africa",4,20725,0,375
2022-02-17,"BF","Burkina Faso","Africa",4,20729,0,375
2022-02-18,"BF","Burkina Faso","Africa",14,20743,0,375
2022-02-19,"BF","Burkina Faso","Africa",1,20744,0,375
2022-02-20,"BF","Burkina Faso","Africa",1,20745,0,375
2022-02-21,"BF","Burkina Faso","Africa",6,20751,0,375
2022-02-22,"BF","Burkina Faso","Africa",0,20751,0,375
2022-02-23,"BF","Burkina Faso","Africa",0,20751,0,375
2022-02-24,"BF","Burkina Faso","Africa",0,20751,0,375
2022-02-25,"BF","Burkina Faso","Africa",0,20751,0,375
2022-02-26,"BF","Burkina Faso","Africa",0,20751,0,375
2022-02-27,"BF","Burkina Faso","Africa",0,20751,0,375
2022-02-28,"BF","Burkina Faso","Africa",0,20751,0,375
2022-03-01,"BF","Burkina Faso","Africa",0,20751,0,375
2022-03-02,"BF","Burkina Faso","Africa",0,20751,0,375
2022-03-03,"BF","Burkina Faso","Africa",0,20751,0,375
2022-03-04,"BF","Burkina Faso","Africa",0,20751,0,375
2022-03-05,"BF","Burkina Faso","Africa",0,20751,0,375
2022-03-06,"BF","Burkina Faso","Africa",0,20751,0,375
2021-12-06,"BI","Burundi","Africa",0,20473,0,14
2021-12-07,"BI","Burundi","Africa",50,20523,0,14
2021-12-08,"BI","Burundi","Africa",0,20523,0,14
2021-12-09,"BI","Burundi","Africa",87,20610,0,14
2021-12-10,"BI","Burundi","Africa",56,20666,0,14
2021-12-11,"BI","Burundi","Africa",0,20666,0,14
2021-12-12,"BI","Burundi","Africa",100,20766,0,14
2021-12-13,"BI","Burundi","Africa",120,20886,0,14
2021-12-14,"BI","Burundi","Africa",0,20886,0,14
2021-12-15,"BI","Burundi","Africa",257,21143,0,14
2021-12-16,"BI","Burundi","Africa",279,21422,0,14
2021-12-17,"BI","Burundi","Africa",0,21422,0,14
2021-12-18,"BI","Burundi","Africa",413,21835,0,14
2021-12-19,"BI","Burundi","Africa",377,22212,0,14
2021-12-20,"BI","Burundi","Africa",427,22639,0,14
2021-12-21,"BI","Burundi","Africa",370,23009,0,14
2021-12-22,"BI","Burundi","Africa",0,23009,0,14
2021-12-23,"BI","Burundi","Africa",648,23657,0,14
2021-12-24,"BI","Burundi","Africa",710,24367,0,14
2021-12-25,"BI","Burundi","Africa",920,25287,0,14
2021-12-26,"BI","Burundi","Africa",0,25287,0,14
2021-12-27,"BI","Burundi","Africa",937,26224,0,14
2021-12-28,"BI","Burundi","Africa",775,26999,0,14
2021-12-29,"BI","Burundi","Africa",367,27366,0,14
2021-12-30,"BI","Burundi","Africa",965,28331,0,14
2021-12-31,"BI","Burundi","Africa",1576,29907,0,14
2022-01-01,"BI","Burundi","Africa",643,30550,0,14
2022-01-02,"BI","Burundi","Africa",0,30550,0,14
2022-01-03,"BI","Burundi","Africa",1065,31615,0,14
2022-01-04,"BI","Burundi","Africa",461,32076,0,14
2022-01-05,"BI","Burundi","Africa",0,32076,0,14
2022-01-06,"BI","Burundi","Africa",1475,33551,0,14
2022-01-07,"BI","Burundi","Africa",1171,34722,0,14
2022-01-08,"BI","Burundi","Africa",0,34722,0,14
2022-01-09,"BI","Burundi","Africa",778,35500,0,14
2022-01-10,"BI","Burundi","Africa",0,35500,0,14
2022-01-11,"BI","Burundi","Africa",255,35755,0,14
2022-01-12,"BI","Burundi","Africa",0,35755,0,14
2022-01-13,"BI","Burundi","Africa",360,36115,0,14
2022-01-14,"BI","Burundi","Africa",142,36257,0,14
2022-01-15,"BI","Burundi","Africa",114,36371,0,14
2022-01-16,"BI","Burundi","Africa",283,36654,0,14
2022-01-17,"BI","Burundi","Africa",0,36654,0,14
2022-01-18,"BI","Burundi","Africa",82,36736,0,14
2022-01-19,"BI","Burundi","Africa",49,36785,0,14
2022-01-20,"BI","Burundi","Africa",83,36868,0,14
2022-01-21,"BI","Burundi","Africa",0,36868,0,14
2022-01-22,"BI","Burundi","Africa",66,36934,0,14
2022-01-23,"BI","Burundi","Africa",108,37042,0,14
2022-01-24,"BI","Burundi","Africa",0,37042,0,14
2022-01-25,"BI","Burundi","Africa",96,37138,0,14
2022-01-26,"BI","Burundi","Africa",32,37170,0,14
2022-01-27,"BI","Burundi","Africa",95,37265,0,14
2022-01-28,"BI","Burundi","Africa",34,37299,0,14
2022-01-29,"BI","Burundi","Africa",34,37333,0,14
2022-01-30,"BI","Burundi","Africa",46,37379,0,14
2022-01-31,"BI","Burundi","Africa",53,37432,1,15
2022-02-01,"BI","Burundi","Africa",0,37432,0,15
2022-02-02,"BI","Burundi","Africa",37,37469,0,15
2022-02-03,"BI","Burundi","Africa",93,37562,0,15
2022-02-04,"BI","Burundi","Africa",56,37618,0,15
2022-02-05,"BI","Burundi","Africa",0,37618,0,15
2022-02-06,"BI","Burundi","Africa",0,37618,0,15
2022-02-07,"BI","Burundi","Africa",124,37742,0,15
2022-02-08,"BI","Burundi","Africa",14,37756,0,15
2022-02-09,"BI","Burundi","Africa",0,37756,0,15
2022-02-10,"BI","Burundi","Africa",60,37816,0,15
2022-02-11,"BI","Burundi","Africa",40,37856,0,15
2022-02-12,"BI","Burundi","Africa",27,37883,0,15
2022-02-13,"BI","Burundi","Africa",0,37883,0,15
2022-02-14,"BI","Burundi","Africa",19,37902,0,15
2022-02-15,"BI","Burundi","Africa",21,37923,0,15
2022-02-16,"BI","Burundi","Africa",24,37947,0,15
2022-02-17,"BI","Burundi","Africa",0,37947,0,15
2022-02-18,"BI","Burundi","Africa",16,37963,0,15
2022-02-19,"BI","Burundi","Africa",21,37984,0,15
2022-02-20,"BI","Burundi","Africa",0,37984,0,15
2022-02-21,"BI","Burundi","Africa",27,38011,0,15
2022-02-22,"BI","Burundi","Africa",7,38018,0,15
2022-02-23,"BI","Burundi","Africa",9,38027,0,15
2022-02-24,"BI","Burundi","Africa",20,38047,0,15
2022-02-25,"BI","Burundi","Africa",16,38063,0,15
2022-02-26,"BI","Burundi","Africa",23,38086,0,15
2022-02-27,"BI","Burundi","Africa",16,38102,0,15
2022-02-28,"BI","Burundi","Africa",25,38127,0,15
2022-03-01,"BI","Burundi","Africa",7,38134,0,15
2022-03-02,"BI","Burundi","Africa",16,38150,0,15
2022-03-03,"BI","Burundi","Africa",0,38150,0,15
2022-03-04,"BI","Burundi","Africa",0,38150,0,15
2022-03-05,"BI","Burundi","Africa",28,38178,0,15
2022-03-06,"BI","Burundi","Africa",0,38178,0,15
2021-12-06,"CV","Cabo Verde","Africa",11,38450,0,351
2021-12-07,"CV","Cabo Verde","Africa",3,38453,0,351
2021-12-08,"CV","Cabo Verde","Africa",7,38460,0,351
2021-12-09,"CV","Cabo Verde","Africa",10,38470,0,351
2021-12-10,"CV","Cabo Verde","Africa",12,38482,0,351
2021-12-11,"CV","Cabo Verde","Africa",7,38489,0,351
2021-12-12,"CV","Cabo Verde","Africa",7,38496,0,351
2021-12-13,"CV","Cabo Verde","Africa",7,38503,0,351
2021-12-14,"CV","Cabo Verde","Africa",0,38503,0,351
2021-12-15,"CV","Cabo Verde","Africa",6,38509,0,351
2021-12-16,"CV","Cabo Verde","Africa",18,38527,0,351
2021-12-17,"CV","Cabo Verde","Africa",0,38527,0,351
2021-12-18,"CV","Cabo Verde","Africa",30,38557,1,352
2021-12-19,"CV","Cabo Verde","Africa",16,38573,0,352
2021-12-20,"CV","Cabo Verde","Africa",16,38589,0,352
2021-12-21,"CV","Cabo Verde","Africa",7,38596,0,352
2021-12-22,"CV","Cabo Verde","Africa",22,38618,0,352
2021-12-23,"CV","Cabo Verde","Africa",37,38655,0,352
2021-12-24,"CV","Cabo Verde","Africa",96,38751,0,352
2021-12-25,"CV","Cabo Verde","Africa",114,38865,0,352
2021-12-26,"CV","Cabo Verde","Africa",148,39013,0,352
2021-12-27,"CV","Cabo Verde","Africa",59,39072,0,352
2021-12-28,"CV","Cabo Verde","Africa",101,39173,0,352
2021-12-29,"CV","Cabo Verde","Africa",172,39345,0,352
2021-12-30,"CV","Cabo Verde","Africa",602,39947,0,352
2021-12-31,"CV","Cabo Verde","Africa",791,40738,0,352
2022-01-01,"CV","Cabo Verde","Africa",994,41732,0,352
2022-01-02,"CV","Cabo Verde","Africa",731,42463,1,353
2022-01-03,"CV","Cabo Verde","Africa",348,42811,0,353
2022-01-04,"CV","Cabo Verde","Africa",756,43567,0,353
2022-01-05,"CV","Cabo Verde","Africa",1025,44592,3,356
2022-01-06,"CV","Cabo Verde","Africa",1397,45989,1,357
2022-01-07,"CV","Cabo Verde","Africa",1387,47376,3,360
2022-01-08,"CV","Cabo Verde","Africa",1469,48845,2,362
2022-01-09,"CV","Cabo Verde","Africa",1005,49850,1,363
2022-01-10,"CV","Cabo Verde","Africa",400,50250,1,364
2022-01-11,"CV","Cabo Verde","Africa",709,50959,2,366
2022-01-12,"CV","Cabo Verde","Africa",1048,52007,2,368
2022-01-13,"CV","Cabo Verde","Africa",722,52729,2,370
2022-01-14,"CV","Cabo Verde","Africa",0,52729,0,370
2022-01-15,"CV","Cabo Verde","Africa",1055,53784,6,376
2022-01-16,"CV","Cabo Verde","Africa",203,53987,0,376
2022-01-17,"CV","Cabo Verde","Africa",0,53987,0,376
2022-01-18,"CV","Cabo Verde","Africa",380,54367,2,378
2022-01-19,"CV","Cabo Verde","Africa",270,54637,2,380
2022-01-20,"CV","Cabo Verde","Africa",254,54891,2,382
2022-01-21,"CV","Cabo Verde","Africa",0,54891,-2,380
2022-01-22,"CV","Cabo Verde","Africa",287,55178,3,383
2022-01-23,"CV","Cabo Verde","Africa",78,55256,4,387
2022-01-24,"CV","Cabo Verde","Africa",50,55306,2,389
2022-01-25,"CV","Cabo Verde","Africa",95,55401,2,391
2022-01-26,"CV","Cabo Verde","Africa",70,55471,1,392
2022-01-27,"CV","Cabo Verde","Africa",0,55471,0,392
2022-01-28,"CV","Cabo Verde","Africa",124,55595,1,393
2022-01-29,"CV","Cabo Verde","Africa",40,55635,2,395
2022-01-30,"CV","Cabo Verde","Africa",23,55658,0,395
2022-01-31,"CV","Cabo Verde","Africa",19,55677,0,395
2022-02-01,"CV","Cabo Verde","Africa",18,55695,1,396
2022-02-02,"CV","Cabo Verde","Africa",26,55721,0,396
2022-02-03,"CV","Cabo Verde","Africa",18,55739,0,396
2022-02-04,"CV","Cabo Verde","Africa",15,55754,0,396
2022-02-05,"CV","Cabo Verde","Africa",0,55754,0,396
2022-02-06,"CV","Cabo Verde","Africa",18,55772,0,396
2022-02-07,"CV","Cabo Verde","Africa",0,55772,0,396
2022-02-08,"CV","Cabo Verde","Africa",30,55802,2,398
2022-02-09,"CV","Cabo Verde","Africa",9,55811,0,398
2022-02-10,"CV","Cabo Verde","Africa",0,55811,0,398
2022-02-11,"CV","Cabo Verde","Africa",9,55820,0,398
2022-02-12,"CV","Cabo Verde","Africa",0,55820,0,398
2022-02-13,"CV","Cabo Verde","Africa",0,55820,0,398
2022-02-14,"CV","Cabo Verde","Africa",22,55842,2,400
2022-02-15,"CV","Cabo Verde","Africa",0,55842,0,400
2022-02-16,"CV","Cabo Verde","Africa",4,55846,0,400
2022-02-17,"CV","Cabo Verde","Africa",10,55856,0,400
2022-02-18,"CV","Cabo Verde","Africa",0,55856,0,400
2022-02-19,"CV","Cabo Verde","Africa",2,55858,0,400
2022-02-20,"CV","Cabo Verde","Africa",2,55860,0,400
2022-02-21,"CV","Cabo Verde","Africa",0,55860,0,400
2022-02-22,"CV","Cabo Verde","Africa",3,55863,0,400
2022-02-23,"CV","Cabo Verde","Africa",1,55864,1,401
2022-02-24,"CV","Cabo Verde","Africa",6,55870,0,401
2022-02-25,"CV","Cabo Verde","Africa",6,55876,0,401
2022-02-26,"CV","Cabo Verde","Africa",4,55880,0,401
2022-02-27,"CV","Cabo Verde","Africa",1,55881,0,401
2022-02-28,"CV","Cabo Verde","Africa",1,55882,0,401
2022-03-01,"CV","Cabo Verde","Africa",5,55887,0,401
2022-03-02,"CV","Cabo Verde","Africa",2,55889,0,401
2022-03-03,"CV","Cabo Verde","Africa",0,55889,0,401
2022-03-04,"CV","Cabo Verde","Africa",0,55889,0,401
2022-03-05,"CV","Cabo Verde","Africa",3,55892,0,401
2022-03-06,"CV","Cabo Verde","Africa",0,55892,0,401
2021-12-06,"KH","Cambodia","Western Pacific",24,120256,4,2960
2021-12-07,"KH","Cambodia","Western Pacific",16,120272,3,2963
2021-12-08,"KH","Cambodia","Western Pacific",14,120286,4,2967
2021-12-09,"KH","Cambodia","Western Pacific",14,120300,4,2971
2021-12-10,"KH","Cambodia","Western Pacific",12,120312,3,2974
2021-12-11,"KH","Cambodia","Western Pacific",15,120327,4,2978
2021-12-12,"KH","Cambodia","Western Pacific",16,120343,4,2982
2021-12-13,"KH","Cambodia","Western Pacific",12,120355,3,2985
2021-12-14,"KH","Cambodia","Western Pacific",15,120370,4,2989
2021-12-15,"KH","Cambodia","Western Pacific",12,120382,3,2992
2021-12-16,"KH","Cambodia","Western Pacific",8,120390,3,2995
2021-12-17,"KH","Cambodia","Western Pacific",7,120397,3,2998
2021-12-18,"KH","Cambodia","Western Pacific",8,120405,3,3001
2021-12-19,"KH","Cambodia","Western Pacific",5,120410,2,3003
2021-12-20,"KH","Cambodia","Western Pacific",6,120416,2,3005
2021-12-21,"KH","Cambodia","Western Pacific",7,120423,0,3005
2021-12-22,"KH","Cambodia","Western Pacific",4,120427,0,3005
2021-12-23,"KH","Cambodia","Western Pacific",3,120430,1,3006
2021-12-24,"KH","Cambodia","Western Pacific",4,120434,0,3006
2021-12-25,"KH","Cambodia","Western Pacific",6,120440,1,3007
2021-12-26,"KH","Cambodia","Western Pacific",5,120445,1,3008
2021-12-27,"KH","Cambodia","Western Pacific",4,120449,0,3008
2021-12-28,"KH","Cambodia","Western Pacific",15,120464,1,3009
2021-12-29,"KH","Cambodia","Western Pacific",5,120469,1,3010
2021-12-30,"KH","Cambodia","Western Pacific",4,120473,1,3011
2021-12-31,"KH","Cambodia","Western Pacific",14,120487,1,3012
2022-01-01,"KH","Cambodia","Western Pacific",6,120493,0,3012
2022-01-02,"KH","Cambodia","Western Pacific",14,120507,0,3012
2022-01-03,"KH","Cambodia","Western Pacific",3,120510,1,3013
2022-01-04,"KH","Cambodia","Western Pacific",6,120516,1,3014
2022-01-05,"KH","Cambodia","Western Pacific",10,120526,1,3015
2022-01-06,"KH","Cambodia","Western Pacific",9,120535,0,3015
2022-01-07,"KH","Cambodia","Western Pacific",18,120553,0,3015
2022-01-08,"KH","Cambodia","Western Pacific",11,120564,0,3015
2022-01-09,"KH","Cambodia","Western Pacific",27,120591,0,3015
2022-01-10,"KH","Cambodia","Western Pacific",30,120621,0,3015
2022-01-11,"KH","Cambodia","Western Pacific",15,120636,0,3015
2022-01-12,"KH","Cambodia","Western Pacific",34,120670,0,3015
2022-01-13,"KH","Cambodia","Western Pacific",14,120684,0,3015
2022-01-14,"KH","Cambodia","Western Pacific",34,120718,0,3015
2022-01-15,"KH","Cambodia","Western Pacific",10,120728,0,3015
2022-01-16,"KH","Cambodia","Western Pacific",45,120773,0,3015
2022-01-17,"KH","Cambodia","Western Pacific",23,120796,0,3015
2022-01-18,"KH","Cambodia","Western Pacific",29,120825,0,3015
2022-01-19,"KH","Cambodia","Western Pacific",22,120847,0,3015
2022-01-20,"KH","Cambodia","Western Pacific",30,120877,0,3015
2022-01-21,"KH","Cambodia","Western Pacific",37,120914,0,3015
2022-01-22,"KH","Cambodia","Western Pacific",42,120956,0,3015
2022-01-23,"KH","Cambodia","Western Pacific",44,121000,0,3015
2022-01-24,"KH","Cambodia","Western Pacific",26,121026,0,3015
2022-01-25,"KH","Cambodia","Western Pacific",40,121066,0,3015
2022-01-26,"KH","Cambodia","Western Pacific",28,121094,0,3015
2022-01-27,"KH","Cambodia","Western Pacific",22,121116,0,3015
2022-01-28,"KH","Cambodia","Western Pacific",34,121150,0,3015
2022-01-29,"KH","Cambodia","Western Pacific",38,121188,0,3015
2022-01-30,"KH","Cambodia","Western Pacific",54,121242,0,3015
2022-01-31,"KH","Cambodia","Western Pacific",57,121299,0,3015
2022-02-01,"KH","Cambodia","Western Pacific",56,121355,0,3015
2022-02-02,"KH","Cambodia","Western Pacific",35,121390,0,3015
2022-02-03,"KH","Cambodia","Western Pacific",48,121438,0,3015
2022-02-04,"KH","Cambodia","Western Pacific",46,121484,0,3015
2022-02-05,"KH","Cambodia","Western Pacific",66,121550,0,3015
2022-02-06,"KH","Cambodia","Western Pacific",112,121662,0,3015
2022-02-07,"KH","Cambodia","Western Pacific",111,121773,0,3015
2022-02-08,"KH","Cambodia","Western Pacific",108,121881,0,3015
2022-02-09,"KH","Cambodia","Western Pacific",102,121983,0,3015
2022-02-10,"KH","Cambodia","Western Pacific",223,122206,0,3015
2022-02-11,"KH","Cambodia","Western Pacific",262,122468,0,3015
2022-02-12,"KH","Cambodia","Western Pacific",274,122742,0,3015
2022-02-13,"KH","Cambodia","Western Pacific",300,123042,0,3015
2022-02-14,"KH","Cambodia","Western Pacific",401,123443,0,3015
2022-02-15,"KH","Cambodia","Western Pacific",512,123955,0,3015
2022-02-16,"KH","Cambodia","Western Pacific",184,124139,0,3015
2022-02-17,"KH","Cambodia","Western Pacific",204,124343,0,3015
2022-02-18,"KH","Cambodia","Western Pacific",444,124787,0,3015
2022-02-19,"KH","Cambodia","Western Pacific",414,125201,0,3015
2022-02-20,"KH","Cambodia","Western Pacific",552,125753,0,3015
2022-02-21,"KH","Cambodia","Western Pacific",736,126489,2,3017
2022-02-22,"KH","Cambodia","Western Pacific",488,126977,3,3020
2022-02-23,"KH","Cambodia","Western Pacific",598,127575,2,3022
2022-02-24,"KH","Cambodia","Western Pacific",558,128133,1,3023
2022-02-25,"KH","Cambodia","Western Pacific",466,128599,3,3026
2022-02-26,"KH","Cambodia","Western Pacific",479,129078,1,3027
2022-02-27,"KH","Cambodia","Western Pacific",470,129548,5,3032
2022-02-28,"KH","Cambodia","Western Pacific",372,129920,0,3032
2022-03-01,"KH","Cambodia","Western Pacific",356,130276,0,3032
2022-03-02,"KH","Cambodia","Western Pacific",313,130589,0,3032
2022-03-03,"KH","Cambodia","Western Pacific",415,131004,0,3032
2022-03-04,"KH","Cambodia","Western Pacific",368,131372,1,3033
2022-03-05,"KH","Cambodia","Western Pacific",366,131738,5,3038
2022-03-06,"KH","Cambodia","Western Pacific",334,132072,2,3040
2021-12-06,"CM","Cameroon","Africa",0,107148,0,1804
2021-12-07,"CM","Cameroon","Africa",0,107148,0,1804
2021-12-08,"CM","Cameroon","Africa",401,107549,19,1823
2021-12-09,"CM","Cameroon","Africa",0,107549,0,1823
2021-12-10,"CM","Cameroon","Africa",0,107549,0,1823
2021-12-11,"CM","Cameroon","Africa",0,107549,0,1823
2021-12-12,"CM","Cameroon","Africa",0,107549,0,1823
2021-12-13,"CM","Cameroon","Africa",0,107549,0,1823
2021-12-14,"CM","Cameroon","Africa",0,107549,0,1823
2021-12-15,"CM","Cameroon","Africa",113,107662,13,1836
2021-12-16,"CM","Cameroon","Africa",0,107662,0,1836
2021-12-17,"CM","Cameroon","Africa",0,107662,0,1836
2021-12-18,"CM","Cameroon","Africa",0,107662,0,1836
2021-12-19,"CM","Cameroon","Africa",0,107662,0,1836
2021-12-20,"CM","Cameroon","Africa",0,107662,0,1836
2021-12-21,"CM","Cameroon","Africa",0,107662,0,1836
2021-12-22,"CM","Cameroon","Africa",748,108410,10,1846
2021-12-23,"CM","Cameroon","Africa",41,108451,5,1851
2021-12-24,"CM","Cameroon","Africa",0,108451,0,1851
2021-12-25,"CM","Cameroon","Africa",0,108451,0,1851
2021-12-26,"CM","Cameroon","Africa",0,108451,0,1851
2021-12-27,"CM","Cameroon","Africa",0,108451,0,1851
2021-12-28,"CM","Cameroon","Africa",0,108451,0,1851
2021-12-29,"CM","Cameroon","Africa",0,108451,0,1851
2021-12-30,"CM","Cameroon","Africa",0,108451,0,1851
2021-12-31,"CM","Cameroon","Africa",0,108451,0,1851
2022-01-01,"CM","Cameroon","Africa",0,108451,0,1851
2022-01-02,"CM","Cameroon","Africa",0,108451,0,1851
2022-01-03,"CM","Cameroon","Africa",225,108676,0,1851
2022-01-04,"CM","Cameroon","Africa",0,108676,0,1851
2022-01-05,"CM","Cameroon","Africa",0,108676,0,1851
2022-01-06,"CM","Cameroon","Africa",0,108676,0,1851
2022-01-07,"CM","Cameroon","Africa",990,109666,2,1853
2022-01-08,"CM","Cameroon","Africa",0,109666,0,1853
2022-01-09,"CM","Cameroon","Africa",0,109666,0,1853
2022-01-10,"CM","Cameroon","Africa",0,109666,0,1853
2022-01-11,"CM","Cameroon","Africa",0,109666,0,1853
2022-01-12,"CM","Cameroon","Africa",0,109666,0,1853
2022-01-13,"CM","Cameroon","Africa",0,109666,0,1853
2022-01-14,"CM","Cameroon","Africa",0,109666,0,1853
2022-01-15,"CM","Cameroon","Africa",0,109666,0,1853
2022-01-16,"CM","Cameroon","Africa",0,109666,0,1853
2022-01-17,"CM","Cameroon","Africa",0,109666,0,1853
2022-01-18,"CM","Cameroon","Africa",0,109666,0,1853
2022-01-19,"CM","Cameroon","Africa",0,109666,0,1853
2022-01-20,"CM","Cameroon","Africa",0,109666,0,1853
2022-01-21,"CM","Cameroon","Africa",4447,114113,14,1867
2022-01-22,"CM","Cameroon","Africa",0,114113,0,1867
2022-01-23,"CM","Cameroon","Africa",0,114113,0,1867
2022-01-24,"CM","Cameroon","Africa",0,114113,0,1867
2022-01-25,"CM","Cameroon","Africa",0,114113,0,1867
2022-01-26,"CM","Cameroon","Africa",0,114113,0,1867
2022-01-27,"CM","Cameroon","Africa",0,114113,0,1867
2022-01-28,"CM","Cameroon","Africa",0,114113,0,1867
2022-01-29,"CM","Cameroon","Africa",0,114113,0,1867
2022-01-30,"CM","Cameroon","Africa",2605,116718,13,1880
2022-01-31,"CM","Cameroon","Africa",0,116718,0,1880
2022-02-01,"CM","Cameroon","Africa",0,116718,0,1880
2022-02-02,"CM","Cameroon","Africa",0,116718,0,1880
2022-02-03,"CM","Cameroon","Africa",0,116718,0,1880
2022-02-04,"CM","Cameroon","Africa",958,117676,27,1907
2022-02-05,"CM","Cameroon","Africa",0,117676,0,1907
2022-02-06,"CM","Cameroon","Africa",0,117676,0,1907
2022-02-07,"CM","Cameroon","Africa",0,117676,0,1907
2022-02-08,"CM","Cameroon","Africa",0,117676,0,1907
2022-02-09,"CM","Cameroon","Africa",0,117676,0,1907
2022-02-10,"CM","Cameroon","Africa",0,117676,0,1907
2022-02-11,"CM","Cameroon","Africa",999,118675,8,1915
2022-02-12,"CM","Cameroon","Africa",0,118675,0,1915
2022-02-13,"CM","Cameroon","Africa",0,118675,0,1915
2022-02-14,"CM","Cameroon","Africa",0,118675,0,1915
2022-02-15,"CM","Cameroon","Africa",0,118675,0,1915
2022-02-16,"CM","Cameroon","Africa",0,118675,0,1915
2022-02-17,"CM","Cameroon","Africa",0,118675,0,1915
2022-02-18,"CM","Cameroon","Africa",258,118933,3,1918
2022-02-19,"CM","Cameroon","Africa",0,118933,0,1918
2022-02-20,"CM","Cameroon","Africa",0,118933,0,1918
2022-02-21,"CM","Cameroon","Africa",0,118933,0,1918
2022-02-22,"CM","Cameroon","Africa",0,118933,0,1918
2022-02-23,"CM","Cameroon","Africa",0,118933,0,1918
2022-02-24,"CM","Cameroon","Africa",174,119107,2,1920
2022-02-25,"CM","Cameroon","Africa",0,119107,0,1920
2022-02-26,"CM","Cameroon","Africa",0,119107,0,1920
2022-02-27,"CM","Cameroon","Africa",0,119107,0,1920
2022-02-28,"CM","Cameroon","Africa",0,119107,0,1920
2022-03-01,"CM","Cameroon","Africa",133,119240,3,1923
2022-03-02,"CM","Cameroon","Africa",0,119240,0,1923
2022-03-03,"CM","Cameroon","Africa",0,119240,0,1923
2022-03-04,"CM","Cameroon","Africa",0,119240,0,1923
2022-03-05,"CM","Cameroon","Africa",0,119240,0,1923
2022-03-06,"CM","Cameroon","Africa",0,119240,0,1923
2021-12-06,"CA","Canada","Americas",3608,1805967,11,29768
2021-12-07,"CA","Canada","Americas",3401,1809368,5,29773
2021-12-08,"CA","Canada","Americas",2876,1812244,27,29800
2021-12-09,"CA","Canada","Americas",2971,1815215,27,29827
2021-12-10,"CA","Canada","Americas",3527,1818742,25,29852
2021-12-11,"CA","Canada","Americas",4267,1823009,24,29876
2021-12-12,"CA","Canada","Americas",4682,1827691,24,29900
2021-12-13,"CA","Canada","Americas",4800,1832491,14,29914
2021-12-14,"CA","Canada","Americas",4195,1836686,12,29926
2021-12-15,"CA","Canada","Americas",4234,1840920,15,29941
2021-12-16,"CA","Canada","Americas",4336,1845256,28,29969
2021-12-17,"CA","Canada","Americas",5801,1851057,25,29994
2021-12-18,"CA","Canada","Americas",6942,1857999,18,30012
2021-12-19,"CA","Canada","Americas",8908,1866907,20,30032
2021-12-20,"CA","Canada","Americas",8976,1875883,11,30043
2021-12-21,"CA","Canada","Americas",10129,1886012,7,30050
2021-12-22,"CA","Canada","Americas",10450,1896462,13,30063
2021-12-23,"CA","Canada","Americas",11309,1907771,22,30085
2021-12-24,"CA","Canada","Americas",14456,1922227,28,30113
2021-12-25,"CA","Canada","Americas",23527,1945754,18,30131
2021-12-26,"CA","Canada","Americas",15969,1961723,12,30143
2021-12-27,"CA","Canada","Americas",17402,1979125,3,30146
2021-12-28,"CA","Canada","Americas",15024,1994149,7,30153
2021-12-29,"CA","Canada","Americas",49148,2043297,36,30189
2021-12-30,"CA","Canada","Americas",27053,2070350,29,30218
2021-12-31,"CA","Canada","Americas",32120,2102470,35,30253
2022-01-01,"CA","Canada","Americas",39840,2142310,27,30280
2022-01-02,"CA","Canada","Americas",41213,2183523,39,30319
2022-01-03,"CA","Canada","Americas",41548,2225071,20,30339
2022-01-04,"CA","Canada","Americas",42006,2267077,30,30369
2022-01-05,"CA","Canada","Americas",35618,2302695,30,30399
2022-01-06,"CA","Canada","Americas",52548,2355243,57,30456
2022-01-07,"CA","Canada","Americas",39431,2394674,68,30524
2022-01-08,"CA","Canada","Americas",43148,2437822,60,30584
2022-01-09,"CA","Canada","Americas",44320,2482142,83,30667
2022-01-10,"CA","Canada","Americas",32322,2514464,76,30743
2022-01-11,"CA","Canada","Americas",25466,2539930,45,30788
2022-01-12,"CA","Canada","Americas",56030,2595960,74,30862
2022-01-13,"CA","Canada","Americas",28827,2624787,95,30957
2022-01-14,"CA","Canada","Americas",32597,2657384,125,31082
2022-01-15,"CA","Canada","Americas",31367,2688751,108,31190
2022-01-16,"CA","Canada","Americas",31660,2720411,133,31323
2022-01-17,"CA","Canada","Americas",28896,2749307,143,31466
2022-01-18,"CA","Canada","Americas",28538,2777845,78,31544
2022-01-19,"CA","Canada","Americas",23606,2801451,135,31679
2022-01-20,"CA","Canada","Americas",21163,2822614,148,31827
2022-01-21,"CA","Canada","Americas",22298,2844912,181,32008
2022-01-22,"CA","Canada","Americas",23950,2868862,212,32220
2022-01-23,"CA","Canada","Americas",23159,2892021,160,32380
2022-01-24,"CA","Canada","Americas",15069,2907090,125,32505
2022-01-25,"CA","Canada","Americas",14295,2921385,92,32597
2022-01-26,"CA","Canada","Americas",25794,2947179,189,32786
2022-01-27,"CA","Canada","Americas",14164,2961343,180,32966
2022-01-28,"CA","Canada","Americas",18489,2979832,226,33192
2022-01-29,"CA","Canada","Americas",18497,2998329,181,33373
2022-01-30,"CA","Canada","Americas",17695,3016024,149,33522
2022-01-31,"CA","Canada","Americas",10850,3026874,125,33647
2022-02-01,"CA","Canada","Americas",9176,3036050,75,33722
2022-02-02,"CA","Canada","Americas",19776,3055826,151,33873
2022-02-03,"CA","Canada","Americas",11077,3066903,160,34033
2022-02-04,"CA","Canada","Americas",15097,3082000,179,34212
2022-02-05,"CA","Canada","Americas",14215,3096215,169,34381
2022-02-06,"CA","Canada","Americas",14122,3110337,157,34538
2022-02-07,"CA","Canada","Americas",11500,3121837,98,34636
2022-02-08,"CA","Canada","Americas",10311,3132148,85,34721
2022-02-09,"CA","Canada","Americas",7877,3140025,126,34847
2022-02-10,"CA","Canada","Americas",8853,3148878,122,34969
2022-02-11,"CA","Canada","Americas",11139,3160017,149,35118
2022-02-12,"CA","Canada","Americas",10632,3170649,113,35231
2022-02-13,"CA","Canada","Americas",10190,3180839,140,35371
2022-02-14,"CA","Canada","Americas",6386,3187225,68,35439
2022-02-15,"CA","Canada","Americas",5084,3192309,31,35470
2022-02-16,"CA","Canada","Americas",10825,3203134,110,35580
2022-02-17,"CA","Canada","Americas",6034,3209168,99,35679
2022-02-18,"CA","Canada","Americas",8016,3217184,108,35787
2022-02-19,"CA","Canada","Americas",10105,3227289,136,35923
2022-02-20,"CA","Canada","Americas",0,3227289,0,35923
2022-02-21,"CA","Canada","Americas",0,3227289,0,35923
2022-02-22,"CA","Canada","Americas",14580,3241869,118,36041
2022-02-23,"CA","Canada","Americas",2084,3243953,5,36046
2022-02-24,"CA","Canada","Americas",11105,3255058,115,36161
2022-02-25,"CA","Canada","Americas",6853,3261911,93,36254
2022-02-26,"CA","Canada","Americas",7635,3269546,123,36377
2022-02-27,"CA","Canada","Americas",7441,3276987,97,36474
2022-02-28,"CA","Canada","Americas",3513,3280500,48,36522
2022-03-01,"CA","Canada","Americas",3037,3283537,15,36537
2022-03-02,"CA","Canada","Americas",9270,3292807,58,36595
2022-03-03,"CA","Canada","Americas",3696,3296503,43,36638
2022-03-04,"CA","Canada","Americas",7132,3303635,91,36729
2022-03-05,"CA","Canada","Americas",6600,3310235,114,36843
2022-03-06,"CA","Canada","Americas",7266,3317501,69,36912
2021-12-06,"KY","Cayman Islands","Americas",0,7529,0,7
2021-12-07,"KY","Cayman Islands","Americas",0,7529,0,7
2021-12-08,"KY","Cayman Islands","Americas",134,7663,2,9
2021-12-09,"KY","Cayman Islands","Americas",61,7724,0,9
2021-12-10,"KY","Cayman Islands","Americas",70,7794,0,9
2021-12-11,"KY","Cayman Islands","Americas",45,7839,0,9
2021-12-12,"KY","Cayman Islands","Americas",32,7871,0,9
2021-12-13,"KY","Cayman Islands","Americas",0,7871,0,9
2021-12-14,"KY","Cayman Islands","Americas",0,7871,0,9
2021-12-15,"KY","Cayman Islands","Americas",89,7960,0,9
2021-12-16,"KY","Cayman Islands","Americas",47,8007,0,9
2021-12-17,"KY","Cayman Islands","Americas",29,8036,0,9
2021-12-18,"KY","Cayman Islands","Americas",0,8036,0,9
2021-12-19,"KY","Cayman Islands","Americas",61,8097,0,9
2021-12-20,"KY","Cayman Islands","Americas",0,8097,0,9
2021-12-21,"KY","Cayman Islands","Americas",0,8097,0,9
2021-12-22,"KY","Cayman Islands","Americas",0,8097,0,9
2021-12-23,"KY","Cayman Islands","Americas",0,8097,0,9
2021-12-24,"KY","Cayman Islands","Americas",229,8326,2,11
2021-12-25,"KY","Cayman Islands","Americas",60,8386,0,11
2021-12-26,"KY","Cayman Islands","Americas",0,8386,0,11
2021-12-27,"KY","Cayman Islands","Americas",0,8386,0,11
2021-12-28,"KY","Cayman Islands","Americas",0,8386,0,11
2021-12-29,"KY","Cayman Islands","Americas",0,8386,0,11
2021-12-30,"KY","Cayman Islands","Americas",0,8386,0,11
2021-12-31,"KY","Cayman Islands","Americas",432,8818,0,11
2022-01-01,"KY","Cayman Islands","Americas",0,8818,0,11
2022-01-02,"KY","Cayman Islands","Americas",0,8818,0,11
2022-01-03,"KY","Cayman Islands","Americas",0,8818,0,11
2022-01-04,"KY","Cayman Islands","Americas",262,9080,1,12
2022-01-05,"KY","Cayman Islands","Americas",0,9080,0,12
2022-01-06,"KY","Cayman Islands","Americas",429,9509,0,12
2022-01-07,"KY","Cayman Islands","Americas",211,9720,0,12
2022-01-08,"KY","Cayman Islands","Americas",466,10186,0,12
2022-01-09,"KY","Cayman Islands","Americas",432,10618,0,12
2022-01-10,"KY","Cayman Islands","Americas",0,10618,0,12
2022-01-11,"KY","Cayman Islands","Americas",0,10618,0,12
2022-01-12,"KY","Cayman Islands","Americas",608,11226,0,12
2022-01-13,"KY","Cayman Islands","Americas",440,11666,0,12
2022-01-14,"KY","Cayman Islands","Americas",0,11666,0,12
2022-01-15,"KY","Cayman Islands","Americas",357,12023,2,14
2022-01-16,"KY","Cayman Islands","Americas",0,12023,0,14
2022-01-17,"KY","Cayman Islands","Americas",0,12023,0,14
2022-01-18,"KY","Cayman Islands","Americas",868,12891,1,15
2022-01-19,"KY","Cayman Islands","Americas",843,13734,0,15
2022-01-20,"KY","Cayman Islands","Americas",0,13734,0,15
2022-01-21,"KY","Cayman Islands","Americas",0,13734,0,15
2022-01-22,"KY","Cayman Islands","Americas",0,13734,0,15
2022-01-23,"KY","Cayman Islands","Americas",0,13734,0,15
2022-01-24,"KY","Cayman Islands","Americas",0,13734,0,15
2022-01-25,"KY","Cayman Islands","Americas",0,13734,0,15
2022-01-26,"KY","Cayman Islands","Americas",0,13734,0,15
2022-01-27,"KY","Cayman Islands","Americas",0,13734,0,15
2022-01-28,"KY","Cayman Islands","Americas",0,13734,0,15
2022-01-29,"KY","Cayman Islands","Americas",54,13788,0,15
2022-01-30,"KY","Cayman Islands","Americas",0,13788,0,15
2022-01-31,"KY","Cayman Islands","Americas",0,13788,0,15
2022-02-01,"KY","Cayman Islands","Americas",0,13788,0,15
2022-02-02,"KY","Cayman Islands","Americas",0,13788,0,15
2022-02-03,"KY","Cayman Islands","Americas",0,13788,0,15
2022-02-04,"KY","Cayman Islands","Americas",2146,15934,1,16
2022-02-05,"KY","Cayman Islands","Americas",0,15934,0,16
2022-02-06,"KY","Cayman Islands","Americas",0,15934,0,16
2022-02-07,"KY","Cayman Islands","Americas",0,15934,0,16
2022-02-08,"KY","Cayman Islands","Americas",0,15934,0,16
2022-02-09,"KY","Cayman Islands","Americas",0,15934,0,16
2022-02-10,"KY","Cayman Islands","Americas",0,15934,0,16
2022-02-11,"KY","Cayman Islands","Americas",0,15934,0,16
2022-02-12,"KY","Cayman Islands","Americas",1753,17687,0,16
2022-02-13,"KY","Cayman Islands","Americas",0,17687,0,16
2022-02-14,"KY","Cayman Islands","Americas",0,17687,0,16
2022-02-15,"KY","Cayman Islands","Americas",0,17687,0,16
2022-02-16,"KY","Cayman Islands","Americas",0,17687,0,16
2022-02-17,"KY","Cayman Islands","Americas",0,17687,0,16
2022-02-18,"KY","Cayman Islands","Americas",1041,18728,1,17
2022-02-19,"KY","Cayman Islands","Americas",0,18728,0,17
2022-02-20,"KY","Cayman Islands","Americas",0,18728,0,17
2022-02-21,"KY","Cayman Islands","Americas",0,18728,0,17
2022-02-22,"KY","Cayman Islands","Americas",0,18728,0,17
2022-02-23,"KY","Cayman Islands","Americas",0,18728,0,17
2022-02-24,"KY","Cayman Islands","Americas",0,18728,0,17
2022-02-25,"KY","Cayman Islands","Americas",645,19373,0,17
2022-02-26,"KY","Cayman Islands","Americas",0,19373,0,17
2022-02-27,"KY","Cayman Islands","Americas",0,19373,0,17
2022-02-28,"KY","Cayman Islands","Americas",0,19373,0,17
2022-03-01,"KY","Cayman Islands","Americas",0,19373,0,17
2022-03-02,"KY","Cayman Islands","Americas",0,19373,0,17
2022-03-03,"KY","Cayman Islands","Americas",0,19373,0,17
2022-03-04,"KY","Cayman Islands","Americas",0,19373,0,17
2022-03-05,"KY","Cayman Islands","Americas",0,19373,0,17
2022-03-06,"KY","Cayman Islands","Americas",0,19373,0,17
2021-12-06,"CF","Central African Republic","Africa",0,11742,0,101
2021-12-07,"CF","Central African Republic","Africa",0,11742,0,101
2021-12-08,"CF","Central African Republic","Africa",0,11742,0,101
2021-12-09,"CF","Central African Republic","Africa",0,11742,0,101
2021-12-10,"CF","Central African Republic","Africa",170,11912,0,101
2021-12-11,"CF","Central African Republic","Africa",0,11912,0,101
2021-12-12,"CF","Central African Republic","Africa",49,11961,0,101
2021-12-13,"CF","Central African Republic","Africa",0,11961,0,101
2021-12-14,"CF","Central African Republic","Africa",0,11961,0,101
2021-12-15,"CF","Central African Republic","Africa",0,11961,0,101
2021-12-16,"CF","Central African Republic","Africa",0,11961,0,101
2021-12-17,"CF","Central African Republic","Africa",0,11961,0,101
2021-12-18,"CF","Central African Republic","Africa",0,11961,0,101
2021-12-19,"CF","Central African Republic","Africa",0,11961,0,101
2021-12-20,"CF","Central African Republic","Africa",0,11961,0,101
2021-12-21,"CF","Central African Republic","Africa",0,11961,0,101
2021-12-22,"CF","Central African Republic","Africa",0,11961,0,101
2021-12-23,"CF","Central African Republic","Africa",0,11961,0,101
2021-12-24,"CF","Central African Republic","Africa",181,12142,0,101
2021-12-25,"CF","Central African Republic","Africa",0,12142,0,101
2021-12-26,"CF","Central African Republic","Africa",0,12142,0,101
2021-12-27,"CF","Central African Republic","Africa",21,12163,0,101
2021-12-28,"CF","Central African Republic","Africa",0,12163,0,101
2021-12-29,"CF","Central African Republic","Africa",0,12163,0,101
2021-12-30,"CF","Central African Republic","Africa",0,12163,0,101
2021-12-31,"CF","Central African Republic","Africa",0,12163,0,101
2022-01-01,"CF","Central African Republic","Africa",0,12163,0,101
2022-01-02,"CF","Central African Republic","Africa",0,12163,0,101
2022-01-03,"CF","Central African Republic","Africa",0,12163,0,101
2022-01-04,"CF","Central African Republic","Africa",0,12163,0,101
2022-01-05,"CF","Central African Republic","Africa",291,12454,0,101
2022-01-06,"CF","Central African Republic","Africa",0,12454,0,101
2022-01-07,"CF","Central African Republic","Africa",0,12454,0,101
2022-01-08,"CF","Central African Republic","Africa",0,12454,0,101
2022-01-09,"CF","Central African Republic","Africa",0,12454,0,101
2022-01-10,"CF","Central African Republic","Africa",0,12454,0,101
2022-01-11,"CF","Central African Republic","Africa",196,12650,5,106
2022-01-12,"CF","Central African Republic","Africa",0,12650,0,106
2022-01-13,"CF","Central African Republic","Africa",0,12650,0,106
2022-01-14,"CF","Central African Republic","Africa",669,13319,2,108
2022-01-15,"CF","Central African Republic","Africa",0,13319,0,108
2022-01-16,"CF","Central African Republic","Africa",0,13319,0,108
2022-01-17,"CF","Central African Republic","Africa",0,13319,0,108
2022-01-18,"CF","Central African Republic","Africa",0,13319,0,108
2022-01-19,"CF","Central African Republic","Africa",0,13319,0,108
2022-01-20,"CF","Central African Republic","Africa",190,13509,1,109
2022-01-21,"CF","Central African Republic","Africa",0,13509,0,109
2022-01-22,"CF","Central African Republic","Africa",0,13509,0,109
2022-01-23,"CF","Central African Republic","Africa",0,13509,0,109
2022-01-24,"CF","Central African Republic","Africa",0,13509,0,109
2022-01-25,"CF","Central African Republic","Africa",0,13509,0,109
2022-01-26,"CF","Central African Republic","Africa",331,13840,0,109
2022-01-27,"CF","Central African Republic","Africa",0,13840,0,109
2022-01-28,"CF","Central African Republic","Africa",0,13840,0,109
2022-01-29,"CF","Central African Republic","Africa",0,13840,0,109
2022-01-30,"CF","Central African Republic","Africa",79,13919,1,110
2022-01-31,"CF","Central African Republic","Africa",0,13919,0,110
2022-02-01,"CF","Central African Republic","Africa",0,13919,0,110
2022-02-02,"CF","Central African Republic","Africa",104,14023,0,110
2022-02-03,"CF","Central African Republic","Africa",0,14023,0,110
2022-02-04,"CF","Central African Republic","Africa",0,14023,0,110
2022-02-05,"CF","Central African Republic","Africa",0,14023,0,110
2022-02-06,"CF","Central African Republic","Africa",0,14023,0,110
2022-02-07,"CF","Central African Republic","Africa",0,14023,0,110
2022-02-08,"CF","Central African Republic","Africa",0,14023,0,110
2022-02-09,"CF","Central African Republic","Africa",87,14110,0,110
2022-02-10,"CF","Central African Republic","Africa",0,14110,0,110
2022-02-11,"CF","Central African Republic","Africa",44,14154,1,111
2022-02-12,"CF","Central African Republic","Africa",0,14154,0,111
2022-02-13,"CF","Central African Republic","Africa",0,14154,0,111
2022-02-14,"CF","Central African Republic","Africa",33,14187,2,113
2022-02-15,"CF","Central African Republic","Africa",0,14187,0,113
2022-02-16,"CF","Central African Republic","Africa",0,14187,0,113
2022-02-17,"CF","Central African Republic","Africa",0,14187,0,113
2022-02-18,"CF","Central African Republic","Africa",0,14187,0,113
2022-02-19,"CF","Central African Republic","Africa",0,14187,0,113
2022-02-20,"CF","Central African Republic","Africa",0,14187,0,113
2022-02-21,"CF","Central African Republic","Africa",0,14187,0,113
2022-02-22,"CF","Central African Republic","Africa",0,14187,0,113
2022-02-23,"CF","Central African Republic","Africa",0,14187,0,113
2022-02-24,"CF","Central African Republic","Africa",0,14187,0,113
2022-02-25,"CF","Central African Republic","Africa",0,14187,0,113
2022-02-26,"CF","Central African Republic","Africa",38,14225,0,113
2022-02-27,"CF","Central African Republic","Africa",0,14225,0,113
2022-02-28,"CF","Central African Republic","Africa",0,14225,0,113
2022-03-01,"CF","Central African Republic","Africa",95,14320,0,113
2022-03-02,"CF","Central African Republic","Africa",0,14320,0,113
2022-03-03,"CF","Central African Republic","Africa",0,14320,0,113
2022-03-04,"CF","Central African Republic","Africa",0,14320,0,113
2022-03-05,"CF","Central African Republic","Africa",0,14320,0,113
2022-03-06,"CF","Central African Republic","Africa",0,14320,0,113
2021-12-06,"TD","Chad","Africa",0,5703,0,181
2021-12-07,"TD","Chad","Africa",0,5703,0,181
2021-12-08,"TD","Chad","Africa",0,5703,0,181
2021-12-09,"TD","Chad","Africa",0,5703,0,181
2021-12-10,"TD","Chad","Africa",0,5703,0,181
2021-12-11,"TD","Chad","Africa",0,5703,0,181
2021-12-12,"TD","Chad","Africa",0,5703,0,181
2021-12-13,"TD","Chad","Africa",0,5703,0,181
2021-12-14,"TD","Chad","Africa",0,5703,0,181
2021-12-15,"TD","Chad","Africa",0,5703,0,181
2021-12-16,"TD","Chad","Africa",0,5703,0,181
2021-12-17,"TD","Chad","Africa",0,5703,0,181
2021-12-18,"TD","Chad","Africa",0,5703,0,181
2021-12-19,"TD","Chad","Africa",0,5703,0,181
2021-12-20,"TD","Chad","Africa",0,5703,0,181
2021-12-21,"TD","Chad","Africa",0,5703,0,181
2021-12-22,"TD","Chad","Africa",0,5703,0,181
2021-12-23,"TD","Chad","Africa",0,5703,0,181
2021-12-24,"TD","Chad","Africa",0,5703,0,181
2021-12-25,"TD","Chad","Africa",0,5703,0,181
2021-12-26,"TD","Chad","Africa",0,5703,0,181
2021-12-27,"TD","Chad","Africa",0,5703,0,181
2021-12-28,"TD","Chad","Africa",0,5703,0,181
2021-12-29,"TD","Chad","Africa",0,5703,0,181
2021-12-30,"TD","Chad","Africa",0,5703,0,181
2021-12-31,"TD","Chad","Africa",0,5703,0,181
2022-01-01,"TD","Chad","Africa",0,5703,0,181
2022-01-02,"TD","Chad","Africa",482,6185,3,184
2022-01-03,"TD","Chad","Africa",0,6185,0,184
2022-01-04,"TD","Chad","Africa",0,6185,0,184
2022-01-05,"TD","Chad","Africa",0,6185,0,184
2022-01-06,"TD","Chad","Africa",0,6185,0,184
2022-01-07,"TD","Chad","Africa",0,6185,0,184
2022-01-08,"TD","Chad","Africa",0,6185,0,184
2022-01-09,"TD","Chad","Africa",0,6185,0,184
2022-01-10,"TD","Chad","Africa",0,6185,0,184
2022-01-11,"TD","Chad","Africa",373,6558,1,185
2022-01-12,"TD","Chad","Africa",0,6558,0,185
2022-01-13,"TD","Chad","Africa",0,6558,0,185
2022-01-14,"TD","Chad","Africa",0,6558,0,185
2022-01-15,"TD","Chad","Africa",0,6558,0,185
2022-01-16,"TD","Chad","Africa",0,6558,0,185
2022-01-17,"TD","Chad","Africa",0,6558,0,185
2022-01-18,"TD","Chad","Africa",331,6889,0,185
2022-01-19,"TD","Chad","Africa",0,6889,0,185
2022-01-20,"TD","Chad","Africa",0,6889,0,185
2022-01-21,"TD","Chad","Africa",0,6889,0,185
2022-01-22,"TD","Chad","Africa",0,6889,0,185
2022-01-23,"TD","Chad","Africa",0,6889,0,185
2022-01-24,"TD","Chad","Africa",0,6889,0,185
2022-01-25,"TD","Chad","Africa",186,7075,5,190
2022-01-26,"TD","Chad","Africa",0,7075,0,190
2022-01-27,"TD","Chad","Africa",0,7075,0,190
2022-01-28,"TD","Chad","Africa",0,7075,0,190
2022-01-29,"TD","Chad","Africa",0,7075,0,190
2022-01-30,"TD","Chad","Africa",0,7075,0,190
2022-01-31,"TD","Chad","Africa",0,7075,0,190
2022-02-01,"TD","Chad","Africa",0,7075,0,190
2022-02-02,"TD","Chad","Africa",82,7157,0,190
2022-02-03,"TD","Chad","Africa",0,7157,0,190
2022-02-04,"TD","Chad","Africa",0,7157,0,190
2022-02-05,"TD","Chad","Africa",0,7157,0,190
2022-02-06,"TD","Chad","Africa",0,7157,0,190
2022-02-07,"TD","Chad","Africa",0,7157,0,190
2022-02-08,"TD","Chad","Africa",59,7216,0,190
2022-02-09,"TD","Chad","Africa",0,7216,0,190
2022-02-10,"TD","Chad","Africa",0,7216,0,190
2022-02-11,"TD","Chad","Africa",0,7216,0,190
2022-02-12,"TD","Chad","Africa",0,7216,0,190
2022-02-13,"TD","Chad","Africa",0,7216,0,190
2022-02-14,"TD","Chad","Africa",0,7216,0,190
2022-02-15,"TD","Chad","Africa",0,7216,0,190
2022-02-16,"TD","Chad","Africa",0,7216,0,190
2022-02-17,"TD","Chad","Africa",0,7216,0,190
2022-02-18,"TD","Chad","Africa",0,7216,0,190
2022-02-19,"TD","Chad","Africa",0,7216,0,190
2022-02-20,"TD","Chad","Africa",0,7216,0,190
2022-02-21,"TD","Chad","Africa",0,7216,0,190
2022-02-22,"TD","Chad","Africa",32,7248,0,190
2022-02-23,"TD","Chad","Africa",0,7248,0,190
2022-02-24,"TD","Chad","Africa",0,7248,0,190
2022-02-25,"TD","Chad","Africa",0,7248,0,190
2022-02-26,"TD","Chad","Africa",0,7248,0,190
2022-02-27,"TD","Chad","Africa",0,7248,0,190
2022-02-28,"TD","Chad","Africa",0,7248,0,190
2022-03-01,"TD","Chad","Africa",9,7257,0,190
2022-03-02,"TD","Chad","Africa",0,7257,0,190
2022-03-03,"TD","Chad","Africa",0,7257,0,190
2022-03-04,"TD","Chad","Africa",0,7257,0,190
2022-03-05,"TD","Chad","Africa",0,7257,0,190
2022-03-06,"TD","Chad","Africa",0,7257,0,190
2021-12-06,"CL","Chile","Americas",1927,1772547,36,38501
2021-12-07,"CL","Chile","Americas",1501,1774048,30,38531
2021-12-08,"CL","Chile","Americas",1164,1775212,4,38535
2021-12-09,"CL","Chile","Americas",1387,1776599,6,38541
2021-12-10,"CL","Chile","Americas",1771,1778370,59,38600
2021-12-11,"CL","Chile","Americas",1495,1779865,38,38638
2021-12-12,"CL","Chile","Americas",1362,1781227,8,38646
2021-12-13,"CL","Chile","Americas",1577,1782804,40,38686
2021-12-14,"CL","Chile","Americas",1361,1784165,30,38716
2021-12-15,"CL","Chile","Americas",959,1785124,7,38723
2021-12-16,"CL","Chile","Americas",1060,1786184,4,38727
2021-12-17,"CL","Chile","Americas",1492,1787676,46,38773
2021-12-18,"CL","Chile","Americas",1433,1789109,39,38812
2021-12-19,"CL","Chile","Americas",1415,1790524,28,38840
2021-12-20,"CL","Chile","Americas",1252,1791776,24,38864
2021-12-21,"CL","Chile","Americas",1126,1792902,21,38885
2021-12-22,"CL","Chile","Americas",884,1793786,9,38894
2021-12-23,"CL","Chile","Americas",964,1794750,6,38900
2021-12-24,"CL","Chile","Americas",1482,1796232,54,38954
2021-12-25,"CL","Chile","Americas",1399,1797631,30,38984
2021-12-26,"CL","Chile","Americas",1494,1799125,29,39013
2021-12-27,"CL","Chile","Americas",1155,1800280,21,39034
2021-12-28,"CL","Chile","Americas",753,1801033,22,39056
2021-12-29,"CL","Chile","Americas",762,1801795,3,39059
2021-12-30,"CL","Chile","Americas",1096,1802891,4,39063
2021-12-31,"CL","Chile","Americas",1791,1804682,33,39096
2022-01-01,"CL","Chile","Americas",1812,1806494,19,39115
2022-01-02,"CL","Chile","Americas",1904,1808398,25,39140
2022-01-03,"CL","Chile","Americas",1904,1810302,22,39162
2022-01-04,"CL","Chile","Americas",995,1811297,11,39173
2022-01-05,"CL","Chile","Americas",1051,1812348,1,39174
2022-01-06,"CL","Chile","Americas",1840,1814188,3,39177
2022-01-07,"CL","Chile","Americas",3112,1817300,30,39207
2022-01-08,"CL","Chile","Americas",3771,1821071,25,39232
2022-01-09,"CL","Chile","Americas",4346,1825417,19,39251
2022-01-10,"CL","Chile","Americas",4020,1829437,21,39272
2022-01-11,"CL","Chile","Americas",4041,1833478,13,39285
2022-01-12,"CL","Chile","Americas",3912,1837390,4,39289
2022-01-13,"CL","Chile","Americas",4828,1842218,1,39290
2022-01-14,"CL","Chile","Americas",7247,1849465,41,39331
2022-01-15,"CL","Chile","Americas",8299,1857764,24,39355
2022-01-16,"CL","Chile","Americas",9337,1867101,21,39376
2022-01-17,"CL","Chile","Americas",9509,1876610,18,39394
2022-01-18,"CL","Chile","Americas",8930,1885540,32,39426
2022-01-19,"CL","Chile","Americas",7575,1893115,1,39427
2022-01-20,"CL","Chile","Americas",9542,1902657,4,39431
2022-01-21,"CL","Chile","Americas",13865,1916522,25,39456
2022-01-22,"CL","Chile","Americas",17682,1934204,18,39474
2022-01-23,"CL","Chile","Americas",15471,1949675,23,39497
2022-01-24,"CL","Chile","Americas",15718,1965393,15,39512
2022-01-25,"CL","Chile","Americas",18797,1984190,23,39535
2022-01-26,"CL","Chile","Americas",17156,2001346,8,39543
2022-01-27,"CL","Chile","Americas",18736,2020082,4,39547
2022-01-28,"CL","Chile","Americas",25792,2045874,47,39594
2022-01-29,"CL","Chile","Americas",29829,2075703,26,39620
2022-01-30,"CL","Chile","Americas",31909,2107612,33,39653
2022-01-31,"CL","Chile","Americas",30131,2137743,31,39684
2022-02-01,"CL","Chile","Americas",28241,2165984,37,39721
2022-02-02,"CL","Chile","Americas",24577,2190561,12,39733
2022-02-03,"CL","Chile","Americas",30715,2221276,9,39742
2022-02-04,"CL","Chile","Americas",36729,2258005,82,39824
2022-02-05,"CL","Chile","Americas",38707,2296712,43,39867
2022-02-06,"CL","Chile","Americas",38322,2335034,63,39930
2022-02-07,"CL","Chile","Americas",36799,2371833,57,39987
2022-02-08,"CL","Chile","Americas",33839,2405672,73,40060
2022-02-09,"CL","Chile","Americas",26173,2431845,27,40087
2022-02-10,"CL","Chile","Americas",34253,2466098,24,40111
2022-02-11,"CL","Chile","Americas",38070,2504168,162,40273
2022-02-12,"CL","Chile","Americas",41651,2545819,97,40370
2022-02-13,"CL","Chile","Americas",37115,2582934,94,40464
2022-02-14,"CL","Chile","Americas",38493,2621427,94,40558
2022-02-15,"CL","Chile","Americas",31286,2652713,108,40666
2022-02-16,"CL","Chile","Americas",24979,2677692,32,40698
2022-02-17,"CL","Chile","Americas",32162,2709854,37,40735
2022-02-18,"CL","Chile","Americas",37698,2747552,201,40936
2022-02-19,"CL","Chile","Americas",35906,2783458,131,41067
2022-02-20,"CL","Chile","Americas",35788,2819246,129,41196
2022-02-21,"CL","Chile","Americas",32136,2851382,151,41347
2022-02-22,"CL","Chile","Americas",25073,2876455,144,41491
2022-02-23,"CL","Chile","Americas",19476,2895931,35,41526
2022-02-24,"CL","Chile","Americas",25200,2921131,45,41571
2022-02-25,"CL","Chile","Americas",32764,2953895,224,41795
2022-02-26,"CL","Chile","Americas",31978,2985873,124,41919
2022-02-27,"CL","Chile","Americas",29757,3015630,151,42070
2022-02-28,"CL","Chile","Americas",25770,3041400,130,42200
2022-03-01,"CL","Chile","Americas",19619,3061019,153,42353
2022-03-02,"CL","Chile","Americas",15272,3076291,28,42381
2022-03-03,"CL","Chile","Americas",21819,3098110,30,42411
2022-03-04,"CL","Chile","Americas",24692,3122802,272,42683
2022-03-05,"CL","Chile","Americas",24632,3147434,126,42809
2022-03-06,"CL","Chile","Americas",20901,3168335,146,42955
2021-12-06,"CN","China","Western Pacific",74,128393,0,5697
2021-12-07,"CN","China","Western Pacific",109,128502,0,5697
2021-12-08,"CN","China","Western Pacific",100,128602,0,5697
2021-12-09,"CN","China","Western Pacific",88,128690,0,5697
2021-12-10,"CN","China","Western Pacific",87,128777,0,5697
2021-12-11,"CN","China","Western Pacific",107,128884,0,5697
2021-12-12,"CN","China","Western Pacific",86,128970,0,5697
2021-12-13,"CN","China","Western Pacific",112,129082,0,5697
2021-12-14,"CN","China","Western Pacific",83,129165,0,5697
2021-12-15,"CN","China","Western Pacific",82,129247,0,5697
2021-12-16,"CN","China","Western Pacific",85,129332,1,5698
2021-12-17,"CN","China","Western Pacific",98,129430,0,5698
2021-12-18,"CN","China","Western Pacific",147,129577,0,5698
2021-12-19,"CN","China","Western Pacific",101,129678,0,5698
2021-12-20,"CN","China","Western Pacific",116,129794,1,5699
2021-12-21,"CN","China","Western Pacific",99,129893,0,5699
2021-12-22,"CN","China","Western Pacific",95,129988,0,5699
2021-12-23,"CN","China","Western Pacific",121,130109,0,5699
2021-12-24,"CN","China","Western Pacific",102,130211,0,5699
2021-12-25,"CN","China","Western Pacific",165,130376,0,5699
2021-12-26,"CN","China","Western Pacific",249,130625,0,5699
2021-12-27,"CN","China","Western Pacific",233,130858,0,5699
2021-12-28,"CN","China","Western Pacific",235,131093,0,5699
2021-12-29,"CN","China","Western Pacific",222,131315,0,5699
2021-12-30,"CN","China","Western Pacific",233,131548,0,5699
2021-12-31,"CN","China","Western Pacific",232,131780,0,5699
2022-01-01,"CN","China","Western Pacific",291,132071,0,5699
2022-01-02,"CN","China","Western Pacific",230,132301,0,5699
2022-01-03,"CN","China","Western Pacific",207,132508,0,5699
2022-01-04,"CN","China","Western Pacific",229,132737,0,5699
2022-01-05,"CN","China","Western Pacific",164,132901,0,5699
2022-01-06,"CN","China","Western Pacific",253,133154,0,5699
2022-01-07,"CN","China","Western Pacific",250,133404,0,5699
2022-01-08,"CN","China","Western Pacific",252,133656,0,5699
2022-01-09,"CN","China","Western Pacific",246,133902,0,5699
2022-01-10,"CN","China","Western Pacific",249,134151,0,5699
2022-01-11,"CN","China","Western Pacific",248,134399,0,5699
2022-01-12,"CN","China","Western Pacific",312,134711,0,5699
2022-01-13,"CN","China","Western Pacific",308,135019,0,5699
2022-01-14,"CN","China","Western Pacific",280,135299,1,5700
2022-01-15,"CN","China","Western Pacific",241,135540,0,5700
2022-01-16,"CN","China","Western Pacific",202,135742,0,5700
2022-01-17,"CN","China","Western Pacific",285,136027,0,5700
2022-01-18,"CN","China","Western Pacific",243,136270,0,5700
2022-01-19,"CN","China","Western Pacific",171,136441,0,5700
2022-01-20,"CN","China","Western Pacific",135,136576,0,5700
2022-01-21,"CN","China","Western Pacific",124,136700,0,5700
2022-01-22,"CN","China","Western Pacific",154,136854,0,5700
2022-01-23,"CN","China","Western Pacific",210,137064,0,5700
2022-01-24,"CN","China","Western Pacific",286,137350,0,5700
2022-01-25,"CN","China","Western Pacific",232,137582,0,5700
2022-01-26,"CN","China","Western Pacific",175,137757,0,5700
2022-01-27,"CN","China","Western Pacific",261,138018,0,5700
2022-01-28,"CN","China","Western Pacific",295,138313,0,5700
2022-01-29,"CN","China","Western Pacific",238,138551,0,5700
2022-01-30,"CN","China","Western Pacific",248,138799,0,5700
2022-01-31,"CN","China","Western Pacific",193,138992,0,5700
2022-02-01,"CN","China","Western Pacific",213,139205,0,5700
2022-02-02,"CN","China","Western Pacific",252,139457,0,5700
2022-02-03,"CN","China","Western Pacific",207,139664,0,5700
2022-02-04,"CN","China","Western Pacific",227,139891,0,5700
2022-02-05,"CN","China","Western Pacific",229,140120,0,5700
2022-02-06,"CN","China","Western Pacific",466,140586,0,5700
2022-02-07,"CN","China","Western Pacific",463,141049,0,5700
2022-02-08,"CN","China","Western Pacific",767,141816,0,5700
2022-02-09,"CN","China","Western Pacific",783,142599,0,5700
2022-02-10,"CN","China","Western Pacific",1244,143843,2,5702
2022-02-11,"CN","China","Western Pacific",1170,145013,1,5703
2022-02-12,"CN","China","Western Pacific",1503,146516,0,5703
2022-02-13,"CN","China","Western Pacific",1641,148157,3,5706
2022-02-14,"CN","China","Western Pacific",1483,149640,0,5706
2022-02-15,"CN","China","Western Pacific",2205,151845,2,5708
2022-02-16,"CN","China","Western Pacific",1765,153610,4,5712
2022-02-17,"CN","China","Western Pacific",4441,158051,3,5715
2022-02-18,"CN","China","Western Pacific",6271,164322,11,5726
2022-02-19,"CN","China","Western Pacific",3833,168155,21,5747
2022-02-20,"CN","China","Western Pacific",6331,174486,17,5764
2022-02-21,"CN","China","Western Pacific",6281,180767,12,5776
2022-02-22,"CN","China","Western Pacific",7720,188487,12,5788
2022-02-23,"CN","China","Western Pacific",6460,194947,36,5824
2022-02-24,"CN","China","Western Pacific",8916,203863,49,5873
2022-02-25,"CN","China","Western Pacific",9103,212966,40,5913
2022-02-26,"CN","China","Western Pacific",38163,251129,73,5986
2022-02-27,"CN","China","Western Pacific",23704,274833,80,6066
2022-02-28,"CN","China","Western Pacific",26321,301154,82,6148
2022-03-01,"CN","China","Western Pacific",34722,335876,85,6233
2022-03-02,"CN","China","Western Pacific",32865,368741,246,6479
2022-03-03,"CN","China","Western Pacific",55617,424358,178,6657
2022-03-04,"CN","China","Western Pacific",57192,481550,198,6855
2022-03-05,"CN","China","Western Pacific",52868,534418,188,7043
2022-03-06,"CN","China","Western Pacific",37938,572356,220,7263
2021-12-06,"CO","Colombia","Americas",2609,5078987,48,128733
2021-12-07,"CO","Colombia","Americas",2077,5081064,47,128780
2021-12-08,"CO","Colombia","Americas",1698,5082762,41,128821
2021-12-09,"CO","Colombia","Americas",1704,5084466,53,128874
2021-12-10,"CO","Colombia","Americas",1915,5086381,55,128929
2021-12-11,"CO","Colombia","Americas",1627,5088008,40,128969
2021-12-12,"CO","Colombia","Americas",1687,5089695,42,129011
2021-12-13,"CO","Colombia","Americas",1813,5091508,45,129056
2021-12-14,"CO","Colombia","Americas",2026,5093534,51,129107
2021-12-15,"CO","Colombia","Americas",2287,5095821,56,129163
2021-12-16,"CO","Colombia","Americas",1859,5097680,42,129205
2021-12-17,"CO","Colombia","Americas",2066,5099746,51,129256
2021-12-18,"CO","Colombia","Americas",1720,5101466,39,129295
2021-12-19,"CO","Colombia","Americas",1803,5103269,50,129345
2021-12-20,"CO","Colombia","Americas",2016,5105285,54,129399
2021-12-21,"CO","Colombia","Americas",2038,5107323,59,129458
2021-12-22,"CO","Colombia","Americas",1699,5109022,29,129487
2021-12-23,"CO","Colombia","Americas",1766,5110788,47,129534
2021-12-24,"CO","Colombia","Americas",1931,5112719,52,129586
2021-12-25,"CO","Colombia","Americas",2475,5115194,54,129640
2021-12-26,"CO","Colombia","Americas",3060,5118254,46,129686
2021-12-27,"CO","Colombia","Americas",3414,5121668,43,129729
2021-12-28,"CO","Colombia","Americas",3022,5124690,32,129761
2021-12-29,"CO","Colombia","Americas",3281,5127971,37,129798
2021-12-30,"CO","Colombia","Americas",4306,5132277,35,129833
2021-12-31,"CO","Colombia","Americas",6326,5138603,33,129866
2022-01-01,"CO","Colombia","Americas",8436,5147039,35,129901
2022-01-02,"CO","Colombia","Americas",10401,5157440,41,129942
2022-01-03,"CO","Colombia","Americas",12415,5169855,44,129986
2022-01-04,"CO","Colombia","Americas",11318,5181173,40,130026
2022-01-05,"CO","Colombia","Americas",9848,5191021,35,130061
2022-01-06,"CO","Colombia","Americas",12353,5203374,39,130100
2022-01-07,"CO","Colombia","Americas",16259,5219633,40,130140
2022-01-08,"CO","Colombia","Americas",23039,5242672,51,130191
2022-01-09,"CO","Colombia","Americas",26190,5268862,59,130250
2022-01-10,"CO","Colombia","Americas",31170,5300032,38,130288
2022-01-11,"CO","Colombia","Americas",30630,5330662,50,130338
2022-01-12,"CO","Colombia","Americas",27105,5357767,57,130395
2022-01-13,"CO","Colombia","Americas",23074,5380841,65,130460
2022-01-14,"CO","Colombia","Americas",29857,5410698,69,130529
2022-01-15,"CO","Colombia","Americas",30283,5440981,96,130625
2022-01-16,"CO","Colombia","Americas",34923,5475904,106,130731
2022-01-17,"CO","Colombia","Americas",35575,5511479,129,130860
2022-01-18,"CO","Colombia","Americas",32317,5543796,136,130996
2022-01-19,"CO","Colombia","Americas",24272,5568068,134,131130
2022-01-20,"CO","Colombia","Americas",28849,5596917,138,131268
2022-01-21,"CO","Colombia","Americas",27603,5624520,169,131437
2022-01-22,"CO","Colombia","Americas",30506,5655026,190,131627
2022-01-23,"CO","Colombia","Americas",31039,5686065,197,131824
2022-01-24,"CO","Colombia","Americas",28027,5714092,199,132023
2022-01-25,"CO","Colombia","Americas",26087,5740179,217,132240
2022-01-26,"CO","Colombia","Americas",21219,5761398,237,132477
2022-01-27,"CO","Colombia","Americas",19512,5780910,260,132737
2022-01-28,"CO","Colombia","Americas",17889,5798799,282,133019
2022-01-29,"CO","Colombia","Americas",17663,5816462,273,133292
2022-01-30,"CO","Colombia","Americas",20946,5837408,268,133560
2022-01-31,"CO","Colombia","Americas",18450,5855858,272,133832
2022-02-01,"CO","Colombia","Americas",16119,5871977,247,134079
2022-02-02,"CO","Colombia","Americas",15284,5887261,221,134300
2022-02-03,"CO","Colombia","Americas",14454,5901715,251,134551
2022-02-04,"CO","Colombia","Americas",15110,5916825,230,134781
2022-02-05,"CO","Colombia","Americas",13568,5930393,262,135043
2022-02-06,"CO","Colombia","Americas",13390,5943783,239,135282
2022-02-07,"CO","Colombia","Americas",12567,5956350,236,135518
2022-02-08,"CO","Colombia","Americas",10356,5966706,239,135757
2022-02-09,"CO","Colombia","Americas",9080,5975786,235,135992
2022-02-10,"CO","Colombia","Americas",9730,5985516,205,136197
2022-02-11,"CO","Colombia","Americas",8785,5994301,207,136404
2022-02-12,"CO","Colombia","Americas",8269,6002570,179,136583
2022-02-13,"CO","Colombia","Americas",5421,6007991,181,136764
2022-02-14,"CO","Colombia","Americas",6572,6014563,189,136953
2022-02-15,"CO","Colombia","Americas",5532,6020095,162,137115
2022-02-16,"CO","Colombia","Americas",3162,6023257,186,137301
2022-02-17,"CO","Colombia","Americas",3731,6026988,138,137439
2022-02-18,"CO","Colombia","Americas",4142,6031130,147,137586
2022-02-19,"CO","Colombia","Americas",4013,6035143,147,137733
2022-02-20,"CO","Colombia","Americas",4020,6039163,136,137869
2022-02-21,"CO","Colombia","Americas",4498,6043661,127,137996
2022-02-22,"CO","Colombia","Americas",3381,6047042,110,138106
2022-02-23,"CO","Colombia","Americas",2910,6049952,99,138205
2022-02-24,"CO","Colombia","Americas",2174,6052126,80,138285
2022-02-25,"CO","Colombia","Americas",2181,6054307,79,138364
2022-02-26,"CO","Colombia","Americas",2249,6056556,57,138421
2022-02-27,"CO","Colombia","Americas",2159,6058715,80,138501
2022-02-28,"CO","Colombia","Americas",2078,6060793,97,138598
2022-03-01,"CO","Colombia","Americas",1908,6062701,95,138693
2022-03-02,"CO","Colombia","Americas",1882,6064583,74,138767
2022-03-03,"CO","Colombia","Americas",1218,6065801,87,138854
2022-03-04,"CO","Colombia","Americas",1222,6067023,45,138899
2022-03-05,"CO","Colombia","Americas",1051,6068074,40,138939
2022-03-06,"CO","Colombia","Americas",1351,6069425,45,138984
2021-12-06,"KM","Comoros","Africa",0,4542,0,150
2021-12-07,"KM","Comoros","Africa",1,4543,0,150
2021-12-08,"KM","Comoros","Africa",5,4548,0,150
2021-12-09,"KM","Comoros","Africa",2,4550,0,150
2021-12-10,"KM","Comoros","Africa",0,4550,0,150
2021-12-11,"KM","Comoros","Africa",14,4564,0,150
2021-12-12,"KM","Comoros","Africa",0,4564,0,150
2021-12-13,"KM","Comoros","Africa",5,4569,0,150
2021-12-14,"KM","Comoros","Africa",0,4569,0,150
2021-12-15,"KM","Comoros","Africa",3,4572,0,150
2021-12-16,"KM","Comoros","Africa",4,4576,0,150
2021-12-17,"KM","Comoros","Africa",13,4589,0,150
2021-12-18,"KM","Comoros","Africa",17,4606,0,150
2021-12-19,"KM","Comoros","Africa",43,4649,0,150
2021-12-20,"KM","Comoros","Africa",18,4667,1,151
2021-12-21,"KM","Comoros","Africa",10,4677,1,152
2021-12-22,"KM","Comoros","Africa",0,4677,0,152
2021-12-23,"KM","Comoros","Africa",275,4952,0,152
2021-12-24,"KM","Comoros","Africa",384,5336,1,153
2021-12-25,"KM","Comoros","Africa",143,5479,0,153
2021-12-26,"KM","Comoros","Africa",0,5479,0,153
2021-12-27,"KM","Comoros","Africa",250,5729,0,153
2021-12-28,"KM","Comoros","Africa",138,5867,1,154
2021-12-29,"KM","Comoros","Africa",176,6043,0,154
2021-12-30,"KM","Comoros","Africa",241,6284,2,156
2021-12-31,"KM","Comoros","Africa",231,6515,2,158
2022-01-01,"KM","Comoros","Africa",173,6688,0,158
2022-01-02,"KM","Comoros","Africa",0,6688,0,158
2022-01-03,"KM","Comoros","Africa",219,6907,1,159
2022-01-04,"KM","Comoros","Africa",161,7068,0,159
2022-01-05,"KM","Comoros","Africa",215,7283,0,159
2022-01-06,"KM","Comoros","Africa",122,7405,0,159
2022-01-07,"KM","Comoros","Africa",92,7497,0,159
2022-01-08,"KM","Comoros","Africa",0,7497,0,159
2022-01-09,"KM","Comoros","Africa",97,7594,0,159
2022-01-10,"KM","Comoros","Africa",28,7622,0,159
2022-01-11,"KM","Comoros","Africa",0,7622,0,159
2022-01-12,"KM","Comoros","Africa",57,7679,0,159
2022-01-13,"KM","Comoros","Africa",0,7679,0,159
2022-01-14,"KM","Comoros","Africa",36,7715,0,159
2022-01-15,"KM","Comoros","Africa",18,7733,0,159
2022-01-16,"KM","Comoros","Africa",0,7733,0,159
2022-01-17,"KM","Comoros","Africa",12,7745,0,159
2022-01-18,"KM","Comoros","Africa",0,7745,0,159
2022-01-19,"KM","Comoros","Africa",0,7745,0,159
2022-01-20,"KM","Comoros","Africa",39,7784,0,159
2022-01-21,"KM","Comoros","Africa",0,7784,0,159
2022-01-22,"KM","Comoros","Africa",9,7793,0,159
2022-01-23,"KM","Comoros","Africa",0,7793,0,159
2022-01-24,"KM","Comoros","Africa",19,7812,0,159
2022-01-25,"KM","Comoros","Africa",0,7812,0,159
2022-01-26,"KM","Comoros","Africa",2,7814,0,159
2022-01-27,"KM","Comoros","Africa",0,7814,0,159
2022-01-28,"KM","Comoros","Africa",0,7814,0,159
2022-01-29,"KM","Comoros","Africa",13,7827,0,159
2022-01-30,"KM","Comoros","Africa",0,7827,0,159
2022-01-31,"KM","Comoros","Africa",0,7827,0,159
2022-02-01,"KM","Comoros","Africa",0,7827,0,159
2022-02-02,"KM","Comoros","Africa",5,7832,1,160
2022-02-03,"KM","Comoros","Africa",0,7832,0,160
2022-02-04,"KM","Comoros","Africa",12,7844,0,160
2022-02-05,"KM","Comoros","Africa",0,7844,0,160
2022-02-06,"KM","Comoros","Africa",84,7928,0,160
2022-02-07,"KM","Comoros","Africa",36,7964,0,160
2022-02-08,"KM","Comoros","Africa",0,7964,0,160
2022-02-09,"KM","Comoros","Africa",1,7965,0,160
2022-02-10,"KM","Comoros","Africa",13,7978,0,160
2022-02-11,"KM","Comoros","Africa",0,7978,0,160
2022-02-12,"KM","Comoros","Africa",0,7978,0,160
2022-02-13,"KM","Comoros","Africa",0,7978,0,160
2022-02-14,"KM","Comoros","Africa",27,8005,0,160
2022-02-15,"KM","Comoros","Africa",0,8005,0,160
2022-02-16,"KM","Comoros","Africa",0,8005,0,160
2022-02-17,"KM","Comoros","Africa",5,8010,0,160
2022-02-18,"KM","Comoros","Africa",2,8012,0,160
2022-02-19,"KM","Comoros","Africa",0,8012,0,160
2022-02-20,"KM","Comoros","Africa",4,8016,0,160
2022-02-21,"KM","Comoros","Africa",4,8020,0,160
2022-02-22,"KM","Comoros","Africa",1,8021,0,160
2022-02-23,"KM","Comoros","Africa",0,8021,0,160
2022-02-24,"KM","Comoros","Africa",3,8024,0,160
2022-02-25,"KM","Comoros","Africa",0,8024,0,160
2022-02-26,"KM","Comoros","Africa",0,8024,0,160
2022-02-27,"KM","Comoros","Africa",4,8028,0,160
2022-02-28,"KM","Comoros","Africa",0,8028,0,160
2022-03-01,"KM","Comoros","Africa",7,8035,0,160
2022-03-02,"KM","Comoros","Africa",4,8039,0,160
2022-03-03,"KM","Comoros","Africa",8,8047,0,160
2022-03-04,"KM","Comoros","Africa",0,8047,0,160
2022-03-05,"KM","Comoros","Africa",0,8047,0,160
2022-03-06,"KM","Comoros","Africa",0,8047,0,160
2021-12-06,"CG","Congo","Africa",0,18970,0,354
2021-12-07,"CG","Congo","Africa",96,19066,5,359
2021-12-08,"CG","Congo","Africa",0,19066,0,359
2021-12-09,"CG","Congo","Africa",0,19066,0,359
2021-12-10,"CG","Congo","Africa",0,19066,0,359
2021-12-11,"CG","Congo","Africa",0,19066,0,359
2021-12-12,"CG","Congo","Africa",0,19066,0,359
2021-12-13,"CG","Congo","Africa",0,19066,0,359
2021-12-14,"CG","Congo","Africa",0,19066,0,359
2021-12-15,"CG","Congo","Africa",0,19066,0,359
2021-12-16,"CG","Congo","Africa",113,19179,6,365
2021-12-17,"CG","Congo","Africa",0,19179,0,365
2021-12-18,"CG","Congo","Africa",0,19179,0,365
2021-12-19,"CG","Congo","Africa",0,19179,0,365
2021-12-20,"CG","Congo","Africa",0,19179,0,365
2021-12-21,"CG","Congo","Africa",311,19490,2,367
2021-12-22,"CG","Congo","Africa",0,19490,0,367
2021-12-23,"CG","Congo","Africa",0,19490,0,367
2021-12-24,"CG","Congo","Africa",0,19490,0,367
2021-12-25,"CG","Congo","Africa",0,19490,0,367
2021-12-26,"CG","Congo","Africa",0,19490,0,367
2021-12-27,"CG","Congo","Africa",599,20089,0,367
2021-12-28,"CG","Congo","Africa",0,20089,0,367
2021-12-29,"CG","Congo","Africa",0,20089,0,367
2021-12-30,"CG","Congo","Africa",0,20089,0,367
2021-12-31,"CG","Congo","Africa",0,20089,0,367
2022-01-01,"CG","Congo","Africa",0,20089,0,367
2022-01-02,"CG","Congo","Africa",1188,21277,2,369
2022-01-03,"CG","Congo","Africa",0,21277,0,369
2022-01-04,"CG","Congo","Africa",0,21277,0,369
2022-01-05,"CG","Congo","Africa",0,21277,0,369
2022-01-06,"CG","Congo","Africa",0,21277,0,369
2022-01-07,"CG","Congo","Africa",567,21844,1,370
2022-01-08,"CG","Congo","Africa",0,21844,0,370
2022-01-09,"CG","Congo","Africa",0,21844,0,370
2022-01-10,"CG","Congo","Africa",574,22418,0,370
2022-01-11,"CG","Congo","Africa",0,22418,0,370
2022-01-12,"CG","Congo","Africa",0,22418,0,370
2022-01-13,"CG","Congo","Africa",0,22418,0,370
2022-01-14,"CG","Congo","Africa",0,22418,0,370
2022-01-15,"CG","Congo","Africa",551,22969,1,371
2022-01-16,"CG","Congo","Africa",0,22969,0,371
2022-01-17,"CG","Congo","Africa",275,23244,0,371
2022-01-18,"CG","Congo","Africa",0,23244,0,371
2022-01-19,"CG","Congo","Africa",0,23244,0,371
2022-01-20,"CG","Congo","Africa",0,23244,0,371
2022-01-21,"CG","Congo","Africa",136,23380,0,371
2022-01-22,"CG","Congo","Africa",0,23380,0,371
2022-01-23,"CG","Congo","Africa",0,23380,0,371
2022-01-24,"CG","Congo","Africa",105,23485,0,371
2022-01-25,"CG","Congo","Africa",0,23485,0,371
2022-01-26,"CG","Congo","Africa",0,23485,0,371
2022-01-27,"CG","Congo","Africa",168,23653,0,371
2022-01-28,"CG","Congo","Africa",0,23653,0,371
2022-01-29,"CG","Congo","Africa",0,23653,0,371
2022-01-30,"CG","Congo","Africa",52,23705,0,371
2022-01-31,"CG","Congo","Africa",0,23705,0,371
2022-02-01,"CG","Congo","Africa",0,23705,0,371
2022-02-02,"CG","Congo","Africa",0,23705,0,371
2022-02-03,"CG","Congo","Africa",0,23705,0,371
2022-02-04,"CG","Congo","Africa",25,23730,4,375
2022-02-05,"CG","Congo","Africa",0,23730,0,375
2022-02-06,"CG","Congo","Africa",0,23730,0,375
2022-02-07,"CG","Congo","Africa",62,23792,0,375
2022-02-08,"CG","Congo","Africa",0,23792,0,375
2022-02-09,"CG","Congo","Africa",62,23854,0,375
2022-02-10,"CG","Congo","Africa",6,23860,0,375
2022-02-11,"CG","Congo","Africa",0,23860,0,375
2022-02-12,"CG","Congo","Africa",0,23860,0,375
2022-02-13,"CG","Congo","Africa",0,23860,0,375
2022-02-14,"CG","Congo","Africa",14,23874,0,375
2022-02-15,"CG","Congo","Africa",0,23874,0,375
2022-02-16,"CG","Congo","Africa",0,23874,0,375
2022-02-17,"CG","Congo","Africa",0,23874,0,375
2022-02-18,"CG","Congo","Africa",0,23874,0,375
2022-02-19,"CG","Congo","Africa",20,23894,1,376
2022-02-20,"CG","Congo","Africa",0,23894,0,376
2022-02-21,"CG","Congo","Africa",31,23925,1,377
2022-02-22,"CG","Congo","Africa",0,23925,0,377
2022-02-23,"CG","Congo","Africa",0,23925,0,377
2022-02-24,"CG","Congo","Africa",42,23967,1,378
2022-02-25,"CG","Congo","Africa",0,23967,0,378
2022-02-26,"CG","Congo","Africa",0,23967,0,378
2022-02-27,"CG","Congo","Africa",0,23967,0,378
2022-02-28,"CG","Congo","Africa",53,24020,0,378
2022-03-01,"CG","Congo","Africa",0,24020,0,378
2022-03-02,"CG","Congo","Africa",0,24020,0,378
2022-03-03,"CG","Congo","Africa",0,24020,0,378
2022-03-04,"CG","Congo","Africa",0,24020,0,378
2022-03-05,"CG","Congo","Africa",0,24020,0,378
2022-03-06,"CG","Congo","Africa",0,24020,0,378
2021-12-06,"CK","Cook Islands","Western Pacific",0,0,0,0
2021-12-07,"CK","Cook Islands","Western Pacific",0,0,0,0
2021-12-08,"CK","Cook Islands","Western Pacific",0,0,0,0
2021-12-09,"CK","Cook Islands","Western Pacific",0,0,0,0
2021-12-10,"CK","Cook Islands","Western Pacific",0,0,0,0
2021-12-11,"CK","Cook Islands","Western Pacific",0,0,0,0
2021-12-12,"CK","Cook Islands","Western Pacific",0,0,0,0
2021-12-13,"CK","Cook Islands","Western Pacific",0,0,0,0
2021-12-14,"CK","Cook Islands","Western Pacific",0,0,0,0
2021-12-15,"CK","Cook Islands","Western Pacific",0,0,0,0
2021-12-16,"CK","Cook Islands","Western Pacific",0,0,0,0
2021-12-17,"CK","Cook Islands","Western Pacific",0,0,0,0
2021-12-18,"CK","Cook Islands","Western Pacific",0,0,0,0
2021-12-19,"CK","Cook Islands","Western Pacific",0,0,0,0
2021-12-20,"CK","Cook Islands","Western Pacific",0,0,0,0
2021-12-21,"CK","Cook Islands","Western Pacific",0,0,0,0
2021-12-22,"CK","Cook Islands","Western Pacific",0,0,0,0
2021-12-23,"CK","Cook Islands","Western Pacific",0,0,0,0
2021-12-24,"CK","Cook Islands","Western Pacific",0,0,0,0
2021-12-25,"CK","Cook Islands","Western Pacific",0,0,0,0
2021-12-26,"CK","Cook Islands","Western Pacific",0,0,0,0
2021-12-27,"CK","Cook Islands","Western Pacific",0,0,0,0
2021-12-28,"CK","Cook Islands","Western Pacific",0,0,0,0
2021-12-29,"CK","Cook Islands","Western Pacific",0,0,0,0
2021-12-30,"CK","Cook Islands","Western Pacific",0,0,0,0
2021-12-31,"CK","Cook Islands","Western Pacific",0,0,0,0
2022-01-01,"CK","Cook Islands","Western Pacific",0,0,0,0
2022-01-02,"CK","Cook Islands","Western Pacific",0,0,0,0
2022-01-03,"CK","Cook Islands","Western Pacific",0,0,0,0
2022-01-04,"CK","Cook Islands","Western Pacific",0,0,0,0
2022-01-05,"CK","Cook Islands","Western Pacific",0,0,0,0
2022-01-06,"CK","Cook Islands","Western Pacific",0,0,0,0
2022-01-07,"CK","Cook Islands","Western Pacific",0,0,0,0
2022-01-08,"CK","Cook Islands","Western Pacific",0,0,0,0
2022-01-09,"CK","Cook Islands","Western Pacific",0,0,0,0
2022-01-10,"CK","Cook Islands","Western Pacific",0,0,0,0
2022-01-11,"CK","Cook Islands","Western Pacific",0,0,0,0
2022-01-12,"CK","Cook Islands","Western Pacific",0,0,0,0
2022-01-13,"CK","Cook Islands","Western Pacific",0,0,0,0
2022-01-14,"CK","Cook Islands","Western Pacific",0,0,0,0
2022-01-15,"CK","Cook Islands","Western Pacific",0,0,0,0
2022-01-16,"CK","Cook Islands","Western Pacific",0,0,0,0
2022-01-17,"CK","Cook Islands","Western Pacific",0,0,0,0
2022-01-18,"CK","Cook Islands","Western Pacific",0,0,0,0
2022-01-19,"CK","Cook Islands","Western Pacific",0,0,0,0
2022-01-20,"CK","Cook Islands","Western Pacific",0,0,0,0
2022-01-21,"CK","Cook Islands","Western Pacific",0,0,0,0
2022-01-22,"CK","Cook Islands","Western Pacific",0,0,0,0
2022-01-23,"CK","Cook Islands","Western Pacific",0,0,0,0
2022-01-24,"CK","Cook Islands","Western Pacific",0,0,0,0
2022-01-25,"CK","Cook Islands","Western Pacific",0,0,0,0
2022-01-26,"CK","Cook Islands","Western Pacific",0,0,0,0
2022-01-27,"CK","Cook Islands","Western Pacific",0,0,0,0
2022-01-28,"CK","Cook Islands","Western Pacific",0,0,0,0
2022-01-29,"CK","Cook Islands","Western Pacific",0,0,0,0
2022-01-30,"CK","Cook Islands","Western Pacific",0,0,0,0
2022-01-31,"CK","Cook Islands","Western Pacific",0,0,0,0
2022-02-01,"CK","Cook Islands","Western Pacific",0,0,0,0
2022-02-02,"CK","Cook Islands","Western Pacific",0,0,0,0
2022-02-03,"CK","Cook Islands","Western Pacific",0,0,0,0
2022-02-04,"CK","Cook Islands","Western Pacific",0,0,0,0
2022-02-05,"CK","Cook Islands","Western Pacific",0,0,0,0
2022-02-06,"CK","Cook Islands","Western Pacific",0,0,0,0
2022-02-07,"CK","Cook Islands","Western Pacific",0,0,0,0
2022-02-08,"CK","Cook Islands","Western Pacific",0,0,0,0
2022-02-09,"CK","Cook Islands","Western Pacific",0,0,0,0
2022-02-10,"CK","Cook Islands","Western Pacific",0,0,0,0
2022-02-11,"CK","Cook Islands","Western Pacific",0,0,0,0
2022-02-12,"CK","Cook Islands","Western Pacific",0,0,0,0
2022-02-13,"CK","Cook Islands","Western Pacific",0,0,0,0
2022-02-14,"CK","Cook Islands","Western Pacific",0,0,0,0
2022-02-15,"CK","Cook Islands","Western Pacific",1,1,0,0
2022-02-16,"CK","Cook Islands","Western Pacific",0,1,0,0
2022-02-17,"CK","Cook Islands","Western Pacific",2,3,0,0
2022-02-18,"CK","Cook Islands","Western Pacific",0,3,0,0
2022-02-19,"CK","Cook Islands","Western Pacific",1,4,0,0
2022-02-20,"CK","Cook Islands","Western Pacific",0,4,0,0
2022-02-21,"CK","Cook Islands","Western Pacific",0,4,0,0
2022-02-22,"CK","Cook Islands","Western Pacific",0,4,0,0
2022-02-23,"CK","Cook Islands","Western Pacific",2,6,0,0
2022-02-24,"CK","Cook Islands","Western Pacific",0,6,0,0
2022-02-25,"CK","Cook Islands","Western Pacific",2,8,0,0
2022-02-26,"CK","Cook Islands","Western Pacific",0,8,0,0
2022-02-27,"CK","Cook Islands","Western Pacific",0,8,0,0
2022-02-28,"CK","Cook Islands","Western Pacific",2,10,0,0
2022-03-01,"CK","Cook Islands","Western Pacific",15,25,0,0
2022-03-02,"CK","Cook Islands","Western Pacific",28,53,0,0
2022-03-03,"CK","Cook Islands","Western Pacific",18,71,0,0
2022-03-04,"CK","Cook Islands","Western Pacific",13,84,0,0
2022-03-05,"CK","Cook Islands","Western Pacific",0,84,0,0
2022-03-06,"CK","Cook Islands","Western Pacific",0,84,0,0
2021-12-06,"CR","Costa Rica","Americas",124,567507,3,7315
2021-12-07,"CR","Costa Rica","Americas",56,567563,2,7317
2021-12-08,"CR","Costa Rica","Americas",51,567614,1,7318
2021-12-09,"CR","Costa Rica","Americas",92,567706,6,7324
2021-12-10,"CR","Costa Rica","Americas",118,567824,0,7324
2021-12-11,"CR","Costa Rica","Americas",82,567906,4,7328
2021-12-12,"CR","Costa Rica","Americas",89,567995,4,7332
2021-12-13,"CR","Costa Rica","Americas",74,568069,1,7333
2021-12-14,"CR","Costa Rica","Americas",96,568165,0,7333
2021-12-15,"CR","Costa Rica","Americas",59,568224,0,7333
2021-12-16,"CR","Costa Rica","Americas",81,568305,0,7333
2021-12-17,"CR","Costa Rica","Americas",68,568373,3,7336
2021-12-18,"CR","Costa Rica","Americas",55,568428,0,7336
2021-12-19,"CR","Costa Rica","Americas",110,568538,4,7340
2021-12-20,"CR","Costa Rica","Americas",103,568641,0,7340
2021-12-21,"CR","Costa Rica","Americas",43,568684,0,7340
2021-12-22,"CR","Costa Rica","Americas",71,568755,2,7342
2021-12-23,"CR","Costa Rica","Americas",105,568860,1,7343
2021-12-24,"CR","Costa Rica","Americas",163,569023,0,7343
2021-12-25,"CR","Costa Rica","Americas",237,569260,2,7345
2021-12-26,"CR","Costa Rica","Americas",263,569523,4,7349
2021-12-27,"CR","Costa Rica","Americas",385,569908,2,7351
2021-12-28,"CR","Costa Rica","Americas",110,570018,1,7352
2021-12-29,"CR","Costa Rica","Americas",117,570135,0,7352
2021-12-30,"CR","Costa Rica","Americas",421,570556,1,7353
2021-12-31,"CR","Costa Rica","Americas",404,570960,1,7354
2022-01-01,"CR","Costa Rica","Americas",521,571481,3,7357
2022-01-02,"CR","Costa Rica","Americas",1067,572548,0,7357
2022-01-03,"CR","Costa Rica","Americas",745,573293,1,7358
2022-01-04,"CR","Costa Rica","Americas",550,573843,3,7361
2022-01-05,"CR","Costa Rica","Americas",528,574371,2,7363
2022-01-06,"CR","Costa Rica","Americas",1500,575871,3,7366
2022-01-07,"CR","Costa Rica","Americas",2542,578413,3,7369
2022-01-08,"CR","Costa Rica","Americas",2981,581394,1,7370
2022-01-09,"CR","Costa Rica","Americas",3153,584547,2,7372
2022-01-10,"CR","Costa Rica","Americas",3374,587921,7,7379
2022-01-11,"CR","Costa Rica","Americas",1867,589788,2,7381
2022-01-12,"CR","Costa Rica","Americas",2200,591988,1,7382
2022-01-13,"CR","Costa Rica","Americas",4400,596388,4,7386
2022-01-14,"CR","Costa Rica","Americas",4682,601070,8,7394
2022-01-15,"CR","Costa Rica","Americas",4749,605819,7,7401
2022-01-16,"CR","Costa Rica","Americas",4063,609882,5,7406
2022-01-17,"CR","Costa Rica","Americas",4711,614593,7,7413
2022-01-18,"CR","Costa Rica","Americas",3169,617762,2,7415
2022-01-19,"CR","Costa Rica","Americas",2825,620587,6,7421
2022-01-20,"CR","Costa Rica","Americas",5365,625952,4,7425
2022-01-21,"CR","Costa Rica","Americas",5359,631311,9,7434
2022-01-22,"CR","Costa Rica","Americas",6016,637327,7,7441
2022-01-23,"CR","Costa Rica","Americas",6169,643496,10,7451
2022-01-24,"CR","Costa Rica","Americas",5394,648890,11,7462
2022-01-25,"CR","Costa Rica","Americas",4239,653129,8,7470
2022-01-26,"CR","Costa Rica","Americas",3219,656348,13,7483
2022-01-27,"CR","Costa Rica","Americas",5336,661684,9,7492
2022-01-28,"CR","Costa Rica","Americas",6525,668209,13,7505
2022-01-29,"CR","Costa Rica","Americas",6969,675178,16,7521
2022-01-30,"CR","Costa Rica","Americas",7302,682480,12,7533
2022-01-31,"CR","Costa Rica","Americas",6021,688501,14,7547
2022-02-01,"CR","Costa Rica","Americas",3424,691925,8,7555
2022-02-02,"CR","Costa Rica","Americas",2940,694865,20,7575
2022-02-03,"CR","Costa Rica","Americas",6606,701471,18,7593
2022-02-04,"CR","Costa Rica","Americas",7089,708560,12,7605
2022-02-05,"CR","Costa Rica","Americas",7189,715749,16,7621
2022-02-06,"CR","Costa Rica","Americas",6222,721971,20,7641
2022-02-07,"CR","Costa Rica","Americas",5566,727537,17,7658
2022-02-08,"CR","Costa Rica","Americas",3425,730962,18,7676
2022-02-09,"CR","Costa Rica","Americas",2746,733708,18,7694
2022-02-10,"CR","Costa Rica","Americas",6136,739844,18,7712
2022-02-11,"CR","Costa Rica","Americas",6105,745949,18,7730
2022-02-12,"CR","Costa Rica","Americas",5656,751605,22,7752
2022-02-13,"CR","Costa Rica","Americas",5488,757093,20,7772
2022-02-14,"CR","Costa Rica","Americas",4635,761728,12,7784
2022-02-15,"CR","Costa Rica","Americas",2707,764435,14,7798
2022-02-16,"CR","Costa Rica","Americas",2085,766520,8,7806
2022-02-17,"CR","Costa Rica","Americas",4507,771027,23,7829
2022-02-18,"CR","Costa Rica","Americas",4291,775318,18,7847
2022-02-19,"CR","Costa Rica","Americas",4005,779323,27,7874
2022-02-20,"CR","Costa Rica","Americas",4114,783437,20,7894
2022-02-21,"CR","Costa Rica","Americas",3053,786490,12,7906
2022-02-22,"CR","Costa Rica","Americas",2179,788669,13,7919
2022-02-23,"CR","Costa Rica","Americas",1775,790444,17,7936
2022-02-24,"CR","Costa Rica","Americas",3391,793835,18,7954
2022-02-25,"CR","Costa Rica","Americas",3195,797030,15,7969
2022-02-26,"CR","Costa Rica","Americas",2796,799826,15,7984
2022-02-27,"CR","Costa Rica","Americas",2646,802472,15,7999
2022-02-28,"CR","Costa Rica","Americas",2155,804627,14,8013
2022-03-01,"CR","Costa Rica","Americas",1037,805664,18,8031
2022-03-02,"CR","Costa Rica","Americas",1264,806928,6,8037
2022-03-03,"CR","Costa Rica","Americas",2203,809131,10,8047
2022-03-04,"CR","Costa Rica","Americas",1909,811040,10,8057
2022-03-05,"CR","Costa Rica","Americas",1772,812812,16,8073
2022-03-06,"CR","Costa Rica","Americas",1771,814583,9,8082
2021-12-06,"CI","Côte d’Ivoire","Africa",7,61824,1,706
2021-12-07,"CI","Côte d’Ivoire","Africa",2,61826,0,706
2021-12-08,"CI","Côte d’Ivoire","Africa",18,61844,0,706
2021-12-09,"CI","Côte d’Ivoire","Africa",13,61857,0,706
2021-12-10,"CI","Côte d’Ivoire","Africa",6,61863,0,706
2021-12-11,"CI","Côte d’Ivoire","Africa",19,61882,0,706
2021-12-12,"CI","Côte d’Ivoire","Africa",14,61896,0,706
2021-12-13,"CI","Côte d’Ivoire","Africa",9,61905,0,706
2021-12-14,"CI","Côte d’Ivoire","Africa",2,61907,0,706
2021-12-15,"CI","Côte d’Ivoire","Africa",0,61907,0,706
2021-12-16,"CI","Côte d’Ivoire","Africa",36,61943,0,706
2021-12-17,"CI","Côte d’Ivoire","Africa",55,61998,0,706
2021-12-18,"CI","Côte d’Ivoire","Africa",0,61998,0,706
2021-12-19,"CI","Côte d’Ivoire","Africa",0,61998,0,706
2021-12-20,"CI","Côte d’Ivoire","Africa",79,62077,0,706
2021-12-21,"CI","Côte d’Ivoire","Africa",89,62166,0,706
2021-12-22,"CI","Côte d’Ivoire","Africa",170,62336,0,706
2021-12-23,"CI","Côte d’Ivoire","Africa",247,62583,0,706
2021-12-24,"CI","Côte d’Ivoire","Africa",0,62583,1,707
2021-12-25,"CI","Côte d’Ivoire","Africa",809,63392,0,707
2021-12-26,"CI","Côte d’Ivoire","Africa",455,63847,0,707
2021-12-27,"CI","Côte d’Ivoire","Africa",0,63847,0,707
2021-12-28,"CI","Côte d’Ivoire","Africa",1098,64945,0,707
2021-12-29,"CI","Côte d’Ivoire","Africa",121,65066,0,707
2021-12-30,"CI","Côte d’Ivoire","Africa",1502,66568,1,708
2021-12-31,"CI","Côte d’Ivoire","Africa",1578,68146,4,712
2022-01-01,"CI","Côte d’Ivoire","Africa",0,68146,0,712
2022-01-02,"CI","Côte d’Ivoire","Africa",3669,71815,6,718
2022-01-03,"CI","Côte d’Ivoire","Africa",537,72352,2,720
2022-01-04,"CI","Côte d’Ivoire","Africa",0,72352,0,720
2022-01-05,"CI","Côte d’Ivoire","Africa",1434,73786,3,723
2022-01-06,"CI","Côte d’Ivoire","Africa",1278,75064,4,727
2022-01-07,"CI","Côte d’Ivoire","Africa",651,75715,3,730
2022-01-08,"CI","Côte d’Ivoire","Africa",606,76321,2,732
2022-01-09,"CI","Côte d’Ivoire","Africa",411,76732,1,733
2022-01-10,"CI","Côte d’Ivoire","Africa",717,77449,2,735
2022-01-11,"CI","Côte d’Ivoire","Africa",228,77677,3,738
2022-01-12,"CI","Côte d’Ivoire","Africa",180,77857,4,742
2022-01-13,"CI","Côte d’Ivoire","Africa",401,78258,3,745
2022-01-14,"CI","Côte d’Ivoire","Africa",237,78495,2,747
2022-01-15,"CI","Côte d’Ivoire","Africa",204,78699,1,748
2022-01-16,"CI","Côte d’Ivoire","Africa",389,79088,5,753
2022-01-17,"CI","Côte d’Ivoire","Africa",0,79088,0,753
2022-01-18,"CI","Côte d’Ivoire","Africa",185,79273,8,761
2022-01-19,"CI","Côte d’Ivoire","Africa",162,79435,2,763
2022-01-20,"CI","Côte d’Ivoire","Africa",123,79558,1,764
2022-01-21,"CI","Côte d’Ivoire","Africa",0,79558,0,764
2022-01-22,"CI","Côte d’Ivoire","Africa",256,79814,7,771
2022-01-23,"CI","Côte d’Ivoire","Africa",300,80114,7,778
2022-01-24,"CI","Côte d’Ivoire","Africa",62,80176,1,779
2022-01-25,"CI","Côte d’Ivoire","Africa",73,80249,0,779
2022-01-26,"CI","Côte d’Ivoire","Africa",114,80363,3,782
2022-01-27,"CI","Côte d’Ivoire","Africa",33,80396,0,782
2022-01-28,"CI","Côte d’Ivoire","Africa",91,80487,0,782
2022-01-29,"CI","Côte d’Ivoire","Africa",79,80566,0,782
2022-01-30,"CI","Côte d’Ivoire","Africa",57,80623,2,784
2022-01-31,"CI","Côte d’Ivoire","Africa",72,80695,1,785
2022-02-01,"CI","Côte d’Ivoire","Africa",23,80718,0,785
2022-02-02,"CI","Côte d’Ivoire","Africa",65,80783,0,785
2022-02-03,"CI","Côte d’Ivoire","Africa",0,80783,0,785
2022-02-04,"CI","Côte d’Ivoire","Africa",38,80821,1,786
2022-02-05,"CI","Côte d’Ivoire","Africa",0,80821,0,786
2022-02-06,"CI","Côte d’Ivoire","Africa",80,80901,0,786
2022-02-07,"CI","Côte d’Ivoire","Africa",19,80920,0,786
2022-02-08,"CI","Côte d’Ivoire","Africa",18,80938,1,787
2022-02-09,"CI","Côte d’Ivoire","Africa",38,80976,0,787
2022-02-10,"CI","Côte d’Ivoire","Africa",29,81005,0,787
2022-02-11,"CI","Côte d’Ivoire","Africa",35,81040,2,789
2022-02-12,"CI","Côte d’Ivoire","Africa",69,81109,0,789
2022-02-13,"CI","Côte d’Ivoire","Africa",9,81118,0,789
2022-02-14,"CI","Côte d’Ivoire","Africa",0,81118,0,789
2022-02-15,"CI","Côte d’Ivoire","Africa",95,81213,2,791
2022-02-16,"CI","Côte d’Ivoire","Africa",24,81237,0,791
2022-02-17,"CI","Côte d’Ivoire","Africa",16,81253,0,791
2022-02-18,"CI","Côte d’Ivoire","Africa",0,81253,0,791
2022-02-19,"CI","Côte d’Ivoire","Africa",69,81322,0,791
2022-02-20,"CI","Côte d’Ivoire","Africa",24,81346,0,791
2022-02-21,"CI","Côte d’Ivoire","Africa",21,81367,0,791
2022-02-22,"CI","Côte d’Ivoire","Africa",7,81374,0,791
2022-02-23,"CI","Côte d’Ivoire","Africa",23,81397,0,791
2022-02-24,"CI","Côte d’Ivoire","Africa",13,81410,0,791
2022-02-25,"CI","Côte d’Ivoire","Africa",0,81410,0,791
2022-02-26,"CI","Côte d’Ivoire","Africa",20,81430,1,792
2022-02-27,"CI","Côte d’Ivoire","Africa",37,81467,0,792
2022-02-28,"CI","Côte d’Ivoire","Africa",0,81467,0,792
2022-03-01,"CI","Côte d’Ivoire","Africa",16,81483,1,793
2022-03-02,"CI","Côte d’Ivoire","Africa",17,81500,1,794
2022-03-03,"CI","Côte d’Ivoire","Africa",18,81518,0,794
2022-03-04,"CI","Côte d’Ivoire","Africa",5,81523,0,794
2022-03-05,"CI","Côte d’Ivoire","Africa",11,81534,1,795
2022-03-06,"CI","Côte d’Ivoire","Africa",12,81546,0,795
2021-12-06,"HR","Croatia","Europe",2796,631037,68,11218
2021-12-07,"HR","Croatia","Europe",728,631765,51,11269
2021-12-08,"HR","Croatia","Europe",3262,635027,60,11329
2021-12-09,"HR","Croatia","Europe",4751,639778,54,11383
2021-12-10,"HR","Croatia","Europe",4428,644206,62,11445
2021-12-11,"HR","Croatia","Europe",3797,648003,71,11516
2021-12-12,"HR","Croatia","Europe",3860,651863,58,11574
2021-12-13,"HR","Croatia","Europe",2339,654202,45,11619
2021-12-14,"HR","Croatia","Europe",453,654655,47,11666
2021-12-15,"HR","Croatia","Europe",3071,657726,56,11722
2021-12-16,"HR","Croatia","Europe",4671,662397,57,11779
2021-12-17,"HR","Croatia","Europe",3765,666162,46,11825
2021-12-18,"HR","Croatia","Europe",3778,669940,54,11879
2021-12-19,"HR","Croatia","Europe",3487,673427,51,11930
2021-12-20,"HR","Croatia","Europe",1936,675363,51,11981
2021-12-21,"HR","Croatia","Europe",2803,678166,47,12028
2021-12-22,"HR","Croatia","Europe",367,678533,62,12090
2021-12-23,"HR","Croatia","Europe",4226,682759,36,12126
2021-12-24,"HR","Croatia","Europe",3831,686590,53,12179
2021-12-25,"HR","Croatia","Europe",3241,689831,53,12232
2021-12-26,"HR","Croatia","Europe",3271,693102,47,12279
2021-12-27,"HR","Croatia","Europe",151,693253,46,12325
2021-12-28,"HR","Croatia","Europe",560,693813,50,12375
2021-12-29,"HR","Croatia","Europe",4139,697952,50,12425
2021-12-30,"HR","Croatia","Europe",5768,703720,41,12466
2021-12-31,"HR","Croatia","Europe",5958,709678,27,12493
2022-01-01,"HR","Croatia","Europe",5567,715245,45,12538
2022-01-02,"HR","Croatia","Europe",5293,720538,33,12571
2022-01-03,"HR","Croatia","Europe",413,720951,38,12609
2022-01-04,"HR","Croatia","Europe",1103,722054,44,12653
2022-01-05,"HR","Croatia","Europe",5845,727899,46,12699
2022-01-06,"HR","Croatia","Europe",8587,736486,32,12731
2022-01-07,"HR","Croatia","Europe",9058,745544,33,12764
2022-01-08,"HR","Croatia","Europe",3911,749455,41,12805
2022-01-09,"HR","Croatia","Europe",8817,758272,36,12841
2022-01-10,"HR","Croatia","Europe",7333,765605,37,12878
2022-01-11,"HR","Croatia","Europe",1578,767183,40,12918
2022-01-12,"HR","Croatia","Europe",7956,775139,38,12956
2022-01-13,"HR","Croatia","Europe",9894,785033,27,12983
2022-01-14,"HR","Croatia","Europe",9157,794190,23,13006
2022-01-15,"HR","Croatia","Europe",8555,802745,32,13038
2022-01-16,"HR","Croatia","Europe",8958,811703,35,13073
2022-01-17,"HR","Croatia","Europe",5732,817435,45,13118
2022-01-18,"HR","Croatia","Europe",1397,818832,39,13157
2022-01-19,"HR","Croatia","Europe",7548,826380,55,13212
2022-01-20,"HR","Croatia","Europe",10427,836807,45,13257
2022-01-21,"HR","Croatia","Europe",11343,848150,43,13300
2022-01-22,"HR","Croatia","Europe",11114,859264,35,13335
2022-01-23,"HR","Croatia","Europe",10701,869965,36,13371
2022-01-24,"HR","Croatia","Europe",7095,877060,36,13407
2022-01-25,"HR","Croatia","Europe",1831,878891,44,13451
2022-01-26,"HR","Croatia","Europe",8471,887362,51,13502
2022-01-27,"HR","Croatia","Europe",11812,899174,64,13566
2022-01-28,"HR","Croatia","Europe",10500,909674,59,13625
2022-01-29,"HR","Croatia","Europe",9924,919598,65,13690
2022-01-30,"HR","Croatia","Europe",9904,929502,41,13731
2022-01-31,"HR","Croatia","Europe",6220,935722,46,13777
2022-02-01,"HR","Croatia","Europe",1445,937167,50,13827
2022-02-02,"HR","Croatia","Europe",7385,944552,66,13893
2022-02-03,"HR","Croatia","Europe",10003,954555,54,13947
2022-02-04,"HR","Croatia","Europe",8815,963370,42,13989
2022-02-05,"HR","Croatia","Europe",8094,971464,46,14035
2022-02-06,"HR","Croatia","Europe",7536,979000,43,14078
2022-02-07,"HR","Croatia","Europe",4780,983780,59,14137
2022-02-08,"HR","Croatia","Europe",1270,985050,57,14194
2022-02-09,"HR","Croatia","Europe",5545,990595,50,14244
2022-02-10,"HR","Croatia","Europe",7868,998463,37,14281
2022-02-11,"HR","Croatia","Europe",6341,1004804,48,14329
2022-02-12,"HR","Croatia","Europe",5169,1009973,44,14373
2022-02-13,"HR","Croatia","Europe",2730,1012703,51,14424
2022-02-14,"HR","Croatia","Europe",5212,1017915,49,14473
2022-02-15,"HR","Croatia","Europe",452,1018367,64,14537
2022-02-16,"HR","Croatia","Europe",3410,1021777,47,14584
2022-02-17,"HR","Croatia","Europe",5795,1027572,48,14632
2022-02-18,"HR","Croatia","Europe",4461,1032033,47,14679
2022-02-19,"HR","Croatia","Europe",3599,1035632,50,14729
2022-02-20,"HR","Croatia","Europe",3525,1039157,44,14773
2022-02-21,"HR","Croatia","Europe",2055,1041212,42,14815
2022-02-22,"HR","Croatia","Europe",312,1041524,54,14869
2022-02-23,"HR","Croatia","Europe",1810,1043334,36,14905
2022-02-24,"HR","Croatia","Europe",3774,1047108,37,14942
2022-02-25,"HR","Croatia","Europe",2559,1049667,22,14964
2022-02-26,"HR","Croatia","Europe",2030,1051697,26,14990
2022-02-27,"HR","Croatia","Europe",1871,1053568,22,15012
2022-02-28,"HR","Croatia","Europe",1028,1054596,18,15030
2022-03-01,"HR","Croatia","Europe",198,1054794,39,15069
2022-03-02,"HR","Croatia","Europe",1149,1055943,32,15101
2022-03-03,"HR","Croatia","Europe",2510,1058453,21,15122
2022-03-04,"HR","Croatia","Europe",1625,1060078,23,15145
2022-03-05,"HR","Croatia","Europe",1351,1061429,27,15172
2022-03-06,"HR","Croatia","Europe",1524,1062953,22,15194
2021-12-06,"CU","Cuba","Americas",88,963090,2,8309
2021-12-07,"CU","Cuba","Americas",104,963194,1,8310
2021-12-08,"CU","Cuba","Americas",75,963269,1,8311
2021-12-09,"CU","Cuba","Americas",78,963347,0,8311
2021-12-10,"CU","Cuba","Americas",81,963428,0,8311
2021-12-11,"CU","Cuba","Americas",65,963493,0,8311
2021-12-12,"CU","Cuba","Americas",73,963566,2,8313
2021-12-13,"CU","Cuba","Americas",62,963628,0,8313
2021-12-14,"CU","Cuba","Americas",65,963693,0,8313
2021-12-15,"CU","Cuba","Americas",58,963751,0,8313
2021-12-16,"CU","Cuba","Americas",62,963813,0,8313
2021-12-17,"CU","Cuba","Americas",72,963885,0,8313
2021-12-18,"CU","Cuba","Americas",73,963958,0,8313
2021-12-19,"CU","Cuba","Americas",77,964035,1,8314
2021-12-20,"CU","Cuba","Americas",62,964097,0,8314
2021-12-21,"CU","Cuba","Americas",79,964176,1,8315
2021-12-22,"CU","Cuba","Americas",61,964237,1,8316
2021-12-23,"CU","Cuba","Americas",80,964317,1,8317
2021-12-24,"CU","Cuba","Americas",89,964406,0,8317
2021-12-25,"CU","Cuba","Americas",76,964482,0,8317
2021-12-26,"CU","Cuba","Americas",125,964607,3,8320
2021-12-27,"CU","Cuba","Americas",122,964729,0,8320
2021-12-28,"CU","Cuba","Americas",128,964857,1,8321
2021-12-29,"CU","Cuba","Americas",145,965002,0,8321
2021-12-30,"CU","Cuba","Americas",241,965243,0,8321
2021-12-31,"CU","Cuba","Americas",328,965571,1,8322
2022-01-01,"CU","Cuba","Americas",433,966004,0,8322
2022-01-02,"CU","Cuba","Americas",469,966473,1,8323
2022-01-03,"CU","Cuba","Americas",469,966942,1,8324
2022-01-04,"CU","Cuba","Americas",556,967498,0,8324
2022-01-05,"CU","Cuba","Americas",673,968171,0,8324
2022-01-06,"CU","Cuba","Americas",967,969138,0,8324
2022-01-07,"CU","Cuba","Americas",1429,970567,1,8325
2022-01-08,"CU","Cuba","Americas",1946,972513,0,8325
2022-01-09,"CU","Cuba","Americas",2174,974687,1,8326
2022-01-10,"CU","Cuba","Americas",2723,977410,2,8328
2022-01-11,"CU","Cuba","Americas",2519,979929,1,8329
2022-01-12,"CU","Cuba","Americas",2685,982614,1,8330
2022-01-13,"CU","Cuba","Americas",2788,985402,0,8330
2022-01-14,"CU","Cuba","Americas",3387,988789,1,8331
2022-01-15,"CU","Cuba","Americas",3336,992125,1,8332
2022-01-16,"CU","Cuba","Americas",3506,995631,3,8335
2022-01-17,"CU","Cuba","Americas",3562,999193,5,8340
2022-01-18,"CU","Cuba","Americas",0,999193,1,8341
2022-01-19,"CU","Cuba","Americas",6456,1005649,4,8345
2022-01-20,"CU","Cuba","Americas",2967,1008616,3,8348
2022-01-21,"CU","Cuba","Americas",3195,1011811,4,8352
2022-01-22,"CU","Cuba","Americas",3392,1015203,1,8353
2022-01-23,"CU","Cuba","Americas",3401,1018604,5,8358
2022-01-24,"CU","Cuba","Americas",3508,1022112,5,8363
2022-01-25,"CU","Cuba","Americas",3307,1025419,4,8367
2022-01-26,"CU","Cuba","Americas",2764,1028183,6,8373
2022-01-27,"CU","Cuba","Americas",2987,1031170,3,8376
2022-01-28,"CU","Cuba","Americas",2814,1033984,7,8383
2022-01-29,"CU","Cuba","Americas",2799,1036783,5,8388
2022-01-30,"CU","Cuba","Americas",3059,1039842,2,8390
2022-01-31,"CU","Cuba","Americas",0,1039842,7,8397
2022-02-01,"CU","Cuba","Americas",4948,1044790,2,8399
2022-02-02,"CU","Cuba","Americas",1610,1046400,8,8407
2022-02-03,"CU","Cuba","Americas",1460,1047860,8,8415
2022-02-04,"CU","Cuba","Americas",1546,1049406,5,8420
2022-02-05,"CU","Cuba","Americas",1434,1050840,7,8427
2022-02-06,"CU","Cuba","Americas",1380,1052220,4,8431
2022-02-07,"CU","Cuba","Americas",1340,1053560,8,8439
2022-02-08,"CU","Cuba","Americas",1349,1054909,4,8443
2022-02-09,"CU","Cuba","Americas",1018,1055927,4,8447
2022-02-10,"CU","Cuba","Americas",0,1055927,3,8450
2022-02-11,"CU","Cuba","Americas",1870,1057797,4,8454
2022-02-12,"CU","Cuba","Americas",1149,1058946,6,8460
2022-02-13,"CU","Cuba","Americas",888,1059834,7,8467
2022-02-14,"CU","Cuba","Americas",898,1060732,5,8472
2022-02-15,"CU","Cuba","Americas",792,1061524,4,8476
2022-02-16,"CU","Cuba","Americas",630,1062154,0,8476
2022-02-17,"CU","Cuba","Americas",594,1062748,1,8477
2022-02-18,"CU","Cuba","Americas",733,1063481,5,8482
2022-02-19,"CU","Cuba","Americas",647,1064128,2,8484
2022-02-20,"CU","Cuba","Americas",629,1064757,2,8486
2022-02-21,"CU","Cuba","Americas",628,1065385,1,8487
2022-02-22,"CU","Cuba","Americas",562,1065947,4,8491
2022-02-23,"CU","Cuba","Americas",467,1066414,0,8491
2022-02-24,"CU","Cuba","Americas",513,1066927,3,8494
2022-02-25,"CU","Cuba","Americas",595,1067522,0,8494
2022-02-26,"CU","Cuba","Americas",626,1068148,0,8494
2022-02-27,"CU","Cuba","Americas",609,1068757,0,8494
2022-02-28,"CU","Cuba","Americas",630,1069387,0,8494
2022-03-01,"CU","Cuba","Americas",475,1069862,0,8494
2022-03-02,"CU","Cuba","Americas",396,1070258,1,8495
2022-03-03,"CU","Cuba","Americas",472,1070730,1,8496
2022-03-04,"CU","Cuba","Americas",596,1071326,2,8498
2022-03-05,"CU","Cuba","Americas",638,1071964,0,8498
2022-03-06,"CU","Cuba","Americas",510,1072474,1,8499
2021-12-06,"CW","Curaçao","Americas",0,17440,0,179
2021-12-07,"CW","Curaçao","Americas",45,17485,0,179
2021-12-08,"CW","Curaçao","Americas",2,17487,1,180
2021-12-09,"CW","Curaçao","Americas",15,17502,0,180
2021-12-10,"CW","Curaçao","Americas",15,17517,0,180
2021-12-11,"CW","Curaçao","Americas",23,17540,0,180
2021-12-12,"CW","Curaçao","Americas",0,17540,0,180
2021-12-13,"CW","Curaçao","Americas",0,17540,0,180
2021-12-14,"CW","Curaçao","Americas",49,17589,2,182
2021-12-15,"CW","Curaçao","Americas",9,17598,0,182
2021-12-16,"CW","Curaçao","Americas",20,17618,0,182
2021-12-17,"CW","Curaçao","Americas",39,17657,1,183
2021-12-18,"CW","Curaçao","Americas",36,17693,0,183
2021-12-19,"CW","Curaçao","Americas",0,17693,0,183
2021-12-20,"CW","Curaçao","Americas",0,17693,0,183
2021-12-21,"CW","Curaçao","Americas",77,17770,1,184
2021-12-22,"CW","Curaçao","Americas",37,17807,0,184
2021-12-23,"CW","Curaçao","Americas",94,17901,0,184
2021-12-24,"CW","Curaçao","Americas",181,18082,2,186
2021-12-25,"CW","Curaçao","Americas",217,18299,0,186
2021-12-26,"CW","Curaçao","Americas",0,18299,0,186
2021-12-27,"CW","Curaçao","Americas",0,18299,0,186
2021-12-28,"CW","Curaçao","Americas",750,19049,0,186
2021-12-29,"CW","Curaçao","Americas",198,19247,0,186
2021-12-30,"CW","Curaçao","Americas",398,19645,0,186
2021-12-31,"CW","Curaçao","Americas",554,20199,1,187
2022-01-01,"CW","Curaçao","Americas",511,20710,2,189
2022-01-02,"CW","Curaçao","Americas",0,20710,0,189
2022-01-03,"CW","Curaçao","Americas",0,20710,0,189
2022-01-04,"CW","Curaçao","Americas",1841,22551,0,189
2022-01-05,"CW","Curaçao","Americas",411,22962,0,189
2022-01-06,"CW","Curaçao","Americas",732,23694,0,189
2022-01-07,"CW","Curaçao","Americas",1054,24748,0,189
2022-01-08,"CW","Curaçao","Americas",1240,25988,2,191
2022-01-09,"CW","Curaçao","Americas",0,25988,0,191
2022-01-10,"CW","Curaçao","Americas",0,25988,0,191
2022-01-11,"CW","Curaçao","Americas",2675,28663,2,193
2022-01-12,"CW","Curaçao","Americas",406,29069,1,194
2022-01-13,"CW","Curaçao","Americas",689,29758,3,197
2022-01-14,"CW","Curaçao","Americas",1106,30864,2,199
2022-01-15,"CW","Curaçao","Americas",1065,31929,0,199
2022-01-16,"CW","Curaçao","Americas",0,31929,0,199
2022-01-17,"CW","Curaçao","Americas",0,31929,0,199
2022-01-18,"CW","Curaçao","Americas",0,31929,0,199
2022-01-19,"CW","Curaçao","Americas",2013,33942,7,206
2022-01-20,"CW","Curaçao","Americas",426,34368,1,207
2022-01-21,"CW","Curaçao","Americas",518,34886,1,208
2022-01-22,"CW","Curaçao","Americas",421,35307,2,210
2022-01-23,"CW","Curaçao","Americas",0,35307,0,210
2022-01-24,"CW","Curaçao","Americas",0,35307,0,210
2022-01-25,"CW","Curaçao","Americas",571,35878,6,216
2022-01-26,"CW","Curaçao","Americas",214,36092,0,216
2022-01-27,"CW","Curaçao","Americas",231,36323,5,221
2022-01-28,"CW","Curaçao","Americas",271,36594,1,222
2022-01-29,"CW","Curaçao","Americas",128,36722,3,225
2022-01-30,"CW","Curaçao","Americas",0,36722,0,225
2022-01-31,"CW","Curaçao","Americas",0,36722,0,225
2022-02-01,"CW","Curaçao","Americas",363,37085,4,229
2022-02-02,"CW","Curaçao","Americas",43,37128,3,232
2022-02-03,"CW","Curaçao","Americas",153,37281,2,234
2022-02-04,"CW","Curaçao","Americas",145,37426,3,237
2022-02-05,"CW","Curaçao","Americas",100,37526,5,242
2022-02-06,"CW","Curaçao","Americas",0,37526,0,242
2022-02-07,"CW","Curaçao","Americas",0,37526,0,242
2022-02-08,"CW","Curaçao","Americas",283,37809,4,246
2022-02-09,"CW","Curaçao","Americas",45,37854,1,247
2022-02-10,"CW","Curaçao","Americas",112,37966,0,247
2022-02-11,"CW","Curaçao","Americas",107,38073,1,248
2022-02-12,"CW","Curaçao","Americas",99,38172,1,249
2022-02-13,"CW","Curaçao","Americas",0,38172,0,249
2022-02-14,"CW","Curaçao","Americas",0,38172,0,249
2022-02-15,"CW","Curaçao","Americas",208,38380,7,256
2022-02-16,"CW","Curaçao","Americas",14,38394,2,258
2022-02-17,"CW","Curaçao","Americas",71,38465,2,260
2022-02-18,"CW","Curaçao","Americas",65,38530,0,260
2022-02-19,"CW","Curaçao","Americas",78,38608,0,260
2022-02-20,"CW","Curaçao","Americas",0,38608,0,260
2022-02-21,"CW","Curaçao","Americas",0,38608,0,260
2022-02-22,"CW","Curaçao","Americas",109,38717,0,260
2022-02-23,"CW","Curaçao","Americas",20,38737,0,260
2022-02-24,"CW","Curaçao","Americas",41,38778,1,261
2022-02-25,"CW","Curaçao","Americas",52,38830,0,261
2022-02-26,"CW","Curaçao","Americas",37,38867,0,261
2022-02-27,"CW","Curaçao","Americas",0,38867,0,261
2022-02-28,"CW","Curaçao","Americas",0,38867,0,261
2022-03-01,"CW","Curaçao","Americas",66,38933,0,261
2022-03-02,"CW","Curaçao","Americas",12,38945,0,261
2022-03-03,"CW","Curaçao","Americas",16,38961,0,261
2022-03-04,"CW","Curaçao","Americas",56,39017,0,261
2022-03-05,"CW","Curaçao","Americas",66,39083,0,261
2022-03-06,"CW","Curaçao","Americas",0,39083,0,261
2021-12-06,"CY","Cyprus","Europe",307,136832,0,604
2021-12-07,"CY","Cyprus","Europe",706,137538,1,605
2021-12-08,"CY","Cyprus","Europe",619,138157,0,605
2021-12-09,"CY","Cyprus","Europe",576,138733,3,608
2021-12-10,"CY","Cyprus","Europe",635,139368,2,610
2021-12-11,"CY","Cyprus","Europe",662,140030,0,610
2021-12-12,"CY","Cyprus","Europe",428,140458,1,611
2021-12-13,"CY","Cyprus","Europe",393,140851,2,613
2021-12-14,"CY","Cyprus","Europe",715,141566,1,614
2021-12-15,"CY","Cyprus","Europe",662,142228,1,615
2021-12-16,"CY","Cyprus","Europe",650,142878,2,617
2021-12-17,"CY","Cyprus","Europe",632,143510,2,619
2021-12-18,"CY","Cyprus","Europe",695,144205,1,620
2021-12-19,"CY","Cyprus","Europe",508,144713,2,622
2021-12-20,"CY","Cyprus","Europe",448,145161,1,623
2021-12-21,"CY","Cyprus","Europe",835,145996,3,626
2021-12-22,"CY","Cyprus","Europe",806,146802,0,626
2021-12-23,"CY","Cyprus","Europe",883,147685,1,627
2021-12-24,"CY","Cyprus","Europe",978,148663,2,629
2021-12-25,"CY","Cyprus","Europe",917,149580,2,631
2021-12-26,"CY","Cyprus","Europe",268,149848,1,632
2021-12-27,"CY","Cyprus","Europe",912,150760,1,633
2021-12-28,"CY","Cyprus","Europe",1925,152685,2,635
2021-12-29,"CY","Cyprus","Europe",2241,154926,0,635
2021-12-30,"CY","Cyprus","Europe",3002,157928,5,640
2021-12-31,"CY","Cyprus","Europe",3851,161779,1,641
2022-01-01,"CY","Cyprus","Europe",3568,165347,2,643
2022-01-02,"CY","Cyprus","Europe",2132,167479,0,643
2022-01-03,"CY","Cyprus","Europe",3321,170800,1,644
2022-01-04,"CY","Cyprus","Europe",3544,174344,2,646
2022-01-05,"CY","Cyprus","Europe",3977,178321,5,651
2022-01-06,"CY","Cyprus","Europe",3722,182043,3,654
2022-01-07,"CY","Cyprus","Europe",3377,185420,1,655
2022-01-08,"CY","Cyprus","Europe",3823,189243,0,655
2022-01-09,"CY","Cyprus","Europe",3959,193202,4,659
2022-01-10,"CY","Cyprus","Europe",3012,196214,4,663
2022-01-11,"CY","Cyprus","Europe",4187,200401,4,667
2022-01-12,"CY","Cyprus","Europe",3515,203916,4,671
2022-01-13,"CY","Cyprus","Europe",3197,207113,4,675
2022-01-14,"CY","Cyprus","Europe",3103,210216,3,678
2022-01-15,"CY","Cyprus","Europe",3042,213258,1,679
2022-01-16,"CY","Cyprus","Europe",2351,215609,1,680
2022-01-17,"CY","Cyprus","Europe",1971,217580,8,688
2022-01-18,"CY","Cyprus","Europe",2918,220498,4,692
2022-01-19,"CY","Cyprus","Europe",2200,222698,6,698
2022-01-20,"CY","Cyprus","Europe",2226,224924,1,699
2022-01-21,"CY","Cyprus","Europe",2282,227206,11,710
2022-01-22,"CY","Cyprus","Europe",2192,229398,3,713
2022-01-23,"CY","Cyprus","Europe",1984,231382,6,719
2022-01-24,"CY","Cyprus","Europe",1813,233195,5,724
2022-01-25,"CY","Cyprus","Europe",2815,236010,1,725
2022-01-26,"CY","Cyprus","Europe",2546,238556,3,728
2022-01-27,"CY","Cyprus","Europe",2499,241055,8,736
2022-01-28,"CY","Cyprus","Europe",2536,243591,1,737
2022-01-29,"CY","Cyprus","Europe",2587,246178,2,739
2022-01-30,"CY","Cyprus","Europe",2184,248362,4,743
2022-01-31,"CY","Cyprus","Europe",2225,250587,1,744
2022-02-01,"CY","Cyprus","Europe",3396,253983,3,747
2022-02-02,"CY","Cyprus","Europe",3038,257021,1,748
2022-02-03,"CY","Cyprus","Europe",3083,260104,2,750
2022-02-04,"CY","Cyprus","Europe",3078,263182,3,753
2022-02-05,"CY","Cyprus","Europe",2907,266089,2,755
2022-02-06,"CY","Cyprus","Europe",2568,268657,1,756
2022-02-07,"CY","Cyprus","Europe",2214,270871,6,762
2022-02-08,"CY","Cyprus","Europe",3374,274245,4,766
2022-02-09,"CY","Cyprus","Europe",2885,277130,7,773
2022-02-10,"CY","Cyprus","Europe",2779,279909,5,778
2022-02-11,"CY","Cyprus","Europe",2374,282283,1,779
2022-02-12,"CY","Cyprus","Europe",2485,284768,4,783
2022-02-13,"CY","Cyprus","Europe",2120,286888,5,788
2022-02-14,"CY","Cyprus","Europe",2047,288935,0,788
2022-02-15,"CY","Cyprus","Europe",2930,291865,3,791
2022-02-16,"CY","Cyprus","Europe",2646,294511,3,794
2022-02-17,"CY","Cyprus","Europe",2549,297060,7,801
2022-02-18,"CY","Cyprus","Europe",2200,299260,16,817
2022-02-19,"CY","Cyprus","Europe",2304,301564,5,822
2022-02-20,"CY","Cyprus","Europe",1764,303328,4,826
2022-02-21,"CY","Cyprus","Europe",1794,305122,0,826
2022-02-22,"CY","Cyprus","Europe",2698,307820,2,828
2022-02-23,"CY","Cyprus","Europe",2322,310142,5,833
2022-02-24,"CY","Cyprus","Europe",2167,312309,3,836
2022-02-25,"CY","Cyprus","Europe",1935,314244,1,837
2022-02-26,"CY","Cyprus","Europe",1826,316070,14,851
2022-02-27,"CY","Cyprus","Europe",1606,317676,4,855
2022-02-28,"CY","Cyprus","Europe",1387,319063,2,857
2022-03-01,"CY","Cyprus","Europe",2356,321419,2,859
2022-03-02,"CY","Cyprus","Europe",1986,323405,1,860
2022-03-03,"CY","Cyprus","Europe",2109,325514,2,862
2022-03-04,"CY","Cyprus","Europe",2046,327560,2,864
2022-03-05,"CY","Cyprus","Europe",2114,329674,9,873
2022-03-06,"CY","Cyprus","Europe",1834,331508,2,875
2021-12-06,"CZ","Czechia","Europe",6335,2250988,110,33951
2021-12-07,"CZ","Czechia","Europe",15581,2266569,127,34078
2021-12-08,"CZ","Czechia","Europe",19538,2286107,112,34190
2021-12-09,"CZ","Czechia","Europe",16209,2302316,113,34303
2021-12-10,"CZ","Czechia","Europe",14266,2316582,114,34417
2021-12-11,"CZ","Czechia","Europe",12401,2328983,121,34538
2021-12-12,"CZ","Czechia","Europe",9086,2338069,100,34638
2021-12-13,"CZ","Czechia","Europe",4129,2342198,124,34762
2021-12-14,"CZ","Czechia","Europe",11906,2354104,115,34877
2021-12-15,"CZ","Czechia","Europe",16709,2370813,114,34991
2021-12-16,"CZ","Czechia","Europe",11618,2382431,124,35115
2021-12-17,"CZ","Czechia","Europe",9501,2391932,97,35212
2021-12-18,"CZ","Czechia","Europe",8962,2400894,93,35305
2021-12-19,"CZ","Czechia","Europe",5985,2406879,104,35409
2021-12-20,"CZ","Czechia","Europe",3745,2410624,69,35478
2021-12-21,"CZ","Czechia","Europe",8600,2419224,80,35558
2021-12-22,"CZ","Czechia","Europe",11846,2431070,81,35639
2021-12-23,"CZ","Czechia","Europe",7696,2438766,84,35723
2021-12-24,"CZ","Czechia","Europe",7361,2446127,60,35783
2021-12-25,"CZ","Czechia","Europe",2046,2448173,80,35863
2021-12-26,"CZ","Czechia","Europe",1090,2449263,68,35931
2021-12-27,"CZ","Czechia","Europe",2015,2451278,85,36016
2021-12-28,"CZ","Czechia","Europe",6864,2458142,51,36067
2021-12-29,"CZ","Czechia","Europe",9078,2467220,72,36139
2021-12-30,"CZ","Czechia","Europe",6160,2473380,75,36214
2021-12-31,"CZ","Czechia","Europe",5756,2479136,58,36272
2022-01-01,"CZ","Czechia","Europe",4998,2484134,55,36327
2022-01-02,"CZ","Czechia","Europe",1093,2485227,46,36373
2022-01-03,"CZ","Czechia","Europe",1931,2487158,51,36424
2022-01-04,"CZ","Czechia","Europe",9358,2496516,60,36484
2022-01-05,"CZ","Czechia","Europe",10180,2506696,60,36544
2022-01-06,"CZ","Czechia","Europe",7389,2514085,39,36583
2022-01-07,"CZ","Czechia","Europe",6641,2520726,58,36641
2022-01-08,"CZ","Czechia","Europe",6674,2527400,46,36687
2022-01-09,"CZ","Czechia","Europe",3963,2531363,43,36730
2022-01-10,"CZ","Czechia","Europe",2764,2534127,23,36753
2022-01-11,"CZ","Czechia","Europe",7361,2541488,43,36796
2022-01-12,"CZ","Czechia","Europe",12379,2553867,38,36834
2022-01-13,"CZ","Czechia","Europe",11468,2565335,41,36875
2022-01-14,"CZ","Czechia","Europe",11693,2577028,33,36908
2022-01-15,"CZ","Czechia","Europe",13229,2590257,33,36941
2022-01-16,"CZ","Czechia","Europe",9293,2599550,25,36966
2022-01-17,"CZ","Czechia","Europe",7246,2606796,29,36995
2022-01-18,"CZ","Czechia","Europe",20310,2627106,27,37022
2022-01-19,"CZ","Czechia","Europe",28504,2655610,25,37047
2022-01-20,"CZ","Czechia","Europe",26021,2681631,27,37074
2022-01-21,"CZ","Czechia","Europe",26941,2708572,19,37093
2022-01-22,"CZ","Czechia","Europe",26625,2735197,21,37114
2022-01-23,"CZ","Czechia","Europe",18357,2753554,22,37136
2022-01-24,"CZ","Czechia","Europe",12902,2766456,18,37154
2022-01-25,"CZ","Czechia","Europe",30396,2796852,22,37176
2022-01-26,"CZ","Czechia","Europe",39640,2836492,15,37191
2022-01-27,"CZ","Czechia","Europe",54702,2891194,21,37212
2022-01-28,"CZ","Czechia","Europe",34816,2926010,28,37240
2022-01-29,"CZ","Czechia","Europe",47273,2973283,22,37262
2022-01-30,"CZ","Czechia","Europe",18287,2991570,27,37289
2022-01-31,"CZ","Czechia","Europe",23942,3015512,28,37317
2022-02-01,"CZ","Czechia","Europe",29556,3045068,34,37351
2022-02-02,"CZ","Czechia","Europe",57238,3102306,44,37395
2022-02-03,"CZ","Czechia","Europe",43336,3145642,40,37435
2022-02-04,"CZ","Czechia","Europe",37690,3183332,37,37472
2022-02-05,"CZ","Czechia","Europe",28719,3212051,54,37526
2022-02-06,"CZ","Czechia","Europe",24009,3236060,48,37574
2022-02-07,"CZ","Czechia","Europe",9070,3245130,46,37620
2022-02-08,"CZ","Czechia","Europe",29629,3274759,60,37680
2022-02-09,"CZ","Czechia","Europe",37781,3312540,53,37733
2022-02-10,"CZ","Czechia","Europe",29053,3341593,45,37778
2022-02-11,"CZ","Czechia","Europe",22672,3364265,56,37834
2022-02-12,"CZ","Czechia","Europe",22139,3386404,58,37892
2022-02-13,"CZ","Czechia","Europe",10954,3397358,63,37955
2022-02-14,"CZ","Czechia","Europe",7194,3404552,56,38011
2022-02-15,"CZ","Czechia","Europe",19477,3424029,48,38059
2022-02-16,"CZ","Czechia","Europe",28287,3452316,47,38106
2022-02-17,"CZ","Czechia","Europe",16994,3469310,53,38159
2022-02-18,"CZ","Czechia","Europe",15524,3484834,56,38215
2022-02-19,"CZ","Czechia","Europe",13775,3498609,58,38273
2022-02-20,"CZ","Czechia","Europe",8222,3506831,54,38327
2022-02-21,"CZ","Czechia","Europe",4272,3511103,49,38376
2022-02-22,"CZ","Czechia","Europe",13456,3524559,57,38433
2022-02-23,"CZ","Czechia","Europe",14208,3538767,58,38491
2022-02-24,"CZ","Czechia","Europe",11209,3549976,40,38531
2022-02-25,"CZ","Czechia","Europe",10026,3560002,55,38586
2022-02-26,"CZ","Czechia","Europe",9120,3569122,43,38629
2022-02-27,"CZ","Czechia","Europe",5592,3574714,42,38671
2022-02-28,"CZ","Czechia","Europe",3326,3578040,45,38716
2022-03-01,"CZ","Czechia","Europe",10145,3588185,55,38771
2022-03-02,"CZ","Czechia","Europe",11626,3599811,38,38809
2022-03-03,"CZ","Czechia","Europe",8966,3608777,45,38854
2022-03-04,"CZ","Czechia","Europe",8075,3616852,43,38897
2022-03-05,"CZ","Czechia","Europe",8255,3625107,28,38925
2022-03-06,"CZ","Czechia","Europe",4561,3629668,30,38955
2021-12-06,"KP","Democratic People's Republic of Korea","South-East Asia",0,0,0,0
2021-12-07,"KP","Democratic People's Republic of Korea","South-East Asia",0,0,0,0
2021-12-08,"KP","Democratic People's Republic of Korea","South-East Asia",0,0,0,0
2021-12-09,"KP","Democratic People's Republic of Korea","South-East Asia",0,0,0,0
2021-12-10,"KP","Democratic People's Republic of Korea","South-East Asia",0,0,0,0
2021-12-11,"KP","Democratic People's Republic of Korea","South-East Asia",0,0,0,0
2021-12-12,"KP","Democratic People's Republic of Korea","South-East Asia",0,0,0,0
2021-12-13,"KP","Democratic People's Republic of Korea","South-East Asia",0,0,0,0
2021-12-14,"KP","Democratic People's Republic of Korea","South-East Asia",0,0,0,0
2021-12-15,"KP","Democratic People's Republic of Korea","South-East Asia",0,0,0,0
2021-12-16,"KP","Democratic People's Republic of Korea","South-East Asia",0,0,0,0
2021-12-17,"KP","Democratic People's Republic of Korea","South-East Asia",0,0,0,0
2021-12-18,"KP","Democratic People's Republic of Korea","South-East Asia",0,0,0,0
2021-12-19,"KP","Democratic People's Republic of Korea","South-East Asia",0,0,0,0
2021-12-20,"KP","Democratic People's Republic of Korea","South-East Asia",0,0,0,0
2021-12-21,"KP","Democratic People's Republic of Korea","South-East Asia",0,0,0,0
2021-12-22,"KP","Democratic People's Republic of Korea","South-East Asia",0,0,0,0
2021-12-23,"KP","Democratic People's Republic of Korea","South-East Asia",0,0,0,0
2021-12-24,"KP","Democratic People's Republic of Korea","South-East Asia",0,0,0,0
2021-12-25,"KP","Democratic People's Republic of Korea","South-East Asia",0,0,0,0
2021-12-26,"KP","Democratic People's Republic of Korea","South-East Asia",0,0,0,0
2021-12-27,"KP","Democratic People's Republic of Korea","South-East Asia",0,0,0,0
2021-12-28,"KP","Democratic People's Republic of Korea","South-East Asia",0,0,0,0
2021-12-29,"KP","Democratic People's Republic of Korea","South-East Asia",0,0,0,0
2021-12-30,"KP","Democratic People's Republic of Korea","South-East Asia",0,0,0,0
2021-12-31,"KP","Democratic People's Republic of Korea","South-East Asia",0,0,0,0
2022-01-01,"KP","Democratic People's Republic of Korea","South-East Asia",0,0,0,0
2022-01-02,"KP","Democratic People's Republic of Korea","South-East Asia",0,0,0,0
2022-01-03,"KP","Democratic People's Republic of Korea","South-East Asia",0,0,0,0
2022-01-04,"KP","Democratic People's Republic of Korea","South-East Asia",0,0,0,0
2022-01-05,"KP","Democratic People's Republic of Korea","South-East Asia",0,0,0,0
2022-01-06,"KP","Democratic People's Republic of Korea","South-East Asia",0,0,0,0
2022-01-07,"KP","Democratic People's Republic of Korea","South-East Asia",0,0,0,0
2022-01-08,"KP","Democratic People's Republic of Korea","South-East Asia",0,0,0,0
2022-01-09,"KP","Democratic People's Republic of Korea","South-East Asia",0,0,0,0
2022-01-10,"KP","Democratic People's Republic of Korea","South-East Asia",0,0,0,0
2022-01-11,"KP","Democratic People's Republic of Korea","South-East Asia",0,0,0,0
2022-01-12,"KP","Democratic People's Republic of Korea","South-East Asia",0,0,0,0
2022-01-13,"KP","Democratic People's Republic of Korea","South-East Asia",0,0,0,0
2022-01-14,"KP","Democratic People's Republic of Korea","South-East Asia",0,0,0,0
2022-01-15,"KP","Democratic People's Republic of Korea","South-East Asia",0,0,0,0
2022-01-16,"KP","Democratic People's Republic of Korea","South-East Asia",0,0,0,0
2022-01-17,"KP","Democratic People's Republic of Korea","South-East Asia",0,0,0,0
2022-01-18,"KP","Democratic People's Republic of Korea","South-East Asia",0,0,0,0
2022-01-19,"KP","Democratic People's Republic of Korea","South-East Asia",0,0,0,0
2022-01-20,"KP","Democratic People's Republic of Korea","South-East Asia",0,0,0,0
2022-01-21,"KP","Democratic People's Republic of Korea","South-East Asia",0,0,0,0
2022-01-22,"KP","Democratic People's Republic of Korea","South-East Asia",0,0,0,0
2022-01-23,"KP","Democratic People's Republic of Korea","South-East Asia",0,0,0,0
2022-01-24,"KP","Democratic People's Republic of Korea","South-East Asia",0,0,0,0
2022-01-25,"KP","Democratic People's Republic of Korea","South-East Asia",0,0,0,0
2022-01-26,"KP","Democratic People's Republic of Korea","South-East Asia",0,0,0,0
2022-01-27,"KP","Democratic People's Republic of Korea","South-East Asia",0,0,0,0
2022-01-28,"KP","Democratic People's Republic of Korea","South-East Asia",0,0,0,0
2022-01-29,"KP","Democratic People's Republic of Korea","South-East Asia",0,0,0,0
2022-01-30,"KP","Democratic People's Republic of Korea","South-East Asia",0,0,0,0
2022-01-31,"KP","Democratic People's Republic of Korea","South-East Asia",0,0,0,0
2022-02-01,"KP","Democratic People's Republic of Korea","South-East Asia",0,0,0,0
2022-02-02,"KP","Democratic People's Republic of Korea","South-East Asia",0,0,0,0
2022-02-03,"KP","Democratic People's Republic of Korea","South-East Asia",0,0,0,0
2022-02-04,"KP","Democratic People's Republic of Korea","South-East Asia",0,0,0,0
2022-02-05,"KP","Democratic People's Republic of Korea","South-East Asia",0,0,0,0
2022-02-06,"KP","Democratic People's Republic of Korea","South-East Asia",0,0,0,0
2022-02-07,"KP","Democratic People's Republic of Korea","South-East Asia",0,0,0,0
2022-02-08,"KP","Democratic People's Republic of Korea","South-East Asia",0,0,0,0
2022-02-09,"KP","Democratic People's Republic of Korea","South-East Asia",0,0,0,0
2022-02-10,"KP","Democratic People's Republic of Korea","South-East Asia",0,0,0,0
2022-02-11,"KP","Democratic People's Republic of Korea","South-East Asia",0,0,0,0
2022-02-12,"KP","Democratic People's Republic of Korea","South-East Asia",0,0,0,0
2022-02-13,"KP","Democratic People's Republic of Korea","South-East Asia",0,0,0,0
2022-02-14,"KP","Democratic People's Republic of Korea","South-East Asia",0,0,0,0
2022-02-15,"KP","Democratic People's Republic of Korea","South-East Asia",0,0,0,0
2022-02-16,"KP","Democratic People's Republic of Korea","South-East Asia",0,0,0,0
2022-02-17,"KP","Democratic People's Republic of Korea","South-East Asia",0,0,0,0
2022-02-18,"KP","Democratic People's Republic of Korea","South-East Asia",0,0,0,0
2022-02-19,"KP","Democratic People's Republic of Korea","South-East Asia",0,0,0,0
2022-02-20,"KP","Democratic People's Republic of Korea","South-East Asia",0,0,0,0
2022-02-21,"KP","Democratic People's Republic of Korea","South-East Asia",0,0,0,0
2022-02-22,"KP","Democratic People's Republic of Korea","South-East Asia",0,0,0,0
2022-02-23,"KP","Democratic People's Republic of Korea","South-East Asia",0,0,0,0
2022-02-24,"KP","Democratic People's Republic of Korea","South-East Asia",0,0,0,0
2022-02-25,"KP","Democratic People's Republic of Korea","South-East Asia",0,0,0,0
2022-02-26,"KP","Democratic People's Republic of Korea","South-East Asia",0,0,0,0
2022-02-27,"KP","Democratic People's Republic of Korea","South-East Asia",0,0,0,0
2022-02-28,"KP","Democratic People's Republic of Korea","South-East Asia",0,0,0,0
2022-03-01,"KP","Democratic People's Republic of Korea","South-East Asia",0,0,0,0
2022-03-02,"KP","Democratic People's Republic of Korea","South-East Asia",0,0,0,0
2022-03-03,"KP","Democratic People's Republic of Korea","South-East Asia",0,0,0,0
2022-03-04,"KP","Democratic People's Republic of Korea","South-East Asia",0,0,0,0
2022-03-05,"KP","Democratic People's Republic of Korea","South-East Asia",0,0,0,0
2022-03-06,"KP","Democratic People's Republic of Korea","South-East Asia",0,0,0,0
2021-12-06,"CD","Democratic Republic of the Congo","Africa",119,58857,0,1113
2021-12-07,"CD","Democratic Republic of the Congo","Africa",121,58978,0,1113
2021-12-08,"CD","Democratic Republic of the Congo","Africa",196,59174,0,1113
2021-12-09,"CD","Democratic Republic of the Congo","Africa",33,59207,2,1115
2021-12-10,"CD","Democratic Republic of the Congo","Africa",253,59460,0,1115
2021-12-11,"CD","Democratic Republic of the Congo","Africa",390,59850,3,1118
2021-12-12,"CD","Democratic Republic of the Congo","Africa",655,60505,0,1118
2021-12-13,"CD","Democratic Republic of the Congo","Africa",788,61293,0,1118
2021-12-14,"CD","Democratic Republic of the Congo","Africa",638,61931,0,1118
2021-12-15,"CD","Democratic Republic of the Congo","Africa",496,62427,8,1126
2021-12-16,"CD","Democratic Republic of the Congo","Africa",960,63387,0,1126
2021-12-17,"CD","Democratic Republic of the Congo","Africa",1060,64447,0,1126
2021-12-18,"CD","Democratic Republic of the Congo","Africa",778,65225,0,1126
2021-12-19,"CD","Democratic Republic of the Congo","Africa",1105,66330,0,1126
2021-12-20,"CD","Democratic Republic of the Congo","Africa",967,67297,0,1126
2021-12-21,"CD","Democratic Republic of the Congo","Africa",1518,68815,0,1126
2021-12-22,"CD","Democratic Republic of the Congo","Africa",512,69327,0,1126
2021-12-23,"CD","Democratic Republic of the Congo","Africa",732,70059,0,1126
2021-12-24,"CD","Democratic Republic of the Congo","Africa",842,70901,61,1187
2021-12-25,"CD","Democratic Republic of the Congo","Africa",0,70901,0,1187
2021-12-26,"CD","Democratic Republic of the Congo","Africa",1448,72349,18,1205
2021-12-27,"CD","Democratic Republic of the Congo","Africa",0,72349,0,1205
2021-12-28,"CD","Democratic Republic of the Congo","Africa",0,72349,0,1205
2021-12-29,"CD","Democratic Republic of the Congo","Africa",2444,74793,0,1205
2021-12-30,"CD","Democratic Republic of the Congo","Africa",252,75045,0,1205
2021-12-31,"CD","Democratic Republic of the Congo","Africa",976,76021,0,1205
2022-01-01,"CD","Democratic Republic of the Congo","Africa",0,76021,0,1205
2022-01-02,"CD","Democratic Republic of the Congo","Africa",1098,77119,20,1225
2022-01-03,"CD","Democratic Republic of the Congo","Africa",574,77693,0,1225
2022-01-04,"CD","Democratic Republic of the Congo","Africa",1581,79274,0,1225
2022-01-05,"CD","Democratic Republic of the Congo","Africa",668,79942,0,1225
2022-01-06,"CD","Democratic Republic of the Congo","Africa",233,80175,0,1225
2022-01-07,"CD","Democratic Republic of the Congo","Africa",0,80175,0,1225
2022-01-08,"CD","Democratic Republic of the Congo","Africa",823,80998,0,1225
2022-01-09,"CD","Democratic Republic of the Congo","Africa",0,80998,0,1225
2022-01-10,"CD","Democratic Republic of the Congo","Africa",0,80998,0,1225
2022-01-11,"CD","Democratic Republic of the Congo","Africa",721,81719,0,1225
2022-01-12,"CD","Democratic Republic of the Congo","Africa",0,81719,0,1225
2022-01-13,"CD","Democratic Republic of the Congo","Africa",0,81719,0,1225
2022-01-14,"CD","Democratic Republic of the Congo","Africa",587,82306,0,1225
2022-01-15,"CD","Democratic Republic of the Congo","Africa",678,82984,53,1278
2022-01-16,"CD","Democratic Republic of the Congo","Africa",0,82984,0,1278
2022-01-17,"CD","Democratic Republic of the Congo","Africa",0,82984,0,1278
2022-01-18,"CD","Democratic Republic of the Congo","Africa",0,82984,0,1278
2022-01-19,"CD","Democratic Republic of the Congo","Africa",0,82984,0,1278
2022-01-20,"CD","Democratic Republic of the Congo","Africa",1214,84198,0,1278
2022-01-21,"CD","Democratic Republic of the Congo","Africa",85,84283,0,1278
2022-01-22,"CD","Democratic Republic of the Congo","Africa",0,84283,0,1278
2022-01-23,"CD","Democratic Republic of the Congo","Africa",236,84519,0,1278
2022-01-24,"CD","Democratic Republic of the Congo","Africa",0,84519,0,1278
2022-01-25,"CD","Democratic Republic of the Congo","Africa",241,84760,0,1278
2022-01-26,"CD","Democratic Republic of the Congo","Africa",117,84877,0,1278
2022-01-27,"CD","Democratic Republic of the Congo","Africa",49,84926,0,1278
2022-01-28,"CD","Democratic Republic of the Congo","Africa",72,84998,0,1278
2022-01-29,"CD","Democratic Republic of the Congo","Africa",174,85172,0,1278
2022-01-30,"CD","Democratic Republic of the Congo","Africa",112,85284,0,1278
2022-01-31,"CD","Democratic Republic of the Congo","Africa",95,85379,0,1278
2022-02-01,"CD","Democratic Republic of the Congo","Africa",0,85379,0,1278
2022-02-02,"CD","Democratic Republic of the Congo","Africa",131,85510,0,1278
2022-02-03,"CD","Democratic Republic of the Congo","Africa",0,85510,0,1278
2022-02-04,"CD","Democratic Republic of the Congo","Africa",90,85600,0,1278
2022-02-05,"CD","Democratic Republic of the Congo","Africa",1,85601,0,1278
2022-02-06,"CD","Democratic Republic of the Congo","Africa",0,85601,0,1278
2022-02-07,"CD","Democratic Republic of the Congo","Africa",85,85686,38,1316
2022-02-08,"CD","Democratic Republic of the Congo","Africa",0,85686,0,1316
2022-02-09,"CD","Democratic Republic of the Congo","Africa",22,85708,0,1316
2022-02-10,"CD","Democratic Republic of the Congo","Africa",35,85743,0,1316
2022-02-11,"CD","Democratic Republic of the Congo","Africa",33,85776,0,1316
2022-02-12,"CD","Democratic Republic of the Congo","Africa",17,85793,0,1316
2022-02-13,"CD","Democratic Republic of the Congo","Africa",0,85793,0,1316
2022-02-14,"CD","Democratic Republic of the Congo","Africa",0,85793,0,1316
2022-02-15,"CD","Democratic Republic of the Congo","Africa",0,85793,0,1316
2022-02-16,"CD","Democratic Republic of the Congo","Africa",29,85822,0,1316
2022-02-17,"CD","Democratic Republic of the Congo","Africa",12,85834,0,1316
2022-02-18,"CD","Democratic Republic of the Congo","Africa",6,85840,19,1335
2022-02-19,"CD","Democratic Republic of the Congo","Africa",36,85876,0,1335
2022-02-20,"CD","Democratic Republic of the Congo","Africa",0,85876,0,1335
2022-02-21,"CD","Democratic Republic of the Congo","Africa",0,85876,0,1335
2022-02-22,"CD","Democratic Republic of the Congo","Africa",0,85876,0,1335
2022-02-23,"CD","Democratic Republic of the Congo","Africa",0,85876,0,1335
2022-02-24,"CD","Democratic Republic of the Congo","Africa",62,85938,0,1335
2022-02-25,"CD","Democratic Republic of the Congo","Africa",61,85999,0,1335
2022-02-26,"CD","Democratic Republic of the Congo","Africa",19,86018,0,1335
2022-02-27,"CD","Democratic Republic of the Congo","Africa",0,86018,0,1335
2022-02-28,"CD","Democratic Republic of the Congo","Africa",0,86018,0,1335
2022-03-01,"CD","Democratic Republic of the Congo","Africa",136,86154,0,1335
2022-03-02,"CD","Democratic Republic of the Congo","Africa",0,86154,0,1335
2022-03-03,"CD","Democratic Republic of the Congo","Africa",0,86154,0,1335
2022-03-04,"CD","Democratic Republic of the Congo","Africa",0,86154,0,1335
2022-03-05,"CD","Democratic Republic of the Congo","Africa",0,86154,0,1335
2022-03-06,"CD","Democratic Republic of the Congo","Africa",0,86154,0,1335
2021-12-06,"DK","Denmark","Europe",4794,519660,7,2995
2021-12-07,"DK","Denmark","Europe",7081,526741,9,3004
2021-12-08,"DK","Denmark","Europe",7320,534061,7,3011
2021-12-09,"DK","Denmark","Europe",6661,540722,16,3027
2021-12-10,"DK","Denmark","Europe",6635,547357,8,3035
2021-12-11,"DK","Denmark","Europe",6931,554288,9,3044
2021-12-12,"DK","Denmark","Europe",6690,560978,11,3055
2021-12-13,"DK","Denmark","Europe",7136,568114,7,3062
2021-12-14,"DK","Denmark","Europe",10570,578684,10,3072
2021-12-15,"DK","Denmark","Europe",10426,589110,7,3079
2021-12-16,"DK","Denmark","Europe",10090,599200,11,3090
2021-12-17,"DK","Denmark","Europe",10548,609748,9,3099
2021-12-18,"DK","Denmark","Europe",11025,620773,14,3113
2021-12-19,"DK","Denmark","Europe",10414,631187,12,3125
2021-12-20,"DK","Denmark","Europe",10592,641779,13,3138
2021-12-21,"DK","Denmark","Europe",13873,655652,12,3150
2021-12-22,"DK","Denmark","Europe",13627,669279,11,3161
2021-12-23,"DK","Denmark","Europe",12205,681484,14,3175
2021-12-24,"DK","Denmark","Europe",13191,694675,16,3191
2021-12-25,"DK","Denmark","Europe",7366,702041,10,3201
2021-12-26,"DK","Denmark","Europe",8195,710236,11,3212
2021-12-27,"DK","Denmark","Europe",11467,721703,10,3222
2021-12-28,"DK","Denmark","Europe",23866,745569,8,3230
2021-12-29,"DK","Denmark","Europe",23177,768746,11,3241
2021-12-30,"DK","Denmark","Europe",18236,786982,8,3249
2021-12-31,"DK","Denmark","Europe",20326,807308,8,3257
2022-01-01,"DK","Denmark","Europe",10190,817498,9,3266
2022-01-02,"DK","Denmark","Europe",9069,826567,10,3276
2022-01-03,"DK","Denmark","Europe",4669,831236,3,3279
2022-01-04,"DK","Denmark","Europe",8801,840037,13,3292
2022-01-05,"DK","Denmark","Europe",25073,865110,15,3307
2022-01-06,"DK","Denmark","Europe",28283,893393,15,3322
2022-01-07,"DK","Denmark","Europe",25995,919388,11,3333
2022-01-08,"DK","Denmark","Europe",18261,937649,10,3343
2022-01-09,"DK","Denmark","Europe",12588,950237,28,3371
2022-01-10,"DK","Denmark","Europe",19248,969485,14,3385
2022-01-11,"DK","Denmark","Europe",14414,983899,9,3394
2022-01-12,"DK","Denmark","Europe",22396,1006295,14,3408
2022-01-13,"DK","Denmark","Europe",24343,1030638,25,3433
2022-01-14,"DK","Denmark","Europe",25751,1056389,20,3453
2022-01-15,"DK","Denmark","Europe",23614,1080003,15,3468
2022-01-16,"DK","Denmark","Europe",25034,1105037,16,3484
2022-01-17,"DK","Denmark","Europe",26169,1131206,10,3494
2022-01-18,"DK","Denmark","Europe",28780,1159986,11,3505
2022-01-19,"DK","Denmark","Europe",33493,1193479,14,3519
2022-01-20,"DK","Denmark","Europe",38759,1232238,16,3535
2022-01-21,"DK","Denmark","Europe",40626,1272864,15,3550
2022-01-22,"DK","Denmark","Europe",46831,1319695,21,3571
2022-01-23,"DK","Denmark","Europe",36120,1355815,25,3596
2022-01-24,"DK","Denmark","Europe",42018,1397833,12,3608
2022-01-25,"DK","Denmark","Europe",40348,1438181,13,3621
2022-01-26,"DK","Denmark","Europe",46590,1484771,14,3635
2022-01-27,"DK","Denmark","Europe",46747,1531518,21,3656
2022-01-28,"DK","Denmark","Europe",51033,1582551,18,3674
2022-01-29,"DK","Denmark","Europe",53655,1636206,26,3700
2022-01-30,"DK","Denmark","Europe",41083,1677289,17,3717
2022-01-31,"DK","Denmark","Europe",36196,1713485,21,3738
2022-02-01,"DK","Denmark","Europe",29084,1742569,17,3755
2022-02-02,"DK","Denmark","Europe",45366,1787935,15,3770
2022-02-03,"DK","Denmark","Europe",55001,1842936,20,3790
2022-02-04,"DK","Denmark","Europe",44225,1887161,21,3811
2022-02-05,"DK","Denmark","Europe",40179,1927340,17,3828
2022-02-06,"DK","Denmark","Europe",39190,1966530,35,3863
2022-02-07,"DK","Denmark","Europe",36512,2003042,18,3881
2022-02-08,"DK","Denmark","Europe",34849,2037891,28,3909
2022-02-09,"DK","Denmark","Europe",49798,2087689,19,3928
2022-02-10,"DK","Denmark","Europe",55120,2142809,20,3948
2022-02-11,"DK","Denmark","Europe",53747,2196556,29,3977
2022-02-12,"DK","Denmark","Europe",48170,2244726,24,4001
2022-02-13,"DK","Denmark","Europe",44350,2289076,37,4038
2022-02-14,"DK","Denmark","Europe",38323,2327399,30,4068
2022-02-15,"DK","Denmark","Europe",29474,2356873,41,4109
2022-02-16,"DK","Denmark","Europe",42978,2399851,30,4139
2022-02-17,"DK","Denmark","Europe",42948,2442799,24,4163
2022-02-18,"DK","Denmark","Europe",40600,2483399,44,4207
2022-02-19,"DK","Denmark","Europe",35658,2519057,43,4250
2022-02-20,"DK","Denmark","Europe",33304,2552361,28,4278
2022-02-21,"DK","Denmark","Europe",25690,2578051,34,4312
2022-02-22,"DK","Denmark","Europe",28883,2606934,29,4341
2022-02-23,"DK","Denmark","Europe",30480,2637414,34,4375
2022-02-24,"DK","Denmark","Europe",29040,2666454,47,4422
2022-02-25,"DK","Denmark","Europe",25209,2691663,39,4461
2022-02-26,"DK","Denmark","Europe",22784,2714447,40,4501
2022-02-27,"DK","Denmark","Europe",17359,2731806,37,4538
2022-02-28,"DK","Denmark","Europe",16454,2748260,46,4584
2022-03-01,"DK","Denmark","Europe",16578,2764838,28,4612
2022-03-02,"DK","Denmark","Europe",18561,2783399,37,4649
2022-03-03,"DK","Denmark","Europe",20458,2803857,38,4687
2022-03-04,"DK","Denmark","Europe",14466,2818323,44,4731
2022-03-05,"DK","Denmark","Europe",19178,2837501,41,4772
2022-03-06,"DK","Denmark","Europe",15735,2853236,58,4830
2021-12-06,"DJ","Djibouti","Eastern Mediterranean",0,13508,0,187
2021-12-07,"DJ","Djibouti","Eastern Mediterranean",0,13508,1,188
2021-12-08,"DJ","Djibouti","Eastern Mediterranean",0,13508,0,188
2021-12-09,"DJ","Djibouti","Eastern Mediterranean",1,13509,0,188
2021-12-10,"DJ","Djibouti","Eastern Mediterranean",5,13514,0,188
2021-12-11,"DJ","Djibouti","Eastern Mediterranean",0,13514,0,188
2021-12-12,"DJ","Djibouti","Eastern Mediterranean",0,13514,1,189
2021-12-13,"DJ","Djibouti","Eastern Mediterranean",0,13514,0,189
2021-12-14,"DJ","Djibouti","Eastern Mediterranean",0,13514,0,189
2021-12-15,"DJ","Djibouti","Eastern Mediterranean",0,13514,0,189
2021-12-16,"DJ","Djibouti","Eastern Mediterranean",12,13526,0,189
2021-12-17,"DJ","Djibouti","Eastern Mediterranean",0,13526,0,189
2021-12-18,"DJ","Djibouti","Eastern Mediterranean",1,13527,0,189
2021-12-19,"DJ","Djibouti","Eastern Mediterranean",1,13528,0,189
2021-12-20,"DJ","Djibouti","Eastern Mediterranean",7,13535,0,189
2021-12-21,"DJ","Djibouti","Eastern Mediterranean",3,13538,0,189
2021-12-22,"DJ","Djibouti","Eastern Mediterranean",8,13546,0,189
2021-12-23,"DJ","Djibouti","Eastern Mediterranean",0,13546,0,189
2021-12-24,"DJ","Djibouti","Eastern Mediterranean",9,13555,0,189
2021-12-25,"DJ","Djibouti","Eastern Mediterranean",0,13555,0,189
2021-12-26,"DJ","Djibouti","Eastern Mediterranean",13,13568,0,189
2021-12-27,"DJ","Djibouti","Eastern Mediterranean",4,13572,0,189
2021-12-28,"DJ","Djibouti","Eastern Mediterranean",21,13593,0,189
2021-12-29,"DJ","Djibouti","Eastern Mediterranean",10,13603,0,189
2021-12-30,"DJ","Djibouti","Eastern Mediterranean",16,13619,0,189
2021-12-31,"DJ","Djibouti","Eastern Mediterranean",13,13632,0,189
2022-01-01,"DJ","Djibouti","Eastern Mediterranean",24,13656,0,189
2022-01-02,"DJ","Djibouti","Eastern Mediterranean",12,13668,0,189
2022-01-03,"DJ","Djibouti","Eastern Mediterranean",17,13685,0,189
2022-01-04,"DJ","Djibouti","Eastern Mediterranean",38,13723,0,189
2022-01-05,"DJ","Djibouti","Eastern Mediterranean",46,13769,0,189
2022-01-06,"DJ","Djibouti","Eastern Mediterranean",70,13839,0,189
2022-01-07,"DJ","Djibouti","Eastern Mediterranean",109,13948,0,189
2022-01-08,"DJ","Djibouti","Eastern Mediterranean",87,14035,0,189
2022-01-09,"DJ","Djibouti","Eastern Mediterranean",49,14084,0,189
2022-01-10,"DJ","Djibouti","Eastern Mediterranean",93,14177,0,189
2022-01-11,"DJ","Djibouti","Eastern Mediterranean",140,14317,0,189
2022-01-12,"DJ","Djibouti","Eastern Mediterranean",98,14415,0,189
2022-01-13,"DJ","Djibouti","Eastern Mediterranean",126,14541,0,189
2022-01-14,"DJ","Djibouti","Eastern Mediterranean",139,14680,0,189
2022-01-15,"DJ","Djibouti","Eastern Mediterranean",121,14801,0,189
2022-01-16,"DJ","Djibouti","Eastern Mediterranean",40,14841,0,189
2022-01-17,"DJ","Djibouti","Eastern Mediterranean",59,14900,0,189
2022-01-18,"DJ","Djibouti","Eastern Mediterranean",84,14984,0,189
2022-01-19,"DJ","Djibouti","Eastern Mediterranean",105,15089,0,189
2022-01-20,"DJ","Djibouti","Eastern Mediterranean",45,15134,0,189
2022-01-21,"DJ","Djibouti","Eastern Mediterranean",66,15200,0,189
2022-01-22,"DJ","Djibouti","Eastern Mediterranean",50,15250,0,189
2022-01-23,"DJ","Djibouti","Eastern Mediterranean",21,15271,0,189
2022-01-24,"DJ","Djibouti","Eastern Mediterranean",40,15311,0,189
2022-01-25,"DJ","Djibouti","Eastern Mediterranean",38,15349,0,189
2022-01-26,"DJ","Djibouti","Eastern Mediterranean",23,15372,0,189
2022-01-27,"DJ","Djibouti","Eastern Mediterranean",24,15396,0,189
2022-01-28,"DJ","Djibouti","Eastern Mediterranean",15,15411,0,189
2022-01-29,"DJ","Djibouti","Eastern Mediterranean",18,15429,0,189
2022-01-30,"DJ","Djibouti","Eastern Mediterranean",11,15440,0,189
2022-01-31,"DJ","Djibouti","Eastern Mediterranean",11,15451,0,189
2022-02-01,"DJ","Djibouti","Eastern Mediterranean",13,15464,0,189
2022-02-02,"DJ","Djibouti","Eastern Mediterranean",8,15472,0,189
2022-02-03,"DJ","Djibouti","Eastern Mediterranean",3,15475,0,189
2022-02-04,"DJ","Djibouti","Eastern Mediterranean",17,15492,0,189
2022-02-05,"DJ","Djibouti","Eastern Mediterranean",15,15507,0,189
2022-02-06,"DJ","Djibouti","Eastern Mediterranean",3,15510,0,189
2022-02-07,"DJ","Djibouti","Eastern Mediterranean",0,15510,0,189
2022-02-08,"DJ","Djibouti","Eastern Mediterranean",14,15524,0,189
2022-02-09,"DJ","Djibouti","Eastern Mediterranean",1,15525,0,189
2022-02-10,"DJ","Djibouti","Eastern Mediterranean",2,15527,0,189
2022-02-11,"DJ","Djibouti","Eastern Mediterranean",2,15529,0,189
2022-02-12,"DJ","Djibouti","Eastern Mediterranean",1,15530,0,189
2022-02-13,"DJ","Djibouti","Eastern Mediterranean",1,15531,0,189
2022-02-14,"DJ","Djibouti","Eastern Mediterranean",3,15534,0,189
2022-02-15,"DJ","Djibouti","Eastern Mediterranean",0,15534,0,189
2022-02-16,"DJ","Djibouti","Eastern Mediterranean",1,15535,0,189
2022-02-17,"DJ","Djibouti","Eastern Mediterranean",0,15535,0,189
2022-02-18,"DJ","Djibouti","Eastern Mediterranean",2,15537,0,189
2022-02-19,"DJ","Djibouti","Eastern Mediterranean",0,15537,0,189
2022-02-20,"DJ","Djibouti","Eastern Mediterranean",4,15541,0,189
2022-02-21,"DJ","Djibouti","Eastern Mediterranean",1,15542,0,189
2022-02-22,"DJ","Djibouti","Eastern Mediterranean",0,15542,0,189
2022-02-23,"DJ","Djibouti","Eastern Mediterranean",0,15542,0,189
2022-02-24,"DJ","Djibouti","Eastern Mediterranean",1,15543,0,189
2022-02-25,"DJ","Djibouti","Eastern Mediterranean",2,15545,0,189
2022-02-26,"DJ","Djibouti","Eastern Mediterranean",1,15546,0,189
2022-02-27,"DJ","Djibouti","Eastern Mediterranean",1,15547,0,189
2022-02-28,"DJ","Djibouti","Eastern Mediterranean",0,15547,0,189
2022-03-01,"DJ","Djibouti","Eastern Mediterranean",0,15547,0,189
2022-03-02,"DJ","Djibouti","Eastern Mediterranean",0,15547,0,189
2022-03-03,"DJ","Djibouti","Eastern Mediterranean",0,15547,0,189
2022-03-04,"DJ","Djibouti","Eastern Mediterranean",2,15549,0,189
2022-03-05,"DJ","Djibouti","Eastern Mediterranean",1,15550,0,189
2022-03-06,"DJ","Djibouti","Eastern Mediterranean",0,15550,0,189
2021-12-06,"DM","Dominica","Americas",0,6086,0,42
2021-12-07,"DM","Dominica","Americas",0,6086,0,42
2021-12-08,"DM","Dominica","Americas",56,6142,0,42
2021-12-09,"DM","Dominica","Americas",34,6176,0,42
2021-12-10,"DM","Dominica","Americas",32,6208,0,42
2021-12-11,"DM","Dominica","Americas",25,6233,0,42
2021-12-12,"DM","Dominica","Americas",24,6257,0,42
2021-12-13,"DM","Dominica","Americas",0,6257,0,42
2021-12-14,"DM","Dominica","Americas",0,6257,0,42
2021-12-15,"DM","Dominica","Americas",29,6286,0,42
2021-12-16,"DM","Dominica","Americas",0,6286,0,42
2021-12-17,"DM","Dominica","Americas",0,6286,0,42
2021-12-18,"DM","Dominica","Americas",0,6286,0,42
2021-12-19,"DM","Dominica","Americas",144,6430,2,44
2021-12-20,"DM","Dominica","Americas",0,6430,0,44
2021-12-21,"DM","Dominica","Americas",0,6430,0,44
2021-12-22,"DM","Dominica","Americas",90,6520,0,44
2021-12-23,"DM","Dominica","Americas",0,6520,0,44
2021-12-24,"DM","Dominica","Americas",0,6520,0,44
2021-12-25,"DM","Dominica","Americas",39,6559,1,45
2021-12-26,"DM","Dominica","Americas",0,6559,0,45
2021-12-27,"DM","Dominica","Americas",0,6559,0,45
2021-12-28,"DM","Dominica","Americas",0,6559,0,45
2021-12-29,"DM","Dominica","Americas",0,6559,0,45
2021-12-30,"DM","Dominica","Americas",0,6559,0,45
2021-12-31,"DM","Dominica","Americas",0,6559,0,45
2022-01-01,"DM","Dominica","Americas",255,6814,2,47
2022-01-02,"DM","Dominica","Americas",0,6814,0,47
2022-01-03,"DM","Dominica","Americas",0,6814,0,47
2022-01-04,"DM","Dominica","Americas",48,6862,0,47
2022-01-05,"DM","Dominica","Americas",211,7073,0,47
2022-01-06,"DM","Dominica","Americas",0,7073,0,47
2022-01-07,"DM","Dominica","Americas",0,7073,0,47
2022-01-08,"DM","Dominica","Americas",321,7394,0,47
2022-01-09,"DM","Dominica","Americas",0,7394,0,47
2022-01-10,"DM","Dominica","Americas",0,7394,0,47
2022-01-11,"DM","Dominica","Americas",0,7394,0,47
2022-01-12,"DM","Dominica","Americas",168,7562,0,47
2022-01-13,"DM","Dominica","Americas",105,7667,0,47
2022-01-14,"DM","Dominica","Americas",0,7667,0,47
2022-01-15,"DM","Dominica","Americas",0,7667,0,47
2022-01-16,"DM","Dominica","Americas",0,7667,0,47
2022-01-17,"DM","Dominica","Americas",290,7957,1,48
2022-01-18,"DM","Dominica","Americas",0,7957,0,48
2022-01-19,"DM","Dominica","Americas",196,8153,0,48
2022-01-20,"DM","Dominica","Americas",103,8256,0,48
2022-01-21,"DM","Dominica","Americas",93,8349,0,48
2022-01-22,"DM","Dominica","Americas",72,8421,1,49
2022-01-23,"DM","Dominica","Americas",96,8517,0,49
2022-01-24,"DM","Dominica","Americas",0,8517,0,49
2022-01-25,"DM","Dominica","Americas",0,8517,0,49
2022-01-26,"DM","Dominica","Americas",0,8517,0,49
2022-01-27,"DM","Dominica","Americas",210,8727,2,51
2022-01-28,"DM","Dominica","Americas",0,8727,0,51
2022-01-29,"DM","Dominica","Americas",305,9032,0,51
2022-01-30,"DM","Dominica","Americas",0,9032,0,51
2022-01-31,"DM","Dominica","Americas",0,9032,0,51
2022-02-01,"DM","Dominica","Americas",0,9032,0,51
2022-02-02,"DM","Dominica","Americas",0,9032,0,51
2022-02-03,"DM","Dominica","Americas",0,9032,0,51
2022-02-04,"DM","Dominica","Americas",0,9032,0,51
2022-02-05,"DM","Dominica","Americas",0,9032,0,51
2022-02-06,"DM","Dominica","Americas",968,10000,0,51
2022-02-07,"DM","Dominica","Americas",0,10000,0,51
2022-02-08,"DM","Dominica","Americas",0,10000,0,51
2022-02-09,"DM","Dominica","Americas",0,10000,0,51
2022-02-10,"DM","Dominica","Americas",0,10000,0,51
2022-02-11,"DM","Dominica","Americas",0,10000,0,51
2022-02-12,"DM","Dominica","Americas",311,10311,2,53
2022-02-13,"DM","Dominica","Americas",216,10527,0,53
2022-02-14,"DM","Dominica","Americas",0,10527,0,53
2022-02-15,"DM","Dominica","Americas",0,10527,0,53
2022-02-16,"DM","Dominica","Americas",142,10669,1,54
2022-02-17,"DM","Dominica","Americas",59,10728,1,55
2022-02-18,"DM","Dominica","Americas",24,10752,2,57
2022-02-19,"DM","Dominica","Americas",0,10752,0,57
2022-02-20,"DM","Dominica","Americas",0,10752,0,57
2022-02-21,"DM","Dominica","Americas",0,10752,0,57
2022-02-22,"DM","Dominica","Americas",0,10752,0,57
2022-02-23,"DM","Dominica","Americas",201,10953,0,57
2022-02-24,"DM","Dominica","Americas",38,10991,0,57
2022-02-25,"DM","Dominica","Americas",0,10991,0,57
2022-02-26,"DM","Dominica","Americas",25,11016,0,57
2022-02-27,"DM","Dominica","Americas",0,11016,0,57
2022-02-28,"DM","Dominica","Americas",92,11108,0,57
2022-03-01,"DM","Dominica","Americas",0,11108,0,57
2022-03-02,"DM","Dominica","Americas",0,11108,0,57
2022-03-03,"DM","Dominica","Americas",40,11148,4,61
2022-03-04,"DM","Dominica","Americas",48,11196,0,61
2022-03-05,"DM","Dominica","Americas",0,11196,0,61
2022-03-06,"DM","Dominica","Americas",52,11248,0,61
2021-12-06,"DO","Dominican Republic","Americas",271,408516,0,4212
2021-12-07,"DO","Dominican Republic","Americas",232,408748,0,4212
2021-12-08,"DO","Dominican Republic","Americas",254,409002,0,4212
2021-12-09,"DO","Dominican Republic","Americas",0,409002,0,4212
2021-12-10,"DO","Dominican Republic","Americas",488,409490,2,4214
2021-12-11,"DO","Dominican Republic","Americas",372,409862,4,4218
2021-12-12,"DO","Dominican Republic","Americas",225,410087,0,4218
2021-12-13,"DO","Dominican Republic","Americas",178,410265,1,4219
2021-12-14,"DO","Dominican Republic","Americas",147,410412,0,4219
2021-12-15,"DO","Dominican Republic","Americas",308,410720,1,4220
2021-12-16,"DO","Dominican Republic","Americas",206,410926,0,4220
2021-12-17,"DO","Dominican Republic","Americas",88,411014,0,4220
2021-12-18,"DO","Dominican Republic","Americas",252,411266,2,4222
2021-12-19,"DO","Dominican Republic","Americas",0,411266,0,4222
2021-12-20,"DO","Dominican Republic","Americas",183,411449,0,4222
2021-12-21,"DO","Dominican Republic","Americas",434,411883,1,4223
2021-12-22,"DO","Dominican Republic","Americas",139,412022,0,4223
2021-12-23,"DO","Dominican Republic","Americas",241,412263,0,4223
2021-12-24,"DO","Dominican Republic","Americas",422,412685,5,4228
2021-12-25,"DO","Dominican Republic","Americas",506,413191,6,4234
2021-12-26,"DO","Dominican Republic","Americas",696,413887,3,4237
2021-12-27,"DO","Dominican Republic","Americas",339,414226,1,4238
2021-12-28,"DO","Dominican Republic","Americas",478,414704,0,4238
2021-12-29,"DO","Dominican Republic","Americas",655,415359,5,4243
2021-12-30,"DO","Dominican Republic","Americas",911,416270,3,4246
2021-12-31,"DO","Dominican Republic","Americas",998,417268,0,4246
2022-01-01,"DO","Dominican Republic","Americas",1510,418778,1,4247
2022-01-02,"DO","Dominican Republic","Americas",1149,419927,0,4247
2022-01-03,"DO","Dominican Republic","Americas",2026,421953,2,4249
2022-01-04,"DO","Dominican Republic","Americas",2856,424809,2,4251
2022-01-05,"DO","Dominican Republic","Americas",3700,428509,1,4252
2022-01-06,"DO","Dominican Republic","Americas",5201,433710,0,4252
2022-01-07,"DO","Dominican Republic","Americas",5307,439017,0,4252
2022-01-08,"DO","Dominican Republic","Americas",5968,444985,1,4253
2022-01-09,"DO","Dominican Republic","Americas",6200,451185,2,4255
2022-01-10,"DO","Dominican Republic","Americas",6042,457227,0,4255
2022-01-11,"DO","Dominican Republic","Americas",5155,462382,0,4255
2022-01-12,"DO","Dominican Republic","Americas",6683,469065,0,4255
2022-01-13,"DO","Dominican Republic","Americas",7439,476504,4,4259
2022-01-14,"DO","Dominican Republic","Americas",5953,482457,0,4259
2022-01-15,"DO","Dominican Republic","Americas",7174,489631,7,4266
2022-01-16,"DO","Dominican Republic","Americas",4964,494595,2,4268
2022-01-17,"DO","Dominican Republic","Americas",3988,498583,0,4268
2022-01-18,"DO","Dominican Republic","Americas",6331,504914,1,4269
2022-01-19,"DO","Dominican Republic","Americas",5544,510458,0,4269
2022-01-20,"DO","Dominican Republic","Americas",7153,517611,5,4274
2022-01-21,"DO","Dominican Republic","Americas",7024,524635,0,4274
2022-01-22,"DO","Dominican Republic","Americas",6363,530998,5,4279
2022-01-23,"DO","Dominican Republic","Americas",5769,536767,6,4285
2022-01-24,"DO","Dominican Republic","Americas",2813,539580,2,4287
2022-01-25,"DO","Dominican Republic","Americas",2476,542056,2,4289
2022-01-26,"DO","Dominican Republic","Americas",0,542056,0,4289
2022-01-27,"DO","Dominican Republic","Americas",5035,547091,4,4293
2022-01-28,"DO","Dominican Republic","Americas",2929,550020,2,4295
2022-01-29,"DO","Dominican Republic","Americas",1508,551528,3,4298
2022-01-30,"DO","Dominican Republic","Americas",1303,552831,3,4301
2022-01-31,"DO","Dominican Republic","Americas",1221,554052,4,4305
2022-02-01,"DO","Dominican Republic","Americas",1193,555245,2,4307
2022-02-02,"DO","Dominican Republic","Americas",1275,556520,3,4310
2022-02-03,"DO","Dominican Republic","Americas",1399,557919,3,4313
2022-02-04,"DO","Dominican Republic","Americas",1017,558936,2,4315
2022-02-05,"DO","Dominican Republic","Americas",0,558936,0,4315
2022-02-06,"DO","Dominican Republic","Americas",0,558936,0,4315
2022-02-07,"DO","Dominican Republic","Americas",3677,562613,10,4325
2022-02-08,"DO","Dominican Republic","Americas",1044,563657,4,4329
2022-02-09,"DO","Dominican Republic","Americas",810,564467,3,4332
2022-02-10,"DO","Dominican Republic","Americas",1395,565862,4,4336
2022-02-11,"DO","Dominican Republic","Americas",1223,567085,3,4339
2022-02-12,"DO","Dominican Republic","Americas",810,567895,2,4341
2022-02-13,"DO","Dominican Republic","Americas",1129,569024,2,4343
2022-02-14,"DO","Dominican Republic","Americas",422,569446,0,4343
2022-02-15,"DO","Dominican Republic","Americas",0,569446,4,4347
2022-02-16,"DO","Dominican Republic","Americas",790,570236,2,4349
2022-02-17,"DO","Dominican Republic","Americas",400,570636,2,4351
2022-02-18,"DO","Dominican Republic","Americas",253,570889,3,4354
2022-02-19,"DO","Dominican Republic","Americas",311,571200,0,4354
2022-02-20,"DO","Dominican Republic","Americas",352,571552,3,4357
2022-02-21,"DO","Dominican Republic","Americas",304,571856,0,4357
2022-02-22,"DO","Dominican Republic","Americas",434,572290,0,4357
2022-02-23,"DO","Dominican Republic","Americas",306,572596,3,4360
2022-02-24,"DO","Dominican Republic","Americas",440,573036,3,4363
2022-02-25,"DO","Dominican Republic","Americas",422,573458,0,4363
2022-02-26,"DO","Dominican Republic","Americas",318,573776,2,4365
2022-02-27,"DO","Dominican Republic","Americas",295,574071,3,4368
2022-02-28,"DO","Dominican Republic","Americas",221,574292,0,4368
2022-03-01,"DO","Dominican Republic","Americas",264,574556,0,4368
2022-03-02,"DO","Dominican Republic","Americas",356,574912,1,4369
2022-03-03,"DO","Dominican Republic","Americas",0,574912,0,4369
2022-03-04,"DO","Dominican Republic","Americas",524,575436,1,4370
2022-03-05,"DO","Dominican Republic","Americas",156,575592,0,4370
2022-03-06,"DO","Dominican Republic","Americas",291,575883,1,4371
2021-12-06,"EC","Ecuador","Americas",584,529174,37,33484
2021-12-07,"EC","Ecuador","Americas",175,529349,0,33484
2021-12-08,"EC","Ecuador","Americas",107,529456,4,33488
2021-12-09,"EC","Ecuador","Americas",0,529456,0,33488
2021-12-10,"EC","Ecuador","Americas",670,530126,0,33488
2021-12-11,"EC","Ecuador","Americas",1681,531807,19,33507
2021-12-12,"EC","Ecuador","Americas",623,532430,41,33548
2021-12-13,"EC","Ecuador","Americas",760,533190,10,33558
2021-12-14,"EC","Ecuador","Americas",267,533457,3,33561
2021-12-15,"EC","Ecuador","Americas",131,533588,1,33562
2021-12-16,"EC","Ecuador","Americas",588,534176,8,33570
2021-12-17,"EC","Ecuador","Americas",581,534757,11,33581
2021-12-18,"EC","Ecuador","Americas",657,535414,5,33586
2021-12-19,"EC","Ecuador","Americas",715,536129,7,33593
2021-12-20,"EC","Ecuador","Americas",647,536776,4,33597
2021-12-21,"EC","Ecuador","Americas",256,537032,0,33597
2021-12-22,"EC","Ecuador","Americas",188,537220,17,33614
2021-12-23,"EC","Ecuador","Americas",998,538218,10,33624
2021-12-24,"EC","Ecuador","Americas",819,539037,10,33634
2021-12-25,"EC","Ecuador","Americas",1085,540122,7,33641
2021-12-26,"EC","Ecuador","Americas",1246,541368,6,33647
2021-12-27,"EC","Ecuador","Americas",714,542082,1,33648
2021-12-28,"EC","Ecuador","Americas",259,542341,1,33649
2021-12-29,"EC","Ecuador","Americas",619,542960,1,33650
2021-12-30,"EC","Ecuador","Americas",1143,544103,6,33656
2021-12-31,"EC","Ecuador","Americas",1697,545800,13,33669
2022-01-01,"EC","Ecuador","Americas",1386,547186,3,33672
2022-01-02,"EC","Ecuador","Americas",2232,549418,9,33681
2022-01-03,"EC","Ecuador","Americas",2202,551620,1,33682
2022-01-04,"EC","Ecuador","Americas",704,552324,1,33683
2022-01-05,"EC","Ecuador","Americas",877,553201,3,33686
2022-01-06,"EC","Ecuador","Americas",1235,554436,4,33690
2022-01-07,"EC","Ecuador","Americas",2837,557273,9,33699
2022-01-08,"EC","Ecuador","Americas",2677,559950,0,33699
2022-01-09,"EC","Ecuador","Americas",1335,561285,3,33702
2022-01-10,"EC","Ecuador","Americas",2953,564238,4,33706
2022-01-11,"EC","Ecuador","Americas",3094,567332,3,33709
2022-01-12,"EC","Ecuador","Americas",1852,569184,4,33713
2022-01-13,"EC","Ecuador","Americas",9341,578525,409,34122
2022-01-14,"EC","Ecuador","Americas",10346,588871,40,34162
2022-01-15,"EC","Ecuador","Americas",4793,593664,27,34189
2022-01-16,"EC","Ecuador","Americas",9278,602942,17,34206
2022-01-17,"EC","Ecuador","Americas",11090,614032,13,34219
2022-01-18,"EC","Ecuador","Americas",11027,625059,8,34227
2022-01-19,"EC","Ecuador","Americas",4448,629507,5,34232
2022-01-20,"EC","Ecuador","Americas",9628,639135,5,34237
2022-01-21,"EC","Ecuador","Americas",10422,649557,10,34247
2022-01-22,"EC","Ecuador","Americas",8488,658045,32,34279
2022-01-23,"EC","Ecuador","Americas",6619,664664,8,34287
2022-01-24,"EC","Ecuador","Americas",10299,674963,28,34315
2022-01-25,"EC","Ecuador","Americas",6419,681382,14,34329
2022-01-26,"EC","Ecuador","Americas",16227,697609,91,34420
2022-01-27,"EC","Ecuador","Americas",0,697609,0,34420
2022-01-28,"EC","Ecuador","Americas",0,697609,0,34420
2022-01-29,"EC","Ecuador","Americas",9615,707224,22,34442
2022-01-30,"EC","Ecuador","Americas",9861,717085,47,34489
2022-01-31,"EC","Ecuador","Americas",8851,725936,24,34513
2022-02-01,"EC","Ecuador","Americas",3824,729760,1,34514
2022-02-02,"EC","Ecuador","Americas",2278,732038,19,34533
2022-02-03,"EC","Ecuador","Americas",7259,739297,39,34572
2022-02-04,"EC","Ecuador","Americas",6522,745819,67,34639
2022-02-05,"EC","Ecuador","Americas",6816,752635,37,34676
2022-02-06,"EC","Ecuador","Americas",8686,761321,40,34716
2022-02-07,"EC","Ecuador","Americas",5077,766398,14,34730
2022-02-08,"EC","Ecuador","Americas",2751,769149,9,34739
2022-02-09,"EC","Ecuador","Americas",2416,771565,1,34740
2022-02-10,"EC","Ecuador","Americas",6034,777599,64,34804
2022-02-11,"EC","Ecuador","Americas",3871,781470,50,34854
2022-02-12,"EC","Ecuador","Americas",7418,788888,51,34905
2022-02-13,"EC","Ecuador","Americas",4932,793820,101,35006
2022-02-14,"EC","Ecuador","Americas",3410,797230,29,35035
2022-02-15,"EC","Ecuador","Americas",1910,799140,1,35036
2022-02-16,"EC","Ecuador","Americas",1180,800320,2,35038
2022-02-17,"EC","Ecuador","Americas",4028,804348,29,35067
2022-02-18,"EC","Ecuador","Americas",0,804348,0,35067
2022-02-19,"EC","Ecuador","Americas",8426,812774,55,35122
2022-02-20,"EC","Ecuador","Americas",2798,815572,21,35143
2022-02-21,"EC","Ecuador","Americas",0,815572,0,35143
2022-02-22,"EC","Ecuador","Americas",4314,819886,17,35160
2022-02-23,"EC","Ecuador","Americas",655,820541,12,35172
2022-02-24,"EC","Ecuador","Americas",0,820541,0,35172
2022-02-25,"EC","Ecuador","Americas",0,820541,0,35172
2022-02-26,"EC","Ecuador","Americas",7219,827760,51,35223
2022-02-27,"EC","Ecuador","Americas",0,827760,0,35223
2022-02-28,"EC","Ecuador","Americas",4052,831812,21,35244
2022-03-01,"EC","Ecuador","Americas",595,832407,0,35244
2022-03-02,"EC","Ecuador","Americas",388,832795,0,35244
2022-03-03,"EC","Ecuador","Americas",1065,833860,6,35250
2022-03-04,"EC","Ecuador","Americas",0,833860,0,35250
2022-03-05,"EC","Ecuador","Americas",2356,836216,14,35264
2022-03-06,"EC","Ecuador","Americas",2304,838520,44,35308
2021-12-06,"EG","Egypt","Eastern Mediterranean",902,363162,45,20727
2021-12-07,"EG","Egypt","Eastern Mediterranean",871,364033,43,20770
2021-12-08,"EG","Egypt","Eastern Mediterranean",889,364922,51,20821
2021-12-09,"EG","Egypt","Eastern Mediterranean",909,365831,56,20877
2021-12-10,"EG","Egypt","Eastern Mediterranean",803,366634,42,20919
2021-12-11,"EG","Egypt","Eastern Mediterranean",822,367456,47,20966
2021-12-12,"EG","Egypt","Eastern Mediterranean",879,368335,49,21015
2021-12-13,"EG","Egypt","Eastern Mediterranean",863,369198,45,21060
2021-12-14,"EG","Egypt","Eastern Mediterranean",799,369997,44,21104
2021-12-15,"EG","Egypt","Eastern Mediterranean",822,370819,51,21155
2021-12-16,"EG","Egypt","Eastern Mediterranean",879,371698,48,21203
2021-12-17,"EG","Egypt","Eastern Mediterranean",901,372599,31,21234
2021-12-18,"EG","Egypt","Eastern Mediterranean",910,373509,43,21277
2021-12-19,"EG","Egypt","Eastern Mediterranean",902,374411,38,21315
2021-12-20,"EG","Egypt","Eastern Mediterranean",919,375330,46,21361
2021-12-21,"EG","Egypt","Eastern Mediterranean",903,376233,49,21410
2021-12-22,"EG","Egypt","Eastern Mediterranean",848,377081,47,21457
2021-12-23,"EG","Egypt","Eastern Mediterranean",879,377960,43,21500
2021-12-24,"EG","Egypt","Eastern Mediterranean",883,378843,10,21510
2021-12-25,"EG","Egypt","Eastern Mediterranean",811,379654,36,21546
2021-12-26,"EG","Egypt","Eastern Mediterranean",866,380520,25,21571
2021-12-27,"EG","Egypt","Eastern Mediterranean",823,381343,37,21608
2021-12-28,"EG","Egypt","Eastern Mediterranean",851,382194,31,21639
2021-12-29,"EG","Egypt","Eastern Mediterranean",809,383003,28,21667
2021-12-30,"EG","Egypt","Eastern Mediterranean",854,383857,28,21695
2021-12-31,"EG","Egypt","Eastern Mediterranean",871,384728,32,21727
2022-01-01,"EG","Egypt","Eastern Mediterranean",847,385575,25,21752
2022-01-02,"EG","Egypt","Eastern Mediterranean",783,386358,16,21768
2022-01-03,"EG","Egypt","Eastern Mediterranean",801,387159,29,21797
2022-01-04,"EG","Egypt","Eastern Mediterranean",723,387882,20,21817
2022-01-05,"EG","Egypt","Eastern Mediterranean",769,388651,19,21836
2022-01-06,"EG","Egypt","Eastern Mediterranean",803,389454,27,21863
2022-01-07,"EG","Egypt","Eastern Mediterranean",840,390294,19,21882
2022-01-08,"EG","Egypt","Eastern Mediterranean",821,391115,27,21909
2022-01-09,"EG","Egypt","Eastern Mediterranean",830,391945,29,21938
2022-01-10,"EG","Egypt","Eastern Mediterranean",912,392857,26,21964
2022-01-11,"EG","Egypt","Eastern Mediterranean",951,393808,31,21995
2022-01-12,"EG","Egypt","Eastern Mediterranean",932,394740,19,22014
2022-01-13,"EG","Egypt","Eastern Mediterranean",948,395688,28,22042
2022-01-14,"EG","Egypt","Eastern Mediterranean",1011,396699,21,22063
2022-01-15,"EG","Egypt","Eastern Mediterranean",1079,397778,34,22097
2022-01-16,"EG","Egypt","Eastern Mediterranean",1101,398879,26,22123
2022-01-17,"EG","Egypt","Eastern Mediterranean",1197,400076,25,22148
2022-01-18,"EG","Egypt","Eastern Mediterranean",1232,401308,31,22179
2022-01-19,"EG","Egypt","Eastern Mediterranean",1303,402611,26,22205
2022-01-20,"EG","Egypt","Eastern Mediterranean",1379,403990,33,22238
2022-01-21,"EG","Egypt","Eastern Mediterranean",1403,405393,22,22260
2022-01-22,"EG","Egypt","Eastern Mediterranean",1533,406926,29,22289
2022-01-23,"EG","Egypt","Eastern Mediterranean",1569,408495,41,22330
2022-01-24,"EG","Egypt","Eastern Mediterranean",1603,410098,38,22368
2022-01-25,"EG","Egypt","Eastern Mediterranean",1651,411749,28,22396
2022-01-26,"EG","Egypt","Eastern Mediterranean",1809,413558,35,22431
2022-01-27,"EG","Egypt","Eastern Mediterranean",1910,415468,29,22460
2022-01-28,"EG","Egypt","Eastern Mediterranean",1985,417453,36,22496
2022-01-29,"EG","Egypt","Eastern Mediterranean",2007,419460,26,22522
2022-01-30,"EG","Egypt","Eastern Mediterranean",2018,421478,44,22566
2022-01-31,"EG","Egypt","Eastern Mediterranean",2210,423688,38,22604
2022-02-01,"EG","Egypt","Eastern Mediterranean",2223,425911,31,22635
2022-02-02,"EG","Egypt","Eastern Mediterranean",2291,428202,48,22683
2022-02-03,"EG","Egypt","Eastern Mediterranean",2278,430480,52,22735
2022-02-04,"EG","Egypt","Eastern Mediterranean",2281,432761,45,22780
2022-02-05,"EG","Egypt","Eastern Mediterranean",2291,435052,39,22819
2022-02-06,"EG","Egypt","Eastern Mediterranean",2298,437350,58,22877
2022-02-07,"EG","Egypt","Eastern Mediterranean",2301,439651,59,22936
2022-02-08,"EG","Egypt","Eastern Mediterranean",2272,441923,57,22993
2022-02-09,"EG","Egypt","Eastern Mediterranean",2194,444117,60,23053
2022-02-10,"EG","Egypt","Eastern Mediterranean",2191,446308,57,23110
2022-02-11,"EG","Egypt","Eastern Mediterranean",2189,448497,62,23172
2022-02-12,"EG","Egypt","Eastern Mediterranean",2179,450676,61,23233
2022-02-13,"EG","Egypt","Eastern Mediterranean",2145,452821,59,23292
2022-02-14,"EG","Egypt","Eastern Mediterranean",2131,454952,57,23349
2022-02-15,"EG","Egypt","Eastern Mediterranean",2129,457081,60,23409
2022-02-16,"EG","Egypt","Eastern Mediterranean",2117,459198,56,23465
2022-02-17,"EG","Egypt","Eastern Mediterranean",2101,461299,54,23519
2022-02-18,"EG","Egypt","Eastern Mediterranean",2071,463370,61,23580
2022-02-19,"EG","Egypt","Eastern Mediterranean",2053,465423,52,23632
2022-02-20,"EG","Egypt","Eastern Mediterranean",2025,467448,62,23694
2022-02-21,"EG","Egypt","Eastern Mediterranean",2009,469457,58,23752
2022-02-22,"EG","Egypt","Eastern Mediterranean",2003,471460,54,23806
2022-02-23,"EG","Egypt","Eastern Mediterranean",1989,473449,51,23857
2022-02-24,"EG","Egypt","Eastern Mediterranean",1892,475341,32,23889
2022-02-25,"EG","Egypt","Eastern Mediterranean",1832,477173,38,23927
2022-02-26,"EG","Egypt","Eastern Mediterranean",1811,478984,30,23957
2022-02-27,"EG","Egypt","Eastern Mediterranean",1743,480727,35,23992
2022-02-28,"EG","Egypt","Eastern Mediterranean",1521,482248,48,24040
2022-03-01,"EG","Egypt","Eastern Mediterranean",1523,483771,34,24074
2022-03-02,"EG","Egypt","Eastern Mediterranean",1322,485093,36,24110
2022-03-03,"EG","Egypt","Eastern Mediterranean",1288,486381,22,24132
2022-03-04,"EG","Egypt","Eastern Mediterranean",1261,487642,17,24149
2022-03-05,"EG","Egypt","Eastern Mediterranean",1121,488763,13,24162
2022-03-06,"EG","Egypt","Eastern Mediterranean",1113,489876,10,24172
2021-12-06,"SV","El Salvador","Americas",0,119803,2,3783
2021-12-07,"SV","El Salvador","Americas",0,119803,3,3786
2021-12-08,"SV","El Salvador","Americas",0,119803,3,3789
2021-12-09,"SV","El Salvador","Americas",0,119803,1,3790
2021-12-10,"SV","El Salvador","Americas",0,119803,1,3791
2021-12-11,"SV","El Salvador","Americas",0,119803,1,3792
2021-12-12,"SV","El Salvador","Americas",0,119803,1,3793
2021-12-13,"SV","El Salvador","Americas",0,119803,2,3795
2021-12-14,"SV","El Salvador","Americas",1397,121200,2,3797
2021-12-15,"SV","El Salvador","Americas",0,121200,3,3800
2021-12-16,"SV","El Salvador","Americas",67,121267,0,3800
2021-12-17,"SV","El Salvador","Americas",0,121267,2,3802
2021-12-18,"SV","El Salvador","Americas",117,121384,1,3803
2021-12-19,"SV","El Salvador","Americas",100,121484,2,3805
2021-12-20,"SV","El Salvador","Americas",0,121484,2,3807
2021-12-21,"SV","El Salvador","Americas",46,121530,2,3809
2021-12-22,"SV","El Salvador","Americas",0,121530,1,3810
2021-12-23,"SV","El Salvador","Americas",93,121623,2,3812
2021-12-24,"SV","El Salvador","Americas",38,121661,3,3815
2021-12-25,"SV","El Salvador","Americas",80,121741,2,3817
2021-12-26,"SV","El Salvador","Americas",0,121741,1,3818
2021-12-27,"SV","El Salvador","Americas",0,121741,0,3818
2021-12-28,"SV","El Salvador","Americas",0,121741,2,3820
2021-12-29,"SV","El Salvador","Americas",0,121741,0,3820
2021-12-30,"SV","El Salvador","Americas",0,121741,1,3821
2021-12-31,"SV","El Salvador","Americas",0,121741,2,3823
2022-01-01,"SV","El Salvador","Americas",204,121945,1,3824
2022-01-02,"SV","El Salvador","Americas",0,121945,0,3824
2022-01-03,"SV","El Salvador","Americas",0,121945,1,3825
2022-01-04,"SV","El Salvador","Americas",93,122038,1,3826
2022-01-05,"SV","El Salvador","Americas",25,122063,0,3826
2022-01-06,"SV","El Salvador","Americas",0,122063,0,3826
2022-01-07,"SV","El Salvador","Americas",0,122063,0,3826
2022-01-08,"SV","El Salvador","Americas",171,122234,0,3826
2022-01-09,"SV","El Salvador","Americas",0,122234,1,3827
2022-01-10,"SV","El Salvador","Americas",0,122234,0,3827
2022-01-11,"SV","El Salvador","Americas",235,122469,0,3827
2022-01-12,"SV","El Salvador","Americas",159,122628,0,3827
2022-01-13,"SV","El Salvador","Americas",397,123025,1,3828
2022-01-14,"SV","El Salvador","Americas",0,123025,1,3829
2022-01-15,"SV","El Salvador","Americas",0,123025,3,3832
2022-01-16,"SV","El Salvador","Americas",552,123577,0,3832
2022-01-17,"SV","El Salvador","Americas",0,123577,2,3834
2022-01-18,"SV","El Salvador","Americas",0,123577,0,3834
2022-01-19,"SV","El Salvador","Americas",0,123577,3,3837
2022-01-20,"SV","El Salvador","Americas",0,123577,3,3840
2022-01-21,"SV","El Salvador","Americas",0,123577,0,3840
2022-01-22,"SV","El Salvador","Americas",0,123577,7,3847
2022-01-23,"SV","El Salvador","Americas",3435,127012,4,3851
2022-01-24,"SV","El Salvador","Americas",0,127012,4,3855
2022-01-25,"SV","El Salvador","Americas",0,127012,2,3857
2022-01-26,"SV","El Salvador","Americas",0,127012,5,3862
2022-01-27,"SV","El Salvador","Americas",0,127012,4,3866
2022-01-28,"SV","El Salvador","Americas",0,127012,5,3871
2022-01-29,"SV","El Salvador","Americas",0,127012,6,3877
2022-01-30,"SV","El Salvador","Americas",6250,133262,7,3884
2022-01-31,"SV","El Salvador","Americas",893,134155,7,3891
2022-02-01,"SV","El Salvador","Americas",0,134155,8,3899
2022-02-02,"SV","El Salvador","Americas",954,135109,9,3908
2022-02-03,"SV","El Salvador","Americas",0,135109,6,3914
2022-02-04,"SV","El Salvador","Americas",0,135109,7,3921
2022-02-05,"SV","El Salvador","Americas",0,135109,6,3927
2022-02-06,"SV","El Salvador","Americas",0,135109,6,3933
2022-02-07,"SV","El Salvador","Americas",0,135109,9,3942
2022-02-08,"SV","El Salvador","Americas",0,135109,10,3952
2022-02-09,"SV","El Salvador","Americas",0,135109,8,3960
2022-02-10,"SV","El Salvador","Americas",0,135109,7,3967
2022-02-11,"SV","El Salvador","Americas",0,135109,8,3975
2022-02-12,"SV","El Salvador","Americas",0,135109,7,3982
2022-02-13,"SV","El Salvador","Americas",0,135109,7,3989
2022-02-14,"SV","El Salvador","Americas",0,135109,5,3994
2022-02-15,"SV","El Salvador","Americas",12677,147786,8,4002
2022-02-16,"SV","El Salvador","Americas",0,147786,9,4011
2022-02-17,"SV","El Salvador","Americas",0,147786,8,4019
2022-02-18,"SV","El Salvador","Americas",0,147786,8,4027
2022-02-19,"SV","El Salvador","Americas",0,147786,5,4032
2022-02-20,"SV","El Salvador","Americas",0,147786,0,4032
2022-02-21,"SV","El Salvador","Americas",0,147786,0,4032
2022-02-22,"SV","El Salvador","Americas",0,147786,12,4044
2022-02-23,"SV","El Salvador","Americas",0,147786,4,4048
2022-02-24,"SV","El Salvador","Americas",0,147786,6,4054
2022-02-25,"SV","El Salvador","Americas",0,147786,4,4058
2022-02-26,"SV","El Salvador","Americas",0,147786,4,4062
2022-02-27,"SV","El Salvador","Americas",0,147786,0,4062
2022-02-28,"SV","El Salvador","Americas",0,147786,6,4068
2022-03-01,"SV","El Salvador","Americas",0,147786,3,4071
2022-03-02,"SV","El Salvador","Americas",8578,156364,3,4074
2022-03-03,"SV","El Salvador","Americas",0,156364,0,4074
2022-03-04,"SV","El Salvador","Americas",0,156364,7,4081
2022-03-05,"SV","El Salvador","Americas",0,156364,2,4083
2022-03-06,"SV","El Salvador","Americas",0,156364,3,4086
2021-12-06,"GQ","Equatorial Guinea","Africa",0,13599,0,175
2021-12-07,"GQ","Equatorial Guinea","Africa",0,13599,0,175
2021-12-08,"GQ","Equatorial Guinea","Africa",0,13599,0,175
2021-12-09,"GQ","Equatorial Guinea","Africa",0,13599,0,175
2021-12-10,"GQ","Equatorial Guinea","Africa",0,13599,0,175
2021-12-11,"GQ","Equatorial Guinea","Africa",13,13612,0,175
2021-12-12,"GQ","Equatorial Guinea","Africa",0,13612,0,175
2021-12-13,"GQ","Equatorial Guinea","Africa",0,13612,0,175
2021-12-14,"GQ","Equatorial Guinea","Africa",0,13612,0,175
2021-12-15,"GQ","Equatorial Guinea","Africa",0,13612,0,175
2021-12-16,"GQ","Equatorial Guinea","Africa",5,13617,0,175
2021-12-17,"GQ","Equatorial Guinea","Africa",0,13617,0,175
2021-12-18,"GQ","Equatorial Guinea","Africa",1,13618,0,175
2021-12-19,"GQ","Equatorial Guinea","Africa",0,13618,0,175
2021-12-20,"GQ","Equatorial Guinea","Africa",0,13618,0,175
2021-12-21,"GQ","Equatorial Guinea","Africa",0,13618,0,175
2021-12-22,"GQ","Equatorial Guinea","Africa",0,13618,0,175
2021-12-23,"GQ","Equatorial Guinea","Africa",0,13618,0,175
2021-12-24,"GQ","Equatorial Guinea","Africa",5,13623,0,175
2021-12-25,"GQ","Equatorial Guinea","Africa",0,13623,0,175
2021-12-26,"GQ","Equatorial Guinea","Africa",7,13630,0,175
2021-12-27,"GQ","Equatorial Guinea","Africa",0,13630,0,175
2021-12-28,"GQ","Equatorial Guinea","Africa",0,13630,0,175
2021-12-29,"GQ","Equatorial Guinea","Africa",7,13637,0,175
2021-12-30,"GQ","Equatorial Guinea","Africa",0,13637,0,175
2021-12-31,"GQ","Equatorial Guinea","Africa",73,13710,0,175
2022-01-01,"GQ","Equatorial Guinea","Africa",0,13710,0,175
2022-01-02,"GQ","Equatorial Guinea","Africa",0,13710,0,175
2022-01-03,"GQ","Equatorial Guinea","Africa",0,13710,0,175
2022-01-04,"GQ","Equatorial Guinea","Africa",0,13710,0,175
2022-01-05,"GQ","Equatorial Guinea","Africa",0,13710,0,175
2022-01-06,"GQ","Equatorial Guinea","Africa",166,13876,0,175
2022-01-07,"GQ","Equatorial Guinea","Africa",0,13876,0,175
2022-01-08,"GQ","Equatorial Guinea","Africa",525,14401,2,177
2022-01-09,"GQ","Equatorial Guinea","Africa",0,14401,0,177
2022-01-10,"GQ","Equatorial Guinea","Africa",0,14401,0,177
2022-01-11,"GQ","Equatorial Guinea","Africa",470,14871,0,177
2022-01-12,"GQ","Equatorial Guinea","Africa",0,14871,0,177
2022-01-13,"GQ","Equatorial Guinea","Africa",0,14871,0,177
2022-01-14,"GQ","Equatorial Guinea","Africa",0,14871,0,177
2022-01-15,"GQ","Equatorial Guinea","Africa",448,15319,1,178
2022-01-16,"GQ","Equatorial Guinea","Africa",0,15319,0,178
2022-01-17,"GQ","Equatorial Guinea","Africa",0,15319,0,178
2022-01-18,"GQ","Equatorial Guinea","Africa",173,15492,0,178
2022-01-19,"GQ","Equatorial Guinea","Africa",0,15492,0,178
2022-01-20,"GQ","Equatorial Guinea","Africa",66,15558,0,178
2022-01-21,"GQ","Equatorial Guinea","Africa",0,15558,0,178
2022-01-22,"GQ","Equatorial Guinea","Africa",0,15558,0,178
2022-01-23,"GQ","Equatorial Guinea","Africa",132,15690,1,179
2022-01-24,"GQ","Equatorial Guinea","Africa",0,15690,0,179
2022-01-25,"GQ","Equatorial Guinea","Africa",42,15732,2,181
2022-01-26,"GQ","Equatorial Guinea","Africa",0,15732,0,181
2022-01-27,"GQ","Equatorial Guinea","Africa",42,15774,1,182
2022-01-28,"GQ","Equatorial Guinea","Africa",0,15774,0,182
2022-01-29,"GQ","Equatorial Guinea","Africa",28,15802,0,182
2022-01-30,"GQ","Equatorial Guinea","Africa",0,15802,0,182
2022-01-31,"GQ","Equatorial Guinea","Africa",0,15802,0,182
2022-02-01,"GQ","Equatorial Guinea","Africa",0,15802,0,182
2022-02-02,"GQ","Equatorial Guinea","Africa",26,15828,0,182
2022-02-03,"GQ","Equatorial Guinea","Africa",0,15828,0,182
2022-02-04,"GQ","Equatorial Guinea","Africa",0,15828,0,182
2022-02-05,"GQ","Equatorial Guinea","Africa",0,15828,0,182
2022-02-06,"GQ","Equatorial Guinea","Africa",17,15845,0,182
2022-02-07,"GQ","Equatorial Guinea","Africa",0,15845,0,182
2022-02-08,"GQ","Equatorial Guinea","Africa",0,15845,0,182
2022-02-09,"GQ","Equatorial Guinea","Africa",0,15845,0,182
2022-02-10,"GQ","Equatorial Guinea","Africa",0,15845,0,182
2022-02-11,"GQ","Equatorial Guinea","Africa",8,15853,0,182
2022-02-12,"GQ","Equatorial Guinea","Africa",0,15853,0,182
2022-02-13,"GQ","Equatorial Guinea","Africa",0,15853,0,182
2022-02-14,"GQ","Equatorial Guinea","Africa",0,15853,0,182
2022-02-15,"GQ","Equatorial Guinea","Africa",0,15853,0,182
2022-02-16,"GQ","Equatorial Guinea","Africa",16,15869,0,182
2022-02-17,"GQ","Equatorial Guinea","Africa",0,15869,0,182
2022-02-18,"GQ","Equatorial Guinea","Africa",0,15869,0,182
2022-02-19,"GQ","Equatorial Guinea","Africa",1,15870,0,182
2022-02-20,"GQ","Equatorial Guinea","Africa",0,15870,0,182
2022-02-21,"GQ","Equatorial Guinea","Africa",0,15870,0,182
2022-02-22,"GQ","Equatorial Guinea","Africa",4,15874,0,182
2022-02-23,"GQ","Equatorial Guinea","Africa",0,15874,0,182
2022-02-24,"GQ","Equatorial Guinea","Africa",0,15874,0,182
2022-02-25,"GQ","Equatorial Guinea","Africa",3,15877,0,182
2022-02-26,"GQ","Equatorial Guinea","Africa",0,15877,0,182
2022-02-27,"GQ","Equatorial Guinea","Africa",0,15877,0,182
2022-02-28,"GQ","Equatorial Guinea","Africa",0,15877,0,182
2022-03-01,"GQ","Equatorial Guinea","Africa",7,15884,0,182
2022-03-02,"GQ","Equatorial Guinea","Africa",1,15885,1,183
2022-03-03,"GQ","Equatorial Guinea","Africa",0,15885,0,183
2022-03-04,"GQ","Equatorial Guinea","Africa",0,15885,0,183
2022-03-05,"GQ","Equatorial Guinea","Africa",0,15885,0,183
2022-03-06,"GQ","Equatorial Guinea","Africa",0,15885,0,183
2021-12-06,"ER","Eritrea","Africa",0,7458,0,61
2021-12-07,"ER","Eritrea","Africa",26,7484,0,61
2021-12-08,"ER","Eritrea","Africa",29,7513,1,62
2021-12-09,"ER","Eritrea","Africa",20,7533,0,62
2021-12-10,"ER","Eritrea","Africa",50,7583,0,62
2021-12-11,"ER","Eritrea","Africa",33,7616,1,63
2021-12-12,"ER","Eritrea","Africa",13,7629,0,63
2021-12-13,"ER","Eritrea","Africa",0,7629,0,63
2021-12-14,"ER","Eritrea","Africa",27,7656,0,63
2021-12-15,"ER","Eritrea","Africa",19,7675,1,64
2021-12-16,"ER","Eritrea","Africa",11,7686,1,65
2021-12-17,"ER","Eritrea","Africa",27,7713,0,65
2021-12-18,"ER","Eritrea","Africa",18,7731,2,67
2021-12-19,"ER","Eritrea","Africa",22,7753,1,68
2021-12-20,"ER","Eritrea","Africa",10,7763,2,70
2021-12-21,"ER","Eritrea","Africa",16,7779,0,70
2021-12-22,"ER","Eritrea","Africa",28,7807,0,70
2021-12-23,"ER","Eritrea","Africa",10,7817,0,70
2021-12-24,"ER","Eritrea","Africa",12,7829,2,72
2021-12-25,"ER","Eritrea","Africa",24,7853,0,72
2021-12-26,"ER","Eritrea","Africa",20,7873,0,72
2021-12-27,"ER","Eritrea","Africa",13,7886,1,73
2021-12-28,"ER","Eritrea","Africa",16,7902,0,73
2021-12-29,"ER","Eritrea","Africa",29,7931,0,73
2021-12-30,"ER","Eritrea","Africa",17,7948,1,74
2021-12-31,"ER","Eritrea","Africa",34,7982,1,75
2022-01-01,"ER","Eritrea","Africa",29,8011,1,76
2022-01-02,"ER","Eritrea","Africa",15,8026,0,76
2022-01-03,"ER","Eritrea","Africa",23,8049,0,76
2022-01-04,"ER","Eritrea","Africa",14,8063,0,76
2022-01-05,"ER","Eritrea","Africa",65,8128,1,77
2022-01-06,"ER","Eritrea","Africa",33,8161,1,78
2022-01-07,"ER","Eritrea","Africa",50,8211,1,79
2022-01-08,"ER","Eritrea","Africa",51,8262,1,80
2022-01-09,"ER","Eritrea","Africa",41,8303,2,82
2022-01-10,"ER","Eritrea","Africa",32,8335,0,82
2022-01-11,"ER","Eritrea","Africa",84,8419,0,82
2022-01-12,"ER","Eritrea","Africa",140,8559,2,84
2022-01-13,"ER","Eritrea","Africa",94,8653,0,84
2022-01-14,"ER","Eritrea","Africa",102,8755,1,85
2022-01-15,"ER","Eritrea","Africa",90,8845,0,85
2022-01-16,"ER","Eritrea","Africa",31,8876,1,86
2022-01-17,"ER","Eritrea","Africa",34,8910,1,87
2022-01-18,"ER","Eritrea","Africa",92,9002,1,88
2022-01-19,"ER","Eritrea","Africa",83,9085,1,89
2022-01-20,"ER","Eritrea","Africa",30,9115,0,89
2022-01-21,"ER","Eritrea","Africa",45,9160,0,89
2022-01-22,"ER","Eritrea","Africa",32,9192,1,90
2022-01-23,"ER","Eritrea","Africa",58,9250,1,91
2022-01-24,"ER","Eritrea","Africa",47,9297,2,93
2022-01-25,"ER","Eritrea","Africa",35,9332,2,95
2022-01-26,"ER","Eritrea","Africa",58,9390,0,95
2022-01-27,"ER","Eritrea","Africa",18,9408,1,96
2022-01-28,"ER","Eritrea","Africa",28,9436,1,97
2022-01-29,"ER","Eritrea","Africa",53,9489,0,97
2022-01-30,"ER","Eritrea","Africa",19,9508,0,97
2022-01-31,"ER","Eritrea","Africa",17,9525,1,98
2022-02-01,"ER","Eritrea","Africa",11,9536,0,98
2022-02-02,"ER","Eritrea","Africa",0,9536,0,98
2022-02-03,"ER","Eritrea","Africa",44,9580,1,99
2022-02-04,"ER","Eritrea","Africa",21,9601,0,99
2022-02-05,"ER","Eritrea","Africa",18,9619,1,100
2022-02-06,"ER","Eritrea","Africa",12,9631,0,100
2022-02-07,"ER","Eritrea","Africa",6,9637,0,100
2022-02-08,"ER","Eritrea","Africa",7,9644,1,101
2022-02-09,"ER","Eritrea","Africa",7,9651,0,101
2022-02-10,"ER","Eritrea","Africa",1,9652,1,102
2022-02-11,"ER","Eritrea","Africa",8,9660,0,102
2022-02-12,"ER","Eritrea","Africa",2,9662,0,102
2022-02-13,"ER","Eritrea","Africa",2,9664,1,103
2022-02-14,"ER","Eritrea","Africa",4,9668,0,103
2022-02-15,"ER","Eritrea","Africa",7,9675,0,103
2022-02-16,"ER","Eritrea","Africa",4,9679,0,103
2022-02-17,"ER","Eritrea","Africa",1,9680,0,103
2022-02-18,"ER","Eritrea","Africa",1,9681,0,103
2022-02-19,"ER","Eritrea","Africa",2,9683,0,103
2022-02-20,"ER","Eritrea","Africa",4,9687,0,103
2022-02-21,"ER","Eritrea","Africa",0,9687,0,103
2022-02-22,"ER","Eritrea","Africa",2,9689,0,103
2022-02-23,"ER","Eritrea","Africa",0,9689,0,103
2022-02-24,"ER","Eritrea","Africa",5,9694,0,103
2022-02-25,"ER","Eritrea","Africa",2,9696,0,103
2022-02-26,"ER","Eritrea","Africa",2,9698,0,103
2022-02-27,"ER","Eritrea","Africa",2,9700,0,103
2022-02-28,"ER","Eritrea","Africa",0,9700,0,103
2022-03-01,"ER","Eritrea","Africa",1,9701,0,103
2022-03-02,"ER","Eritrea","Africa",3,9704,0,103
2022-03-03,"ER","Eritrea","Africa",1,9705,0,103
2022-03-04,"ER","Eritrea","Africa",2,9707,0,103
2022-03-05,"ER","Eritrea","Africa",1,9708,0,103
2022-03-06,"ER","Eritrea","Africa",7,9715,0,103
2021-12-06,"EE","Estonia","Europe",301,225294,2,1825
2021-12-07,"EE","Estonia","Europe",543,225837,1,1826
2021-12-08,"EE","Estonia","Europe",467,226304,10,1836
2021-12-09,"EE","Estonia","Europe",554,226858,2,1838
2021-12-10,"EE","Estonia","Europe",588,227446,7,1845
2021-12-11,"EE","Estonia","Europe",456,227902,3,1848
2021-12-12,"EE","Estonia","Europe",377,228279,4,1852
2021-12-13,"EE","Estonia","Europe",317,228596,13,1865
2021-12-14,"EE","Estonia","Europe",618,229214,3,1868
2021-12-15,"EE","Estonia","Europe",655,229869,1,1869
2021-12-16,"EE","Estonia","Europe",645,230514,0,1869
2021-12-17,"EE","Estonia","Europe",603,231117,5,1874
2021-12-18,"EE","Estonia","Europe",577,231694,8,1882
2021-12-19,"EE","Estonia","Europe",426,232120,2,1884
2021-12-20,"EE","Estonia","Europe",386,232506,4,1888
2021-12-21,"EE","Estonia","Europe",861,233367,5,1893
2021-12-22,"EE","Estonia","Europe",723,234090,2,1895
2021-12-23,"EE","Estonia","Europe",866,234956,4,1899
2021-12-24,"EE","Estonia","Europe",710,235666,8,1907
2021-12-25,"EE","Estonia","Europe",465,236131,0,1907
2021-12-26,"EE","Estonia","Europe",432,236563,2,1909
2021-12-27,"EE","Estonia","Europe",534,237097,7,1916
2021-12-28,"EE","Estonia","Europe",980,238077,2,1918
2021-12-29,"EE","Estonia","Europe",878,238955,4,1922
2021-12-30,"EE","Estonia","Europe",1377,240332,6,1928
2021-12-31,"EE","Estonia","Europe",1074,241406,4,1932
2022-01-01,"EE","Estonia","Europe",715,242121,6,1938
2022-01-02,"EE","Estonia","Europe",429,242550,0,1938
2022-01-03,"EE","Estonia","Europe",686,243236,1,1939
2022-01-04,"EE","Estonia","Europe",1497,244733,1,1940
2022-01-05,"EE","Estonia","Europe",1488,246221,2,1942
2022-01-06,"EE","Estonia","Europe",1642,247863,3,1945
2022-01-07,"EE","Estonia","Europe",1729,249592,6,1951
2022-01-08,"EE","Estonia","Europe",1647,251239,3,1954
2022-01-09,"EE","Estonia","Europe",1278,252517,1,1955
2022-01-10,"EE","Estonia","Europe",1258,253775,1,1956
2022-01-11,"EE","Estonia","Europe",1980,255755,3,1959
2022-01-12,"EE","Estonia","Europe",2203,257958,4,1963
2022-01-13,"EE","Estonia","Europe",2438,260396,4,1967
2022-01-14,"EE","Estonia","Europe",2086,262482,3,1970
2022-01-15,"EE","Estonia","Europe",2220,264702,6,1976
2022-01-16,"EE","Estonia","Europe",2393,267095,3,1979
2022-01-17,"EE","Estonia","Europe",2104,269199,5,1984
2022-01-18,"EE","Estonia","Europe",2301,271500,3,1987
2022-01-19,"EE","Estonia","Europe",3158,274658,3,1990
2022-01-20,"EE","Estonia","Europe",3840,278498,4,1994
2022-01-21,"EE","Estonia","Europe",4479,282977,5,1999
2022-01-22,"EE","Estonia","Europe",4780,287757,4,2003
2022-01-23,"EE","Estonia","Europe",3669,291426,2,2005
2022-01-24,"EE","Estonia","Europe",5040,296466,3,2008
2022-01-25,"EE","Estonia","Europe",5142,301608,5,2013
2022-01-26,"EE","Estonia","Europe",5843,307451,5,2018
2022-01-27,"EE","Estonia","Europe",6234,313685,5,2023
2022-01-28,"EE","Estonia","Europe",5820,319505,2,2025
2022-01-29,"EE","Estonia","Europe",7124,326629,4,2029
2022-01-30,"EE","Estonia","Europe",5951,332580,3,2032
2022-01-31,"EE","Estonia","Europe",4963,337543,1,2033
2022-02-01,"EE","Estonia","Europe",6517,344060,4,2037
2022-02-02,"EE","Estonia","Europe",7180,351240,2,2039
2022-02-03,"EE","Estonia","Europe",6847,358087,8,2047
2022-02-04,"EE","Estonia","Europe",8002,366089,6,2053
2022-02-05,"EE","Estonia","Europe",7811,373900,3,2056
2022-02-06,"EE","Estonia","Europe",7046,380946,3,2059
2022-02-07,"EE","Estonia","Europe",4621,385567,6,2065
2022-02-08,"EE","Estonia","Europe",6282,391849,10,2075
2022-02-09,"EE","Estonia","Europe",6670,398519,13,2088
2022-02-10,"EE","Estonia","Europe",6582,405101,7,2095
2022-02-11,"EE","Estonia","Europe",5109,410210,5,2100
2022-02-12,"EE","Estonia","Europe",5784,415994,6,2106
2022-02-13,"EE","Estonia","Europe",4610,420604,7,2113
2022-02-14,"EE","Estonia","Europe",2895,423499,2,2115
2022-02-15,"EE","Estonia","Europe",3511,427010,7,2122
2022-02-16,"EE","Estonia","Europe",8438,435448,17,2139
2022-02-17,"EE","Estonia","Europe",6493,441941,9,2148
2022-02-18,"EE","Estonia","Europe",6725,448666,4,2152
2022-02-19,"EE","Estonia","Europe",6970,455636,0,2152
2022-02-20,"EE","Estonia","Europe",4111,459747,10,2162
2022-02-21,"EE","Estonia","Europe",2981,462728,8,2170
2022-02-22,"EE","Estonia","Europe",5261,467989,11,2181
2022-02-23,"EE","Estonia","Europe",6561,474550,7,2188
2022-02-24,"EE","Estonia","Europe",4391,478941,7,2195
2022-02-25,"EE","Estonia","Europe",5014,483955,9,2204
2022-02-26,"EE","Estonia","Europe",4000,487955,9,2213
2022-02-27,"EE","Estonia","Europe",4194,492149,12,2225
2022-02-28,"EE","Estonia","Europe",2281,494430,11,2236
2022-03-01,"EE","Estonia","Europe",4649,499079,12,2248
2022-03-02,"EE","Estonia","Europe",5069,504148,11,2259
2022-03-03,"EE","Estonia","Europe",3563,507711,8,2267
2022-03-04,"EE","Estonia","Europe",3311,511022,8,2275
2022-03-05,"EE","Estonia","Europe",3045,514067,0,2275
2022-03-06,"EE","Estonia","Europe",1641,515708,18,2293
2021-12-06,"SZ","Eswatini","Africa",136,47504,0,1248
2021-12-07,"SZ","Eswatini","Africa",347,47851,0,1248
2021-12-08,"SZ","Eswatini","Africa",507,48358,0,1248
2021-12-09,"SZ","Eswatini","Africa",895,49253,0,1248
2021-12-10,"SZ","Eswatini","Africa",1084,50337,0,1248
2021-12-11,"SZ","Eswatini","Africa",835,51172,0,1248
2021-12-12,"SZ","Eswatini","Africa",1002,52174,0,1248
2021-12-13,"SZ","Eswatini","Africa",469,52643,2,1250
2021-12-14,"SZ","Eswatini","Africa",866,53509,2,1252
2021-12-15,"SZ","Eswatini","Africa",1222,54731,2,1254
2021-12-16,"SZ","Eswatini","Africa",1469,56200,0,1254
2021-12-17,"SZ","Eswatini","Africa",1642,57842,1,1255
2021-12-18,"SZ","Eswatini","Africa",1034,58876,3,1258
2021-12-19,"SZ","Eswatini","Africa",838,59714,2,1260
2021-12-20,"SZ","Eswatini","Africa",322,60036,1,1261
2021-12-21,"SZ","Eswatini","Africa",1110,61146,2,1263
2021-12-22,"SZ","Eswatini","Africa",948,62094,2,1265
2021-12-23,"SZ","Eswatini","Africa",796,62890,2,1267
2021-12-24,"SZ","Eswatini","Africa",550,63440,2,1269
2021-12-25,"SZ","Eswatini","Africa",513,63953,3,1272
2021-12-26,"SZ","Eswatini","Africa",428,64381,0,1272
2021-12-27,"SZ","Eswatini","Africa",62,64443,5,1277
2021-12-28,"SZ","Eswatini","Africa",118,64561,7,1284
2021-12-29,"SZ","Eswatini","Africa",312,64873,8,1292
2021-12-30,"SZ","Eswatini","Africa",600,65473,4,1296
2021-12-31,"SZ","Eswatini","Africa",359,65832,3,1299
2022-01-01,"SZ","Eswatini","Africa",277,66109,4,1303
2022-01-02,"SZ","Eswatini","Africa",132,66241,5,1308
2022-01-03,"SZ","Eswatini","Africa",45,66286,2,1310
2022-01-04,"SZ","Eswatini","Africa",155,66441,5,1315
2022-01-05,"SZ","Eswatini","Africa",233,66674,3,1318
2022-01-06,"SZ","Eswatini","Africa",199,66873,2,1320
2022-01-07,"SZ","Eswatini","Africa",148,67021,6,1326
2022-01-08,"SZ","Eswatini","Africa",150,67171,3,1329
2022-01-09,"SZ","Eswatini","Africa",69,67240,3,1332
2022-01-10,"SZ","Eswatini","Africa",54,67294,4,1336
2022-01-11,"SZ","Eswatini","Africa",79,67373,5,1341
2022-01-12,"SZ","Eswatini","Africa",119,67492,4,1345
2022-01-13,"SZ","Eswatini","Africa",72,67564,4,1349
2022-01-14,"SZ","Eswatini","Africa",112,67676,3,1352
2022-01-15,"SZ","Eswatini","Africa",101,67777,4,1356
2022-01-16,"SZ","Eswatini","Africa",53,67830,1,1357
2022-01-17,"SZ","Eswatini","Africa",19,67849,6,1363
2022-01-18,"SZ","Eswatini","Africa",29,67878,0,1363
2022-01-19,"SZ","Eswatini","Africa",57,67935,2,1365
2022-01-20,"SZ","Eswatini","Africa",40,67975,0,1365
2022-01-21,"SZ","Eswatini","Africa",28,68003,1,1366
2022-01-22,"SZ","Eswatini","Africa",44,68047,0,1366
2022-01-23,"SZ","Eswatini","Africa",14,68061,1,1367
2022-01-24,"SZ","Eswatini","Africa",20,68081,2,1369
2022-01-25,"SZ","Eswatini","Africa",37,68118,1,1370
2022-01-26,"SZ","Eswatini","Africa",46,68164,0,1370
2022-01-27,"SZ","Eswatini","Africa",41,68205,1,1371
2022-01-28,"SZ","Eswatini","Africa",34,68239,2,1373
2022-01-29,"SZ","Eswatini","Africa",62,68301,0,1373
2022-01-30,"SZ","Eswatini","Africa",28,68329,1,1374
2022-01-31,"SZ","Eswatini","Africa",13,68342,1,1375
2022-02-01,"SZ","Eswatini","Africa",25,68367,0,1375
2022-02-02,"SZ","Eswatini","Africa",56,68423,0,1375
2022-02-03,"SZ","Eswatini","Africa",31,68454,1,1376
2022-02-04,"SZ","Eswatini","Africa",51,68505,0,1376
2022-02-05,"SZ","Eswatini","Africa",35,68540,1,1377
2022-02-06,"SZ","Eswatini","Africa",11,68551,0,1377
2022-02-07,"SZ","Eswatini","Africa",2,68553,1,1378
2022-02-08,"SZ","Eswatini","Africa",26,68579,0,1378
2022-02-09,"SZ","Eswatini","Africa",82,68661,2,1380
2022-02-10,"SZ","Eswatini","Africa",41,68702,1,1381
2022-02-11,"SZ","Eswatini","Africa",25,68727,0,1381
2022-02-12,"SZ","Eswatini","Africa",35,68762,1,1382
2022-02-13,"SZ","Eswatini","Africa",19,68781,1,1383
2022-02-14,"SZ","Eswatini","Africa",14,68795,0,1383
2022-02-15,"SZ","Eswatini","Africa",20,68815,1,1384
2022-02-16,"SZ","Eswatini","Africa",43,68858,0,1384
2022-02-17,"SZ","Eswatini","Africa",42,68900,2,1386
2022-02-18,"SZ","Eswatini","Africa",25,68925,0,1386
2022-02-19,"SZ","Eswatini","Africa",32,68957,0,1386
2022-02-20,"SZ","Eswatini","Africa",15,68972,2,1388
2022-02-21,"SZ","Eswatini","Africa",6,68978,0,1388
2022-02-22,"SZ","Eswatini","Africa",15,68993,1,1389
2022-02-23,"SZ","Eswatini","Africa",28,69021,1,1390
2022-02-24,"SZ","Eswatini","Africa",29,69050,0,1390
2022-02-25,"SZ","Eswatini","Africa",45,69095,0,1390
2022-02-26,"SZ","Eswatini","Africa",24,69119,0,1390
2022-02-27,"SZ","Eswatini","Africa",6,69125,0,1390
2022-02-28,"SZ","Eswatini","Africa",5,69130,0,1390
2022-03-01,"SZ","Eswatini","Africa",30,69160,0,1390
2022-03-02,"SZ","Eswatini","Africa",31,69191,0,1390
2022-03-03,"SZ","Eswatini","Africa",20,69211,0,1390
2022-03-04,"SZ","Eswatini","Africa",47,69258,1,1391
2022-03-05,"SZ","Eswatini","Africa",32,69290,0,1391
2022-03-06,"SZ","Eswatini","Africa",7,69297,0,1391
2021-12-06,"ET","Ethiopia","Africa",125,372215,6,6800
2021-12-07,"ET","Ethiopia","Africa",119,372334,4,6804
2021-12-08,"ET","Ethiopia","Africa",128,372462,4,6808
2021-12-09,"ET","Ethiopia","Africa",126,372588,8,6816
2021-12-10,"ET","Ethiopia","Africa",123,372711,3,6819
2021-12-11,"ET","Ethiopia","Africa",157,372868,3,6822
2021-12-12,"ET","Ethiopia","Africa",132,373000,7,6829
2021-12-13,"ET","Ethiopia","Africa",115,373115,0,6829
2021-12-14,"ET","Ethiopia","Africa",125,373240,4,6833
2021-12-15,"ET","Ethiopia","Africa",324,373564,9,6842
2021-12-16,"ET","Ethiopia","Africa",296,373860,4,6846
2021-12-17,"ET","Ethiopia","Africa",542,374402,9,6855
2021-12-18,"ET","Ethiopia","Africa",617,375019,4,6859
2021-12-19,"ET","Ethiopia","Africa",791,375810,2,6861
2021-12-20,"ET","Ethiopia","Africa",565,376375,5,6866
2021-12-21,"ET","Ethiopia","Africa",681,377056,6,6872
2021-12-22,"ET","Ethiopia","Africa",2323,379379,5,6877
2021-12-23,"ET","Ethiopia","Africa",2992,382371,3,6880
2021-12-24,"ET","Ethiopia","Africa",3793,386164,5,6885
2021-12-25,"ET","Ethiopia","Africa",4573,390737,3,6888
2021-12-26,"ET","Ethiopia","Africa",5013,395750,6,6894
2021-12-27,"ET","Ethiopia","Africa",2946,398696,4,6898
2021-12-28,"ET","Ethiopia","Africa",0,398696,0,6898
2021-12-29,"ET","Ethiopia","Africa",7049,405745,13,6911
2021-12-30,"ET","Ethiopia","Africa",4700,410445,5,6916
2021-12-31,"ET","Ethiopia","Africa",4998,415443,10,6926
2022-01-01,"ET","Ethiopia","Africa",0,415443,0,6926
2022-01-02,"ET","Ethiopia","Africa",8897,424340,21,6947
2022-01-03,"ET","Ethiopia","Africa",2316,426656,11,6958
2022-01-04,"ET","Ethiopia","Africa",2140,428796,11,6969
2022-01-05,"ET","Ethiopia","Africa",4011,432807,12,6981
2022-01-06,"ET","Ethiopia","Africa",3779,436586,7,6988
2022-01-07,"ET","Ethiopia","Africa",3438,440024,17,7005
2022-01-08,"ET","Ethiopia","Africa",2163,442187,7,7012
2022-01-09,"ET","Ethiopia","Africa",1152,443339,8,7020
2022-01-10,"ET","Ethiopia","Africa",785,444124,10,7030
2022-01-11,"ET","Ethiopia","Africa",2144,446268,12,7042
2022-01-12,"ET","Ethiopia","Africa",2460,448728,24,7066
2022-01-13,"ET","Ethiopia","Africa",2269,450997,24,7090
2022-01-14,"ET","Ethiopia","Africa",2131,453128,19,7109
2022-01-15,"ET","Ethiopia","Africa",1428,454556,8,7117
2022-01-16,"ET","Ethiopia","Africa",1723,456279,14,7131
2022-01-17,"ET","Ethiopia","Africa",1043,457322,16,7147
2022-01-18,"ET","Ethiopia","Africa",881,458203,15,7162
2022-01-19,"ET","Ethiopia","Africa",1283,459486,22,7184
2022-01-20,"ET","Ethiopia","Africa",473,459959,6,7190
2022-01-21,"ET","Ethiopia","Africa",643,460602,22,7212
2022-01-22,"ET","Ethiopia","Africa",650,461252,14,7226
2022-01-23,"ET","Ethiopia","Africa",481,461733,10,7236
2022-01-24,"ET","Ethiopia","Africa",374,462107,8,7244
2022-01-25,"ET","Ethiopia","Africa",407,462514,21,7265
2022-01-26,"ET","Ethiopia","Africa",533,463047,15,7280
2022-01-27,"ET","Ethiopia","Africa",418,463465,12,7292
2022-01-28,"ET","Ethiopia","Africa",456,463921,11,7303
2022-01-29,"ET","Ethiopia","Africa",462,464383,8,7311
2022-01-30,"ET","Ethiopia","Africa",371,464754,16,7327
2022-01-31,"ET","Ethiopia","Africa",176,464930,4,7331
2022-02-01,"ET","Ethiopia","Africa",228,465158,6,7337
2022-02-02,"ET","Ethiopia","Africa",319,465477,6,7343
2022-02-03,"ET","Ethiopia","Africa",315,465792,3,7346
2022-02-04,"ET","Ethiopia","Africa",334,466126,7,7353
2022-02-05,"ET","Ethiopia","Africa",163,466289,2,7355
2022-02-06,"ET","Ethiopia","Africa",166,466455,1,7356
2022-02-07,"ET","Ethiopia","Africa",84,466539,7,7363
2022-02-08,"ET","Ethiopia","Africa",138,466677,10,7373
2022-02-09,"ET","Ethiopia","Africa",163,466840,12,7385
2022-02-10,"ET","Ethiopia","Africa",161,467001,12,7397
2022-02-11,"ET","Ethiopia","Africa",152,467153,10,7407
2022-02-12,"ET","Ethiopia","Africa",135,467288,10,7417
2022-02-13,"ET","Ethiopia","Africa",111,467399,4,7421
2022-02-14,"ET","Ethiopia","Africa",99,467498,3,7424
2022-02-15,"ET","Ethiopia","Africa",77,467575,2,7426
2022-02-16,"ET","Ethiopia","Africa",116,467691,2,7428
2022-02-17,"ET","Ethiopia","Africa",169,467860,1,7429
2022-02-18,"ET","Ethiopia","Africa",115,467975,1,7430
2022-02-19,"ET","Ethiopia","Africa",259,468234,5,7435
2022-02-20,"ET","Ethiopia","Africa",50,468284,3,7438
2022-02-21,"ET","Ethiopia","Africa",61,468345,0,7438
2022-02-22,"ET","Ethiopia","Africa",34,468379,2,7440
2022-02-23,"ET","Ethiopia","Africa",47,468426,1,7441
2022-02-24,"ET","Ethiopia","Africa",69,468495,5,7446
2022-02-25,"ET","Ethiopia","Africa",69,468564,4,7450
2022-02-26,"ET","Ethiopia","Africa",42,468606,4,7454
2022-02-27,"ET","Ethiopia","Africa",19,468625,4,7458
2022-02-28,"ET","Ethiopia","Africa",49,468674,2,7460
2022-03-01,"ET","Ethiopia","Africa",53,468727,2,7462
2022-03-02,"ET","Ethiopia","Africa",43,468770,1,7463
2022-03-03,"ET","Ethiopia","Africa",16,468786,4,7467
2022-03-04,"ET","Ethiopia","Africa",64,468850,6,7473
2022-03-05,"ET","Ethiopia","Africa",45,468895,3,7476
2022-03-06,"ET","Ethiopia","Africa",35,468930,0,7476
2021-12-06,"FK","Falkland Islands (Malvinas)","Americas",0,79,0,0
2021-12-07,"FK","Falkland Islands (Malvinas)","Americas",0,79,0,0
2021-12-08,"FK","Falkland Islands (Malvinas)","Americas",0,79,0,0
2021-12-09,"FK","Falkland Islands (Malvinas)","Americas",0,79,0,0
2021-12-10,"FK","Falkland Islands (Malvinas)","Americas",1,80,0,0
2021-12-11,"FK","Falkland Islands (Malvinas)","Americas",0,80,0,0
2021-12-12,"FK","Falkland Islands (Malvinas)","Americas",0,80,0,0
2021-12-13,"FK","Falkland Islands (Malvinas)","Americas",0,80,0,0
2021-12-14,"FK","Falkland Islands (Malvinas)","Americas",0,80,0,0
2021-12-15,"FK","Falkland Islands (Malvinas)","Americas",0,80,0,0
2021-12-16,"FK","Falkland Islands (Malvinas)","Americas",0,80,0,0
2021-12-17,"FK","Falkland Islands (Malvinas)","Americas",0,80,0,0
2021-12-18,"FK","Falkland Islands (Malvinas)","Americas",1,81,0,0
2021-12-19,"FK","Falkland Islands (Malvinas)","Americas",0,81,0,0
2021-12-20,"FK","Falkland Islands (Malvinas)","Americas",0,81,0,0
2021-12-21,"FK","Falkland Islands (Malvinas)","Americas",0,81,0,0
2021-12-22,"FK","Falkland Islands (Malvinas)","Americas",0,81,0,0
2021-12-23,"FK","Falkland Islands (Malvinas)","Americas",0,81,0,0
2021-12-24,"FK","Falkland Islands (Malvinas)","Americas",0,81,0,0
2021-12-25,"FK","Falkland Islands (Malvinas)","Americas",0,81,0,0
2021-12-26,"FK","Falkland Islands (Malvinas)","Americas",0,81,0,0
2021-12-27,"FK","Falkland Islands (Malvinas)","Americas",0,81,0,0
2021-12-28,"FK","Falkland Islands (Malvinas)","Americas",0,81,0,0
2021-12-29,"FK","Falkland Islands (Malvinas)","Americas",0,81,0,0
2021-12-30,"FK","Falkland Islands (Malvinas)","Americas",0,81,0,0
2021-12-31,"FK","Falkland Islands (Malvinas)","Americas",1,82,0,0
2022-01-01,"FK","Falkland Islands (Malvinas)","Americas",0,82,0,0
2022-01-02,"FK","Falkland Islands (Malvinas)","Americas",0,82,0,0
2022-01-03,"FK","Falkland Islands (Malvinas)","Americas",0,82,0,0
2022-01-04,"FK","Falkland Islands (Malvinas)","Americas",0,82,0,0
2022-01-05,"FK","Falkland Islands (Malvinas)","Americas",2,84,0,0
2022-01-06,"FK","Falkland Islands (Malvinas)","Americas",1,85,0,0
2022-01-07,"FK","Falkland Islands (Malvinas)","Americas",0,85,0,0
2022-01-08,"FK","Falkland Islands (Malvinas)","Americas",0,85,0,0
2022-01-09,"FK","Falkland Islands (Malvinas)","Americas",0,85,0,0
2022-01-10,"FK","Falkland Islands (Malvinas)","Americas",0,85,0,0
2022-01-11,"FK","Falkland Islands (Malvinas)","Americas",0,85,0,0
2022-01-12,"FK","Falkland Islands (Malvinas)","Americas",0,85,0,0
2022-01-13,"FK","Falkland Islands (Malvinas)","Americas",0,85,0,0
2022-01-14,"FK","Falkland Islands (Malvinas)","Americas",0,85,0,0
2022-01-15,"FK","Falkland Islands (Malvinas)","Americas",0,85,0,0
2022-01-16,"FK","Falkland Islands (Malvinas)","Americas",0,85,0,0
2022-01-17,"FK","Falkland Islands (Malvinas)","Americas",0,85,0,0
2022-01-18,"FK","Falkland Islands (Malvinas)","Americas",0,85,0,0
2022-01-19,"FK","Falkland Islands (Malvinas)","Americas",0,85,0,0
2022-01-20,"FK","Falkland Islands (Malvinas)","Americas",1,86,0,0
2022-01-21,"FK","Falkland Islands (Malvinas)","Americas",0,86,0,0
2022-01-22,"FK","Falkland Islands (Malvinas)","Americas",0,86,0,0
2022-01-23,"FK","Falkland Islands (Malvinas)","Americas",0,86,0,0
2022-01-24,"FK","Falkland Islands (Malvinas)","Americas",0,86,0,0
2022-01-25,"FK","Falkland Islands (Malvinas)","Americas",0,86,0,0
2022-01-26,"FK","Falkland Islands (Malvinas)","Americas",0,86,0,0
2022-01-27,"FK","Falkland Islands (Malvinas)","Americas",3,89,0,0
2022-01-28,"FK","Falkland Islands (Malvinas)","Americas",0,89,0,0
2022-01-29,"FK","Falkland Islands (Malvinas)","Americas",0,89,0,0
2022-01-30,"FK","Falkland Islands (Malvinas)","Americas",0,89,0,0
2022-01-31,"FK","Falkland Islands (Malvinas)","Americas",0,89,0,0
2022-02-01,"FK","Falkland Islands (Malvinas)","Americas",0,89,0,0
2022-02-02,"FK","Falkland Islands (Malvinas)","Americas",0,89,0,0
2022-02-03,"FK","Falkland Islands (Malvinas)","Americas",0,89,0,0
2022-02-04,"FK","Falkland Islands (Malvinas)","Americas",2,91,0,0
2022-02-05,"FK","Falkland Islands (Malvinas)","Americas",0,91,0,0
2022-02-06,"FK","Falkland Islands (Malvinas)","Americas",0,91,0,0
2022-02-07,"FK","Falkland Islands (Malvinas)","Americas",0,91,0,0
2022-02-08,"FK","Falkland Islands (Malvinas)","Americas",0,91,0,0
2022-02-09,"FK","Falkland Islands (Malvinas)","Americas",0,91,0,0
2022-02-10,"FK","Falkland Islands (Malvinas)","Americas",0,91,0,0
2022-02-11,"FK","Falkland Islands (Malvinas)","Americas",7,98,0,0
2022-02-12,"FK","Falkland Islands (Malvinas)","Americas",0,98,0,0
2022-02-13,"FK","Falkland Islands (Malvinas)","Americas",0,98,0,0
2022-02-14,"FK","Falkland Islands (Malvinas)","Americas",0,98,0,0
2022-02-15,"FK","Falkland Islands (Malvinas)","Americas",3,101,0,0
2022-02-16,"FK","Falkland Islands (Malvinas)","Americas",4,105,0,0
2022-02-17,"FK","Falkland Islands (Malvinas)","Americas",0,105,0,0
2022-02-18,"FK","Falkland Islands (Malvinas)","Americas",0,105,0,0
2022-02-19,"FK","Falkland Islands (Malvinas)","Americas",0,105,0,0
2022-02-20,"FK","Falkland Islands (Malvinas)","Americas",0,105,0,0
2022-02-21,"FK","Falkland Islands (Malvinas)","Americas",0,105,0,0
2022-02-22,"FK","Falkland Islands (Malvinas)","Americas",0,105,0,0
2022-02-23,"FK","Falkland Islands (Malvinas)","Americas",4,109,0,0
2022-02-24,"FK","Falkland Islands (Malvinas)","Americas",0,109,0,0
2022-02-25,"FK","Falkland Islands (Malvinas)","Americas",0,109,0,0
2022-02-26,"FK","Falkland Islands (Malvinas)","Americas",1,110,0,0
2022-02-27,"FK","Falkland Islands (Malvinas)","Americas",0,110,0,0
2022-02-28,"FK","Falkland Islands (Malvinas)","Americas",0,110,0,0
2022-03-01,"FK","Falkland Islands (Malvinas)","Americas",0,110,0,0
2022-03-02,"FK","Falkland Islands (Malvinas)","Americas",3,113,0,0
2022-03-03,"FK","Falkland Islands (Malvinas)","Americas",0,113,0,0
2022-03-04,"FK","Falkland Islands (Malvinas)","Americas",2,115,0,0
2022-03-05,"FK","Falkland Islands (Malvinas)","Americas",0,115,0,0
2022-03-06,"FK","Falkland Islands (Malvinas)","Americas",0,115,0,0
2021-12-06,"FO","Faroe Islands","Europe",58,3921,0,13
2021-12-07,"FO","Faroe Islands","Europe",41,3962,0,13
2021-12-08,"FO","Faroe Islands","Europe",96,4058,0,13
2021-12-09,"FO","Faroe Islands","Europe",81,4139,0,13
2021-12-10,"FO","Faroe Islands","Europe",78,4217,0,13
2021-12-11,"FO","Faroe Islands","Europe",63,4280,0,13
2021-12-12,"FO","Faroe Islands","Europe",62,4342,0,13
2021-12-13,"FO","Faroe Islands","Europe",35,4377,0,13
2021-12-14,"FO","Faroe Islands","Europe",41,4418,0,13
2021-12-15,"FO","Faroe Islands","Europe",64,4482,0,13
2021-12-16,"FO","Faroe Islands","Europe",44,4526,0,13
2021-12-17,"FO","Faroe Islands","Europe",49,4575,0,13
2021-12-18,"FO","Faroe Islands","Europe",69,4644,0,13
2021-12-19,"FO","Faroe Islands","Europe",61,4705,0,13
2021-12-20,"FO","Faroe Islands","Europe",35,4740,0,13
2021-12-21,"FO","Faroe Islands","Europe",57,4797,0,13
2021-12-22,"FO","Faroe Islands","Europe",100,4897,0,13
2021-12-23,"FO","Faroe Islands","Europe",82,4979,0,13
2021-12-24,"FO","Faroe Islands","Europe",65,5044,0,13
2021-12-25,"FO","Faroe Islands","Europe",76,5120,0,13
2021-12-26,"FO","Faroe Islands","Europe",30,5150,0,13
2021-12-27,"FO","Faroe Islands","Europe",10,5160,0,13
2021-12-28,"FO","Faroe Islands","Europe",106,5266,0,13
2021-12-29,"FO","Faroe Islands","Europe",180,5446,0,13
2021-12-30,"FO","Faroe Islands","Europe",107,5553,0,13
2021-12-31,"FO","Faroe Islands","Europe",216,5769,1,14
2022-01-01,"FO","Faroe Islands","Europe",241,6010,0,14
2022-01-02,"FO","Faroe Islands","Europe",76,6086,0,14
2022-01-03,"FO","Faroe Islands","Europe",39,6125,0,14
2022-01-04,"FO","Faroe Islands","Europe",247,6372,1,15
2022-01-05,"FO","Faroe Islands","Europe",279,6651,0,15
2022-01-06,"FO","Faroe Islands","Europe",209,6860,0,15
2022-01-07,"FO","Faroe Islands","Europe",317,7177,0,15
2022-01-08,"FO","Faroe Islands","Europe",192,7369,0,15
2022-01-09,"FO","Faroe Islands","Europe",190,7559,0,15
2022-01-10,"FO","Faroe Islands","Europe",155,7714,0,15
2022-01-11,"FO","Faroe Islands","Europe",222,7936,0,15
2022-01-12,"FO","Faroe Islands","Europe",382,8318,0,15
2022-01-13,"FO","Faroe Islands","Europe",269,8587,0,15
2022-01-14,"FO","Faroe Islands","Europe",379,8966,0,15
2022-01-15,"FO","Faroe Islands","Europe",390,9356,0,15
2022-01-16,"FO","Faroe Islands","Europe",413,9769,0,15
2022-01-17,"FO","Faroe Islands","Europe",408,10177,0,15
2022-01-18,"FO","Faroe Islands","Europe",415,10592,0,15
2022-01-19,"FO","Faroe Islands","Europe",728,11320,0,15
2022-01-20,"FO","Faroe Islands","Europe",635,11955,0,15
2022-01-21,"FO","Faroe Islands","Europe",727,12682,0,15
2022-01-22,"FO","Faroe Islands","Europe",533,13215,0,15
2022-01-23,"FO","Faroe Islands","Europe",616,13831,2,17
2022-01-24,"FO","Faroe Islands","Europe",518,14349,0,17
2022-01-25,"FO","Faroe Islands","Europe",525,14874,0,17
2022-01-26,"FO","Faroe Islands","Europe",913,15787,0,17
2022-01-27,"FO","Faroe Islands","Europe",857,16644,0,17
2022-01-28,"FO","Faroe Islands","Europe",767,17411,1,18
2022-01-29,"FO","Faroe Islands","Europe",636,18047,0,18
2022-01-30,"FO","Faroe Islands","Europe",575,18622,0,18
2022-01-31,"FO","Faroe Islands","Europe",486,19108,0,18
2022-02-01,"FO","Faroe Islands","Europe",525,19633,0,18
2022-02-02,"FO","Faroe Islands","Europe",1124,20757,1,19
2022-02-03,"FO","Faroe Islands","Europe",710,21467,0,19
2022-02-04,"FO","Faroe Islands","Europe",843,22310,0,19
2022-02-05,"FO","Faroe Islands","Europe",608,22918,1,20
2022-02-06,"FO","Faroe Islands","Europe",677,23595,0,20
2022-02-07,"FO","Faroe Islands","Europe",421,24016,0,20
2022-02-08,"FO","Faroe Islands","Europe",354,24370,0,20
2022-02-09,"FO","Faroe Islands","Europe",1265,25635,0,20
2022-02-10,"FO","Faroe Islands","Europe",685,26320,2,22
2022-02-11,"FO","Faroe Islands","Europe",690,27010,0,22
2022-02-12,"FO","Faroe Islands","Europe",701,27711,0,22
2022-02-13,"FO","Faroe Islands","Europe",719,28430,0,22
2022-02-14,"FO","Faroe Islands","Europe",305,28735,1,23
2022-02-15,"FO","Faroe Islands","Europe",340,29075,1,24
2022-02-16,"FO","Faroe Islands","Europe",945,30020,0,24
2022-02-17,"FO","Faroe Islands","Europe",561,30581,0,24
2022-02-18,"FO","Faroe Islands","Europe",521,31102,0,24
2022-02-19,"FO","Faroe Islands","Europe",356,31458,0,24
2022-02-20,"FO","Faroe Islands","Europe",426,31884,0,24
2022-02-21,"FO","Faroe Islands","Europe",170,32054,0,24
2022-02-22,"FO","Faroe Islands","Europe",241,32295,0,24
2022-02-23,"FO","Faroe Islands","Europe",613,32908,1,25
2022-02-24,"FO","Faroe Islands","Europe",283,33191,0,25
2022-02-25,"FO","Faroe Islands","Europe",407,33598,1,26
2022-02-26,"FO","Faroe Islands","Europe",216,33814,2,28
2022-02-27,"FO","Faroe Islands","Europe",324,34138,0,28
2022-02-28,"FO","Faroe Islands","Europe",109,34247,0,28
2022-03-01,"FO","Faroe Islands","Europe",136,34383,0,28
2022-03-02,"FO","Faroe Islands","Europe",275,34658,0,28
2022-03-03,"FO","Faroe Islands","Europe",0,34658,0,28
2022-03-04,"FO","Faroe Islands","Europe",0,34658,0,28
2022-03-05,"FO","Faroe Islands","Europe",0,34658,0,28
2022-03-06,"FO","Faroe Islands","Europe",0,34658,0,28
2021-12-06,"FJ","Fiji","Western Pacific",9,52552,0,697
2021-12-07,"FJ","Fiji","Western Pacific",10,52562,0,697
2021-12-08,"FJ","Fiji","Western Pacific",3,52565,0,697
2021-12-09,"FJ","Fiji","Western Pacific",2,52567,0,697
2021-12-10,"FJ","Fiji","Western Pacific",5,52572,0,697
2021-12-11,"FJ","Fiji","Western Pacific",5,52577,0,697
2021-12-12,"FJ","Fiji","Western Pacific",7,52584,0,697
2021-12-13,"FJ","Fiji","Western Pacific",5,52589,0,697
2021-12-14,"FJ","Fiji","Western Pacific",4,52593,0,697
2021-12-15,"FJ","Fiji","Western Pacific",5,52598,0,697
2021-12-16,"FJ","Fiji","Western Pacific",6,52604,0,697
2021-12-17,"FJ","Fiji","Western Pacific",0,52604,0,697
2021-12-18,"FJ","Fiji","Western Pacific",19,52623,0,697
2021-12-19,"FJ","Fiji","Western Pacific",0,52623,0,697
2021-12-20,"FJ","Fiji","Western Pacific",23,52646,0,697
2021-12-21,"FJ","Fiji","Western Pacific",5,52651,0,697
2021-12-22,"FJ","Fiji","Western Pacific",7,52658,0,697
2021-12-23,"FJ","Fiji","Western Pacific",48,52706,0,697
2021-12-24,"FJ","Fiji","Western Pacific",40,52746,0,697
2021-12-25,"FJ","Fiji","Western Pacific",69,52815,0,697
2021-12-26,"FJ","Fiji","Western Pacific",0,52815,0,697
2021-12-27,"FJ","Fiji","Western Pacific",129,52944,0,697
2021-12-28,"FJ","Fiji","Western Pacific",79,53023,0,697
2021-12-29,"FJ","Fiji","Western Pacific",115,53138,0,697
2021-12-30,"FJ","Fiji","Western Pacific",194,53332,1,698
2021-12-31,"FJ","Fiji","Western Pacific",0,53332,0,698
2022-01-01,"FJ","Fiji","Western Pacific",559,53891,0,698
2022-01-02,"FJ","Fiji","Western Pacific",538,54429,2,700
2022-01-03,"FJ","Fiji","Western Pacific",405,54834,0,700
2022-01-04,"FJ","Fiji","Western Pacific",219,55053,2,702
2022-01-05,"FJ","Fiji","Western Pacific",224,55277,0,702
2022-01-06,"FJ","Fiji","Western Pacific",372,55649,2,704
2022-01-07,"FJ","Fiji","Western Pacific",0,55649,0,704
2022-01-08,"FJ","Fiji","Western Pacific",996,56645,0,704
2022-01-09,"FJ","Fiji","Western Pacific",743,57388,5,709
2022-01-10,"FJ","Fiji","Western Pacific",368,57756,0,709
2022-01-11,"FJ","Fiji","Western Pacific",93,57849,5,714
2022-01-12,"FJ","Fiji","Western Pacific",438,58287,0,714
2022-01-13,"FJ","Fiji","Western Pacific",204,58491,7,721
2022-01-14,"FJ","Fiji","Western Pacific",0,58491,0,721
2022-01-15,"FJ","Fiji","Western Pacific",734,59225,0,721
2022-01-16,"FJ","Fiji","Western Pacific",193,59418,9,730
2022-01-17,"FJ","Fiji","Western Pacific",38,59456,0,730
2022-01-18,"FJ","Fiji","Western Pacific",329,59785,16,746
2022-01-19,"FJ","Fiji","Western Pacific",377,60162,0,746
2022-01-20,"FJ","Fiji","Western Pacific",347,60509,6,752
2022-01-21,"FJ","Fiji","Western Pacific",203,60712,0,752
2022-01-22,"FJ","Fiji","Western Pacific",219,60931,16,768
2022-01-23,"FJ","Fiji","Western Pacific",0,60931,0,768
2022-01-24,"FJ","Fiji","Western Pacific",50,60981,0,768
2022-01-25,"FJ","Fiji","Western Pacific",987,61968,11,779
2022-01-26,"FJ","Fiji","Western Pacific",0,61968,0,779
2022-01-27,"FJ","Fiji","Western Pacific",235,62203,12,791
2022-01-28,"FJ","Fiji","Western Pacific",126,62329,0,791
2022-01-29,"FJ","Fiji","Western Pacific",44,62373,0,791
2022-01-30,"FJ","Fiji","Western Pacific",0,62373,7,798
2022-01-31,"FJ","Fiji","Western Pacific",22,62395,0,798
2022-02-01,"FJ","Fiji","Western Pacific",460,62855,3,801
2022-02-02,"FJ","Fiji","Western Pacific",280,63135,0,801
2022-02-03,"FJ","Fiji","Western Pacific",12,63147,8,809
2022-02-04,"FJ","Fiji","Western Pacific",59,63206,0,809
2022-02-05,"FJ","Fiji","Western Pacific",68,63274,2,811
2022-02-06,"FJ","Fiji","Western Pacific",0,63274,0,811
2022-02-07,"FJ","Fiji","Western Pacific",7,63281,0,811
2022-02-08,"FJ","Fiji","Western Pacific",75,63356,2,813
2022-02-09,"FJ","Fiji","Western Pacific",6,63362,0,813
2022-02-10,"FJ","Fiji","Western Pacific",36,63398,3,816
2022-02-11,"FJ","Fiji","Western Pacific",61,63459,0,816
2022-02-12,"FJ","Fiji","Western Pacific",17,63476,3,819
2022-02-13,"FJ","Fiji","Western Pacific",0,63476,0,819
2022-02-14,"FJ","Fiji","Western Pacific",25,63501,0,819
2022-02-15,"FJ","Fiji","Western Pacific",8,63509,1,820
2022-02-16,"FJ","Fiji","Western Pacific",6,63515,0,820
2022-02-17,"FJ","Fiji","Western Pacific",28,63543,3,823
2022-02-18,"FJ","Fiji","Western Pacific",57,63600,0,823
2022-02-19,"FJ","Fiji","Western Pacific",24,63624,1,824
2022-02-20,"FJ","Fiji","Western Pacific",0,63624,0,824
2022-02-21,"FJ","Fiji","Western Pacific",0,63624,0,824
2022-02-22,"FJ","Fiji","Western Pacific",26,63650,2,826
2022-02-23,"FJ","Fiji","Western Pacific",2,63652,0,826
2022-02-24,"FJ","Fiji","Western Pacific",35,63687,0,826
2022-02-25,"FJ","Fiji","Western Pacific",0,63687,0,826
2022-02-26,"FJ","Fiji","Western Pacific",69,63756,7,833
2022-02-27,"FJ","Fiji","Western Pacific",0,63756,0,833
2022-02-28,"FJ","Fiji","Western Pacific",71,63827,0,833
2022-03-01,"FJ","Fiji","Western Pacific",103,63930,1,834
2022-03-02,"FJ","Fiji","Western Pacific",7,63937,0,834
2022-03-03,"FJ","Fiji","Western Pacific",62,63999,0,834
2022-03-04,"FJ","Fiji","Western Pacific",0,63999,0,834
2022-03-05,"FJ","Fiji","Western Pacific",0,63999,0,834
2022-03-06,"FJ","Fiji","Western Pacific",5,64004,0,834
2021-12-06,"FI","Finland","Europe",1003,196506,5,1523
2021-12-07,"FI","Finland","Europe",1078,197584,3,1526
2021-12-08,"FI","Finland","Europe",1921,199505,7,1533
2021-12-09,"FI","Finland","Europe",1732,201237,9,1542
2021-12-10,"FI","Finland","Europe",1711,202948,7,1549
2021-12-11,"FI","Finland","Europe",1806,204754,6,1555
2021-12-12,"FI","Finland","Europe",1127,205881,7,1562
2021-12-13,"FI","Finland","Europe",1270,207151,5,1567
2021-12-14,"FI","Finland","Europe",2357,209508,7,1574
2021-12-15,"FI","Finland","Europe",1833,211341,6,1580
2021-12-16,"FI","Finland","Europe",2100,213441,8,1588
2021-12-17,"FI","Finland","Europe",1989,215430,8,1596
2021-12-18,"FI","Finland","Europe",2177,217607,8,1604
2021-12-19,"FI","Finland","Europe",1614,219221,2,1606
2021-12-20,"FI","Finland","Europe",1753,220974,5,1611
2021-12-21,"FI","Finland","Europe",3045,224019,8,1619
2021-12-22,"FI","Finland","Europe",3170,227189,7,1626
2021-12-23,"FI","Finland","Europe",3538,230727,8,1634
2021-12-24,"FI","Finland","Europe",3900,234627,10,1644
2021-12-25,"FI","Finland","Europe",2273,236900,6,1650
2021-12-26,"FI","Finland","Europe",2676,239576,5,1655
2021-12-27,"FI","Finland","Europe",3307,242883,9,1664
2021-12-28,"FI","Finland","Europe",6662,249545,17,1681
2021-12-29,"FI","Finland","Europe",6871,256416,12,1693
2021-12-30,"FI","Finland","Europe",7391,263807,14,1707
2021-12-31,"FI","Finland","Europe",7326,271133,20,1727
2022-01-01,"FI","Finland","Europe",6872,278005,20,1747
2022-01-02,"FI","Finland","Europe",3990,281995,11,1758
2022-01-03,"FI","Finland","Europe",4968,286963,13,1771
2022-01-04,"FI","Finland","Europe",9491,296454,17,1788
2022-01-05,"FI","Finland","Europe",9946,306400,23,1811
2022-01-06,"FI","Finland","Europe",9749,316149,20,1831
2022-01-07,"FI","Finland","Europe",7401,323550,15,1846
2022-01-08,"FI","Finland","Europe",9559,333109,19,1865
2022-01-09,"FI","Finland","Europe",5983,339092,20,1885
2022-01-10,"FI","Finland","Europe",6845,345937,14,1899
2022-01-11,"FI","Finland","Europe",11083,357020,25,1924
2022-01-12,"FI","Finland","Europe",9725,366745,14,1938
2022-01-13,"FI","Finland","Europe",9444,376189,20,1958
2022-01-14,"FI","Finland","Europe",8674,384863,20,1978
2022-01-15,"FI","Finland","Europe",8672,393535,22,2000
2022-01-16,"FI","Finland","Europe",5868,399403,19,2019
2022-01-17,"FI","Finland","Europe",6470,405873,19,2038
2022-01-18,"FI","Finland","Europe",10930,416803,26,2064
2022-01-19,"FI","Finland","Europe",9680,426483,14,2078
2022-01-20,"FI","Finland","Europe",9107,435590,16,2094
2022-01-21,"FI","Finland","Europe",8704,444294,19,2113
2022-01-22,"FI","Finland","Europe",7904,452198,14,2127
2022-01-23,"FI","Finland","Europe",4652,456850,13,2140
2022-01-24,"FI","Finland","Europe",5184,462034,10,2150
2022-01-25,"FI","Finland","Europe",10150,472184,26,2176
2022-01-26,"FI","Finland","Europe",8469,480653,13,2189
2022-01-27,"FI","Finland","Europe",7046,487699,21,2210
2022-01-28,"FI","Finland","Europe",7014,494713,20,2230
2022-01-29,"FI","Finland","Europe",6499,501212,20,2250
2022-01-30,"FI","Finland","Europe",4183,505395,11,2261
2022-01-31,"FI","Finland","Europe",4323,509718,9,2270
2022-02-01,"FI","Finland","Europe",8889,518607,27,2297
2022-02-02,"FI","Finland","Europe",7600,526207,19,2316
2022-02-03,"FI","Finland","Europe",7187,533394,28,2344
2022-02-04,"FI","Finland","Europe",6528,539922,22,2366
2022-02-05,"FI","Finland","Europe",6111,546033,18,2384
2022-02-06,"FI","Finland","Europe",3595,549628,21,2405
2022-02-07,"FI","Finland","Europe",4322,553950,8,2413
2022-02-08,"FI","Finland","Europe",9251,563201,21,2434
2022-02-09,"FI","Finland","Europe",7926,571127,9,2443
2022-02-10,"FI","Finland","Europe",7308,578435,14,2457
2022-02-11,"FI","Finland","Europe",6710,585145,19,2476
2022-02-12,"FI","Finland","Europe",6120,591265,16,2492
2022-02-13,"FI","Finland","Europe",3665,594930,14,2506
2022-02-14,"FI","Finland","Europe",4223,599153,8,2514
2022-02-15,"FI","Finland","Europe",8185,607338,12,2526
2022-02-16,"FI","Finland","Europe",7021,614359,16,2542
2022-02-17,"FI","Finland","Europe",6931,621290,10,2552
2022-02-18,"FI","Finland","Europe",6501,627791,19,2571
2022-02-19,"FI","Finland","Europe",6181,633972,11,2582
2022-02-20,"FI","Finland","Europe",3608,637580,8,2590
2022-02-21,"FI","Finland","Europe",3952,641532,10,2600
2022-02-22,"FI","Finland","Europe",7838,649370,11,2611
2022-02-23,"FI","Finland","Europe",4521,653891,5,2616
2022-02-24,"FI","Finland","Europe",4563,658454,12,2628
2022-02-25,"FI","Finland","Europe",4248,662702,3,2631
2022-02-26,"FI","Finland","Europe",3594,666296,3,2634
2022-02-27,"FI","Finland","Europe",1409,667705,0,2634
2022-02-28,"FI","Finland","Europe",3641,671346,3,2637
2022-03-01,"FI","Finland","Europe",8217,679563,6,2643
2022-03-02,"FI","Finland","Europe",6775,686338,5,2648
2022-03-03,"FI","Finland","Europe",6656,692994,1,2649
2022-03-04,"FI","Finland","Europe",6001,698995,3,2652
2022-03-05,"FI","Finland","Europe",4648,703643,0,2652
2022-03-06,"FI","Finland","Europe",2501,706144,1,2653
2021-12-06,"FR","France","Europe",42222,7682100,29,117047
2021-12-07,"FR","France","Europe",8530,7690630,184,117231
2021-12-08,"FR","France","Europe",58796,7749426,171,117402
2021-12-09,"FR","France","Europe",61148,7810574,122,117524
2021-12-10,"FR","France","Europe",56609,7867183,135,117659
2021-12-11,"FR","France","Europe",55020,7922203,144,117803
2021-12-12,"FR","France","Europe",53647,7975850,65,117868
2021-12-13,"FR","France","Europe",43848,8019698,48,117916
2021-12-14,"FR","France","Europe",8434,8028132,238,118154
2021-12-15,"FR","France","Europe",63123,8091255,148,118302
2021-12-16,"FR","France","Europe",65586,8156841,144,118446
2021-12-17,"FR","France","Europe",60647,8217488,181,118627
2021-12-18,"FR","France","Europe",58128,8275616,162,118789
2021-12-19,"FR","France","Europe",58409,8334025,82,118871
2021-12-20,"FR","France","Europe",48473,8382498,75,118946
2021-12-21,"FR","France","Europe",14470,8396968,220,119166
2021-12-22,"FR","France","Europe",72634,8469602,224,119390
2021-12-23,"FR","France","Europe",79567,8549169,162,119552
2021-12-24,"FR","France","Europe",91288,8640457,176,119728
2021-12-25,"FR","France","Europe",93532,8733989,165,119893
2021-12-26,"FR","France","Europe",104505,8838494,81,119974
2021-12-27,"FR","France","Europe",27697,8866191,96,120070
2021-12-28,"FR","France","Europe",29767,8895958,254,120324
2021-12-29,"FR","France","Europe",174296,9070254,281,120605
2021-12-30,"FR","France","Europe",207692,9277946,183,120788
2021-12-31,"FR","France","Europe",204636,9482582,174,120962
2022-01-01,"FR","France","Europe",229948,9712530,187,121149
2022-01-02,"FR","France","Europe",219126,9931656,110,121259
2022-01-03,"FR","France","Europe",58432,9990088,91,121350
2022-01-04,"FR","France","Europe",62804,10052892,268,121618
2022-01-05,"FR","France","Europe",261541,10314433,338,121956
2022-01-06,"FR","France","Europe",329558,10643991,246,122202
2022-01-07,"FR","France","Europe",258245,10902236,201,122403
2022-01-08,"FR","France","Europe",322327,11224563,190,122593
2022-01-09,"FR","France","Europe",303669,11528232,142,122735
2022-01-10,"FR","France","Europe",290057,11818289,90,122825
2022-01-11,"FR","France","Europe",88617,11906906,279,123104
2022-01-12,"FR","France","Europe",343164,12250070,319,123423
2022-01-13,"FR","France","Europe",358044,12608114,245,123668
2022-01-14,"FR","France","Europe",299641,12907755,225,123893
2022-01-15,"FR","France","Europe",308908,13216663,179,124072
2022-01-16,"FR","France","Europe",324580,13541243,144,124216
2022-01-17,"FR","France","Europe",278129,13819372,98,124314
2022-01-18,"FR","France","Europe",98892,13918264,296,124610
2022-01-19,"FR","France","Europe",428429,14346693,336,124946
2022-01-20,"FR","France","Europe",432729,14779422,227,125173
2022-01-21,"FR","France","Europe",421807,15201229,240,125413
2022-01-22,"FR","France","Europe",379597,15580826,218,125631
2022-01-23,"FR","France","Europe",387472,15968298,165,125796
2022-01-24,"FR","France","Europe",301339,16269637,115,125911
2022-01-25,"FR","France","Europe",60695,16330332,353,126264
2022-01-26,"FR","France","Europe",500563,16830895,465,126729
2022-01-27,"FR","France","Europe",421898,17252793,253,126982
2022-01-28,"FR","France","Europe",390453,17643246,267,127249
2022-01-29,"FR","France","Europe",337275,17980521,243,127492
2022-01-30,"FR","France","Europe",330747,18311268,173,127665
2022-01-31,"FR","France","Europe",240671,18551939,108,127773
2022-02-01,"FR","France","Europe",82378,18634317,347,128120
2022-02-02,"FR","France","Europe",367424,19001741,342,128462
2022-02-03,"FR","France","Europe",311639,19313380,266,128728
2022-02-04,"FR","France","Europe",274179,19587559,262,128990
2022-02-05,"FR","France","Europe",239755,19827314,353,129343
2022-02-06,"FR","France","Europe",213366,20040680,170,129513
2022-02-07,"FR","France","Europe",149763,20190443,112,129625
2022-02-08,"FR","France","Europe",45694,20236137,417,130042
2022-02-09,"FR","France","Europe",201170,20437307,654,130696
2022-02-10,"FR","France","Europe",176501,20613808,272,130968
2022-02-11,"FR","France","Europe",153009,20766817,370,131338
2022-02-12,"FR","France","Europe",129791,20896608,268,131606
2022-02-13,"FR","France","Europe",117574,21014182,160,131766
2022-02-14,"FR","France","Europe",86562,21100744,107,131873
2022-02-15,"FR","France","Europe",26360,21127104,384,132257
2022-02-16,"FR","France","Europe",118385,21245489,350,132607
2022-02-17,"FR","France","Europe",98697,21344186,276,132883
2022-02-18,"FR","France","Europe",92318,21436504,286,133169
2022-02-19,"FR","France","Europe",78410,21514914,284,133453
2022-02-20,"FR","France","Europe",73008,21587922,145,133598
2022-02-21,"FR","France","Europe",58944,21646866,195,133793
2022-02-22,"FR","France","Europe",3469,21650335,164,133957
2022-02-23,"FR","France","Europe",95944,21746279,274,134231
2022-02-24,"FR","France","Europe",66801,21813080,211,134442
2022-02-25,"FR","France","Europe",66714,21879794,281,134723
2022-02-26,"FR","France","Europe",55715,21935509,179,134902
2022-02-27,"FR","France","Europe",51270,21986779,78,134980
2022-02-28,"FR","France","Europe",42569,22029348,76,135056
2022-03-01,"FR","France","Europe",3447,22032795,206,135262
2022-03-02,"FR","France","Europe",79705,22112500,209,135471
2022-03-03,"FR","France","Europe",56214,22168714,185,135656
2022-03-04,"FR","France","Europe",59935,22228649,179,135835
2022-03-05,"FR","France","Europe",55714,22284363,179,136014
2022-03-06,"FR","France","Europe",52449,22336812,120,136134
2021-12-06,"GF","French Guiana","Americas",0,46142,0,328
2021-12-07,"GF","French Guiana","Americas",63,46205,1,329
2021-12-08,"GF","French Guiana","Americas",56,46261,0,329
2021-12-09,"GF","French Guiana","Americas",43,46304,2,331
2021-12-10,"GF","French Guiana","Americas",61,46365,0,331
2021-12-11,"GF","French Guiana","Americas",56,46421,1,332
2021-12-12,"GF","French Guiana","Americas",0,46421,0,332
2021-12-13,"GF","French Guiana","Americas",0,46421,0,332
2021-12-14,"GF","French Guiana","Americas",0,46421,0,332
2021-12-15,"GF","French Guiana","Americas",169,46590,1,333
2021-12-16,"GF","French Guiana","Americas",0,46590,0,333
2021-12-17,"GF","French Guiana","Americas",100,46690,2,335
2021-12-18,"GF","French Guiana","Americas",0,46690,0,335
2021-12-19,"GF","French Guiana","Americas",42,46732,1,336
2021-12-20,"GF","French Guiana","Americas",0,46732,0,336
2021-12-21,"GF","French Guiana","Americas",109,46841,1,337
2021-12-22,"GF","French Guiana","Americas",69,46910,0,337
2021-12-23,"GF","French Guiana","Americas",102,47012,0,337
2021-12-24,"GF","French Guiana","Americas",117,47129,0,337
2021-12-25,"GF","French Guiana","Americas",100,47229,0,337
2021-12-26,"GF","French Guiana","Americas",0,47229,0,337
2021-12-27,"GF","French Guiana","Americas",0,47229,0,337
2021-12-28,"GF","French Guiana","Americas",103,47332,0,337
2021-12-29,"GF","French Guiana","Americas",299,47631,1,338
2021-12-30,"GF","French Guiana","Americas",407,48038,1,339
2021-12-31,"GF","French Guiana","Americas",361,48399,0,339
2022-01-01,"GF","French Guiana","Americas",538,48937,0,339
2022-01-02,"GF","French Guiana","Americas",0,48937,0,339
2022-01-03,"GF","French Guiana","Americas",0,48937,0,339
2022-01-04,"GF","French Guiana","Americas",834,49771,0,339
2022-01-05,"GF","French Guiana","Americas",0,49771,0,339
2022-01-06,"GF","French Guiana","Americas",2694,52465,0,339
2022-01-07,"GF","French Guiana","Americas",3236,55701,3,342
2022-01-08,"GF","French Guiana","Americas",279,55980,1,343
2022-01-09,"GF","French Guiana","Americas",0,55980,0,343
2022-01-10,"GF","French Guiana","Americas",0,55980,0,343
2022-01-11,"GF","French Guiana","Americas",4510,60490,1,344
2022-01-12,"GF","French Guiana","Americas",1190,61680,0,344
2022-01-13,"GF","French Guiana","Americas",2429,64109,0,344
2022-01-14,"GF","French Guiana","Americas",974,65083,0,344
2022-01-15,"GF","French Guiana","Americas",2192,67275,0,344
2022-01-16,"GF","French Guiana","Americas",0,67275,4,348
2022-01-17,"GF","French Guiana","Americas",0,67275,0,348
2022-01-18,"GF","French Guiana","Americas",2106,69381,0,348
2022-01-19,"GF","French Guiana","Americas",1102,70483,4,352
2022-01-20,"GF","French Guiana","Americas",993,71476,4,356
2022-01-21,"GF","French Guiana","Americas",712,72188,1,357
2022-01-22,"GF","French Guiana","Americas",631,72819,2,359
2022-01-23,"GF","French Guiana","Americas",0,72819,0,359
2022-01-24,"GF","French Guiana","Americas",0,72819,0,359
2022-01-25,"GF","French Guiana","Americas",872,73691,2,361
2022-01-26,"GF","French Guiana","Americas",872,74563,2,363
2022-01-27,"GF","French Guiana","Americas",123,74686,0,363
2022-01-28,"GF","French Guiana","Americas",0,74686,0,363
2022-01-29,"GF","French Guiana","Americas",556,75242,8,371
2022-01-30,"GF","French Guiana","Americas",0,75242,0,371
2022-01-31,"GF","French Guiana","Americas",0,75242,0,371
2022-02-01,"GF","French Guiana","Americas",0,75242,0,371
2022-02-02,"GF","French Guiana","Americas",812,76054,7,378
2022-02-03,"GF","French Guiana","Americas",210,76264,1,379
2022-02-04,"GF","French Guiana","Americas",135,76399,2,381
2022-02-05,"GF","French Guiana","Americas",110,76509,2,383
2022-02-06,"GF","French Guiana","Americas",0,76509,0,383
2022-02-07,"GF","French Guiana","Americas",0,76509,0,383
2022-02-08,"GF","French Guiana","Americas",264,76773,0,383
2022-02-09,"GF","French Guiana","Americas",0,76773,0,383
2022-02-10,"GF","French Guiana","Americas",120,76893,0,383
2022-02-11,"GF","French Guiana","Americas",0,76893,0,383
2022-02-12,"GF","French Guiana","Americas",271,77164,1,384
2022-02-13,"GF","French Guiana","Americas",0,77164,0,384
2022-02-14,"GF","French Guiana","Americas",0,77164,0,384
2022-02-15,"GF","French Guiana","Americas",115,77279,1,385
2022-02-16,"GF","French Guiana","Americas",70,77349,0,385
2022-02-17,"GF","French Guiana","Americas",38,77387,0,385
2022-02-18,"GF","French Guiana","Americas",27,77414,1,386
2022-02-19,"GF","French Guiana","Americas",0,77414,0,386
2022-02-20,"GF","French Guiana","Americas",40,77454,1,387
2022-02-21,"GF","French Guiana","Americas",0,77454,0,387
2022-02-22,"GF","French Guiana","Americas",78,77532,1,388
2022-02-23,"GF","French Guiana","Americas",43,77575,1,389
2022-02-24,"GF","French Guiana","Americas",32,77607,2,391
2022-02-25,"GF","French Guiana","Americas",18,77625,0,391
2022-02-26,"GF","French Guiana","Americas",27,77652,0,391
2022-02-27,"GF","French Guiana","Americas",0,77652,0,391
2022-02-28,"GF","French Guiana","Americas",0,77652,0,391
2022-03-01,"GF","French Guiana","Americas",0,77652,0,391
2022-03-02,"GF","French Guiana","Americas",81,77733,0,391
2022-03-03,"GF","French Guiana","Americas",0,77733,0,391
2022-03-04,"GF","French Guiana","Americas",32,77765,1,392
2022-03-05,"GF","French Guiana","Americas",17,77782,1,393
2022-03-06,"GF","French Guiana","Americas",0,77782,0,393
2021-12-06,"PF","French Polynesia","Western Pacific",0,46324,0,636
2021-12-07,"PF","French Polynesia","Western Pacific",8,46332,0,636
2021-12-08,"PF","French Polynesia","Western Pacific",0,46332,0,636
2021-12-09,"PF","French Polynesia","Western Pacific",2,46334,0,636
2021-12-10,"PF","French Polynesia","Western Pacific",0,46334,0,636
2021-12-11,"PF","French Polynesia","Western Pacific",0,46334,0,636
2021-12-12,"PF","French Polynesia","Western Pacific",0,46334,0,636
2021-12-13,"PF","French Polynesia","Western Pacific",0,46334,0,636
2021-12-14,"PF","French Polynesia","Western Pacific",0,46334,0,636
2021-12-15,"PF","French Polynesia","Western Pacific",1,46335,0,636
2021-12-16,"PF","French Polynesia","Western Pacific",7,46342,0,636
2021-12-17,"PF","French Polynesia","Western Pacific",0,46342,0,636
2021-12-18,"PF","French Polynesia","Western Pacific",0,46342,0,636
2021-12-19,"PF","French Polynesia","Western Pacific",0,46342,0,636
2021-12-20,"PF","French Polynesia","Western Pacific",0,46342,0,636
2021-12-21,"PF","French Polynesia","Western Pacific",8,46350,0,636
2021-12-22,"PF","French Polynesia","Western Pacific",25,46375,0,636
2021-12-23,"PF","French Polynesia","Western Pacific",1,46376,0,636
2021-12-24,"PF","French Polynesia","Western Pacific",6,46382,0,636
2021-12-25,"PF","French Polynesia","Western Pacific",0,46382,0,636
2021-12-26,"PF","French Polynesia","Western Pacific",0,46382,0,636
2021-12-27,"PF","French Polynesia","Western Pacific",0,46382,0,636
2021-12-28,"PF","French Polynesia","Western Pacific",0,46382,0,636
2021-12-29,"PF","French Polynesia","Western Pacific",0,46382,0,636
2021-12-30,"PF","French Polynesia","Western Pacific",0,46382,0,636
2021-12-31,"PF","French Polynesia","Western Pacific",43,46425,0,636
2022-01-01,"PF","French Polynesia","Western Pacific",0,46425,0,636
2022-01-02,"PF","French Polynesia","Western Pacific",0,46425,0,636
2022-01-03,"PF","French Polynesia","Western Pacific",0,46425,0,636
2022-01-04,"PF","French Polynesia","Western Pacific",49,46474,0,636
2022-01-05,"PF","French Polynesia","Western Pacific",0,46474,0,636
2022-01-06,"PF","French Polynesia","Western Pacific",60,46534,0,636
2022-01-07,"PF","French Polynesia","Western Pacific",0,46534,0,636
2022-01-08,"PF","French Polynesia","Western Pacific",0,46534,0,636
2022-01-09,"PF","French Polynesia","Western Pacific",0,46534,0,636
2022-01-10,"PF","French Polynesia","Western Pacific",0,46534,0,636
2022-01-11,"PF","French Polynesia","Western Pacific",234,46768,0,636
2022-01-12,"PF","French Polynesia","Western Pacific",0,46768,0,636
2022-01-13,"PF","French Polynesia","Western Pacific",0,46768,0,636
2022-01-14,"PF","French Polynesia","Western Pacific",241,47009,0,636
2022-01-15,"PF","French Polynesia","Western Pacific",0,47009,0,636
2022-01-16,"PF","French Polynesia","Western Pacific",0,47009,0,636
2022-01-17,"PF","French Polynesia","Western Pacific",123,47132,0,636
2022-01-18,"PF","French Polynesia","Western Pacific",143,47275,0,636
2022-01-19,"PF","French Polynesia","Western Pacific",0,47275,0,636
2022-01-20,"PF","French Polynesia","Western Pacific",0,47275,0,636
2022-01-21,"PF","French Polynesia","Western Pacific",195,47470,0,636
2022-01-22,"PF","French Polynesia","Western Pacific",186,47656,0,636
2022-01-23,"PF","French Polynesia","Western Pacific",0,47656,0,636
2022-01-24,"PF","French Polynesia","Western Pacific",0,47656,0,636
2022-01-25,"PF","French Polynesia","Western Pacific",138,47794,0,636
2022-01-26,"PF","French Polynesia","Western Pacific",0,47794,0,636
2022-01-27,"PF","French Polynesia","Western Pacific",250,48044,0,636
2022-01-28,"PF","French Polynesia","Western Pacific",0,48044,0,636
2022-01-29,"PF","French Polynesia","Western Pacific",222,48266,0,636
2022-01-30,"PF","French Polynesia","Western Pacific",0,48266,0,636
2022-01-31,"PF","French Polynesia","Western Pacific",0,48266,0,636
2022-02-01,"PF","French Polynesia","Western Pacific",0,48266,0,636
2022-02-02,"PF","French Polynesia","Western Pacific",465,48731,0,636
2022-02-03,"PF","French Polynesia","Western Pacific",790,49521,0,636
2022-02-04,"PF","French Polynesia","Western Pacific",0,49521,0,636
2022-02-05,"PF","French Polynesia","Western Pacific",0,49521,0,636
2022-02-06,"PF","French Polynesia","Western Pacific",0,49521,0,636
2022-02-07,"PF","French Polynesia","Western Pacific",0,49521,0,636
2022-02-08,"PF","French Polynesia","Western Pacific",1058,50579,0,636
2022-02-09,"PF","French Polynesia","Western Pacific",1144,51723,0,636
2022-02-10,"PF","French Polynesia","Western Pacific",0,51723,0,636
2022-02-11,"PF","French Polynesia","Western Pacific",2130,53853,1,637
2022-02-12,"PF","French Polynesia","Western Pacific",0,53853,0,637
2022-02-13,"PF","French Polynesia","Western Pacific",0,53853,0,637
2022-02-14,"PF","French Polynesia","Western Pacific",2805,56658,0,637
2022-02-15,"PF","French Polynesia","Western Pacific",0,56658,0,637
2022-02-16,"PF","French Polynesia","Western Pacific",1602,58260,0,637
2022-02-17,"PF","French Polynesia","Western Pacific",0,58260,0,637
2022-02-18,"PF","French Polynesia","Western Pacific",2456,60716,0,637
2022-02-19,"PF","French Polynesia","Western Pacific",1855,62571,0,637
2022-02-20,"PF","French Polynesia","Western Pacific",0,62571,0,637
2022-02-21,"PF","French Polynesia","Western Pacific",0,62571,0,637
2022-02-22,"PF","French Polynesia","Western Pacific",0,62571,0,637
2022-02-23,"PF","French Polynesia","Western Pacific",1778,64349,0,637
2022-02-24,"PF","French Polynesia","Western Pacific",1234,65583,1,638
2022-02-25,"PF","French Polynesia","Western Pacific",0,65583,0,638
2022-02-26,"PF","French Polynesia","Western Pacific",1116,66699,1,639
2022-02-27,"PF","French Polynesia","Western Pacific",0,66699,0,639
2022-02-28,"PF","French Polynesia","Western Pacific",0,66699,0,639
2022-03-01,"PF","French Polynesia","Western Pacific",952,67651,2,641
2022-03-02,"PF","French Polynesia","Western Pacific",0,67651,0,641
2022-03-03,"PF","French Polynesia","Western Pacific",774,68425,1,642
2022-03-04,"PF","French Polynesia","Western Pacific",0,68425,0,642
2022-03-05,"PF","French Polynesia","Western Pacific",0,68425,0,642
2022-03-06,"PF","French Polynesia","Western Pacific",0,68425,0,642
2021-12-06,"GA","Gabon","Africa",0,37342,0,279
2021-12-07,"GA","Gabon","Africa",169,37511,2,281
2021-12-08,"GA","Gabon","Africa",0,37511,0,281
2021-12-09,"GA","Gabon","Africa",40,37551,0,281
2021-12-10,"GA","Gabon","Africa",0,37551,0,281
2021-12-11,"GA","Gabon","Africa",0,37551,0,281
2021-12-12,"GA","Gabon","Africa",40,37591,1,282
2021-12-13,"GA","Gabon","Africa",0,37591,0,282
2021-12-14,"GA","Gabon","Africa",35,37626,3,285
2021-12-15,"GA","Gabon","Africa",0,37626,0,285
2021-12-16,"GA","Gabon","Africa",55,37681,0,285
2021-12-17,"GA","Gabon","Africa",0,37681,0,285
2021-12-18,"GA","Gabon","Africa",62,37743,0,285
2021-12-19,"GA","Gabon","Africa",0,37743,0,285
2021-12-20,"GA","Gabon","Africa",0,37743,0,285
2021-12-21,"GA","Gabon","Africa",87,37830,1,286
2021-12-22,"GA","Gabon","Africa",0,37830,0,286
2021-12-23,"GA","Gabon","Africa",209,38039,0,286
2021-12-24,"GA","Gabon","Africa",0,38039,0,286
2021-12-25,"GA","Gabon","Africa",0,38039,0,286
2021-12-26,"GA","Gabon","Africa",0,38039,0,286
2021-12-27,"GA","Gabon","Africa",831,38870,1,287
2021-12-28,"GA","Gabon","Africa",1040,39910,1,288
2021-12-29,"GA","Gabon","Africa",0,39910,0,288
2021-12-30,"GA","Gabon","Africa",0,39910,0,288
2021-12-31,"GA","Gabon","Africa",1163,41073,0,288
2022-01-01,"GA","Gabon","Africa",725,41798,0,288
2022-01-02,"GA","Gabon","Africa",0,41798,0,288
2022-01-03,"GA","Gabon","Africa",0,41798,0,288
2022-01-04,"GA","Gabon","Africa",842,42640,2,290
2022-01-05,"GA","Gabon","Africa",0,42640,0,290
2022-01-06,"GA","Gabon","Africa",0,42640,0,290
2022-01-07,"GA","Gabon","Africa",0,42640,0,290
2022-01-08,"GA","Gabon","Africa",1299,43939,5,295
2022-01-09,"GA","Gabon","Africa",0,43939,0,295
2022-01-10,"GA","Gabon","Africa",0,43939,0,295
2022-01-11,"GA","Gabon","Africa",470,44409,0,295
2022-01-12,"GA","Gabon","Africa",0,44409,0,295
2022-01-13,"GA","Gabon","Africa",397,44806,2,297
2022-01-14,"GA","Gabon","Africa",0,44806,0,297
2022-01-15,"GA","Gabon","Africa",346,45152,0,297
2022-01-16,"GA","Gabon","Africa",0,45152,0,297
2022-01-17,"GA","Gabon","Africa",0,45152,0,297
2022-01-18,"GA","Gabon","Africa",253,45405,2,299
2022-01-19,"GA","Gabon","Africa",0,45405,0,299
2022-01-20,"GA","Gabon","Africa",0,45405,0,299
2022-01-21,"GA","Gabon","Africa",258,45663,0,299
2022-01-22,"GA","Gabon","Africa",246,45909,1,300
2022-01-23,"GA","Gabon","Africa",0,45909,0,300
2022-01-24,"GA","Gabon","Africa",0,45909,0,300
2022-01-25,"GA","Gabon","Africa",289,46198,0,300
2022-01-26,"GA","Gabon","Africa",0,46198,0,300
2022-01-27,"GA","Gabon","Africa",271,46469,1,301
2022-01-28,"GA","Gabon","Africa",0,46469,0,301
2022-01-29,"GA","Gabon","Africa",253,46722,0,301
2022-01-30,"GA","Gabon","Africa",0,46722,0,301
2022-01-31,"GA","Gabon","Africa",0,46722,0,301
2022-02-01,"GA","Gabon","Africa",203,46925,0,301
2022-02-02,"GA","Gabon","Africa",0,46925,0,301
2022-02-03,"GA","Gabon","Africa",223,47148,0,301
2022-02-04,"GA","Gabon","Africa",0,47148,0,301
2022-02-05,"GA","Gabon","Africa",0,47148,0,301
2022-02-06,"GA","Gabon","Africa",0,47148,0,301
2022-02-07,"GA","Gabon","Africa",0,47148,0,301
2022-02-08,"GA","Gabon","Africa",214,47362,1,302
2022-02-09,"GA","Gabon","Africa",0,47362,0,302
2022-02-10,"GA","Gabon","Africa",37,47399,0,302
2022-02-11,"GA","Gabon","Africa",0,47399,0,302
2022-02-12,"GA","Gabon","Africa",0,47399,0,302
2022-02-13,"GA","Gabon","Africa",0,47399,0,302
2022-02-14,"GA","Gabon","Africa",0,47399,0,302
2022-02-15,"GA","Gabon","Africa",0,47399,0,302
2022-02-16,"GA","Gabon","Africa",47,47446,0,302
2022-02-17,"GA","Gabon","Africa",0,47446,0,302
2022-02-18,"GA","Gabon","Africa",0,47446,0,302
2022-02-19,"GA","Gabon","Africa",38,47484,1,303
2022-02-20,"GA","Gabon","Africa",0,47484,0,303
2022-02-21,"GA","Gabon","Africa",0,47484,0,303
2022-02-22,"GA","Gabon","Africa",22,47506,0,303
2022-02-23,"GA","Gabon","Africa",0,47506,0,303
2022-02-24,"GA","Gabon","Africa",14,47520,0,303
2022-02-25,"GA","Gabon","Africa",0,47520,0,303
2022-02-26,"GA","Gabon","Africa",0,47520,0,303
2022-02-27,"GA","Gabon","Africa",0,47520,0,303
2022-02-28,"GA","Gabon","Africa",14,47534,0,303
2022-03-01,"GA","Gabon","Africa",9,47543,0,303
2022-03-02,"GA","Gabon","Africa",0,47543,0,303
2022-03-03,"GA","Gabon","Africa",0,47543,0,303
2022-03-04,"GA","Gabon","Africa",0,47543,0,303
2022-03-05,"GA","Gabon","Africa",0,47543,0,303
2022-03-06,"GA","Gabon","Africa",0,47543,0,303
2021-12-06,"GM","Gambia","Africa",6,9998,0,342
2021-12-07,"GM","Gambia","Africa",0,9998,0,342
2021-12-08,"GM","Gambia","Africa",0,9998,0,342
2021-12-09,"GM","Gambia","Africa",0,9998,0,342
2021-12-10,"GM","Gambia","Africa",0,9998,0,342
2021-12-11,"GM","Gambia","Africa",36,10034,0,342
2021-12-12,"GM","Gambia","Africa",0,10034,0,342
2021-12-13,"GM","Gambia","Africa",0,10034,0,342
2021-12-14,"GM","Gambia","Africa",0,10034,0,342
2021-12-15,"GM","Gambia","Africa",11,10045,0,342
2021-12-16,"GM","Gambia","Africa",0,10045,0,342
2021-12-17,"GM","Gambia","Africa",6,10051,0,342
2021-12-18,"GM","Gambia","Africa",0,10051,0,342
2021-12-19,"GM","Gambia","Africa",0,10051,0,342
2021-12-20,"GM","Gambia","Africa",0,10051,0,342
2021-12-21,"GM","Gambia","Africa",27,10078,0,342
2021-12-22,"GM","Gambia","Africa",0,10078,0,342
2021-12-23,"GM","Gambia","Africa",9,10087,0,342
2021-12-24,"GM","Gambia","Africa",0,10087,0,342
2021-12-25,"GM","Gambia","Africa",0,10087,0,342
2021-12-26,"GM","Gambia","Africa",0,10087,0,342
2021-12-27,"GM","Gambia","Africa",49,10136,0,342
2021-12-28,"GM","Gambia","Africa",0,10136,0,342
2021-12-29,"GM","Gambia","Africa",0,10136,0,342
2021-12-30,"GM","Gambia","Africa",0,10136,0,342
2021-12-31,"GM","Gambia","Africa",34,10170,1,343
2022-01-01,"GM","Gambia","Africa",0,10170,0,343
2022-01-02,"GM","Gambia","Africa",0,10170,0,343
2022-01-03,"GM","Gambia","Africa",0,10170,0,343
2022-01-04,"GM","Gambia","Africa",206,10376,0,343
2022-01-05,"GM","Gambia","Africa",0,10376,0,343
2022-01-06,"GM","Gambia","Africa",0,10376,0,343
2022-01-07,"GM","Gambia","Africa",416,10792,0,343
2022-01-08,"GM","Gambia","Africa",0,10792,0,343
2022-01-09,"GM","Gambia","Africa",0,10792,0,343
2022-01-10,"GM","Gambia","Africa",0,10792,0,343
2022-01-11,"GM","Gambia","Africa",330,11122,1,344
2022-01-12,"GM","Gambia","Africa",0,11122,0,344
2022-01-13,"GM","Gambia","Africa",0,11122,0,344
2022-01-14,"GM","Gambia","Africa",0,11122,0,344
2022-01-15,"GM","Gambia","Africa",0,11122,0,344
2022-01-16,"GM","Gambia","Africa",450,11572,3,347
2022-01-17,"GM","Gambia","Africa",0,11572,0,347
2022-01-18,"GM","Gambia","Africa",0,11572,0,347
2022-01-19,"GM","Gambia","Africa",0,11572,0,347
2022-01-20,"GM","Gambia","Africa",0,11572,0,347
2022-01-21,"GM","Gambia","Africa",0,11572,0,347
2022-01-22,"GM","Gambia","Africa",0,11572,0,347
2022-01-23,"GM","Gambia","Africa",0,11572,0,347
2022-01-24,"GM","Gambia","Africa",0,11572,0,347
2022-01-25,"GM","Gambia","Africa",0,11572,0,347
2022-01-26,"GM","Gambia","Africa",0,11572,0,347
2022-01-27,"GM","Gambia","Africa",0,11572,0,347
2022-01-28,"GM","Gambia","Africa",0,11572,0,347
2022-01-29,"GM","Gambia","Africa",270,11842,15,362
2022-01-30,"GM","Gambia","Africa",0,11842,0,362
2022-01-31,"GM","Gambia","Africa",0,11842,0,362
2022-02-01,"GM","Gambia","Africa",21,11863,2,364
2022-02-02,"GM","Gambia","Africa",0,11863,0,364
2022-02-03,"GM","Gambia","Africa",0,11863,0,364
2022-02-04,"GM","Gambia","Africa",17,11880,0,364
2022-02-05,"GM","Gambia","Africa",0,11880,0,364
2022-02-06,"GM","Gambia","Africa",0,11880,0,364
2022-02-07,"GM","Gambia","Africa",0,11880,0,364
2022-02-08,"GM","Gambia","Africa",0,11880,0,364
2022-02-09,"GM","Gambia","Africa",31,11911,1,365
2022-02-10,"GM","Gambia","Africa",0,11911,0,365
2022-02-11,"GM","Gambia","Africa",0,11911,0,365
2022-02-12,"GM","Gambia","Africa",0,11911,0,365
2022-02-13,"GM","Gambia","Africa",0,11911,0,365
2022-02-14,"GM","Gambia","Africa",0,11911,0,365
2022-02-15,"GM","Gambia","Africa",0,11911,0,365
2022-02-16,"GM","Gambia","Africa",13,11924,0,365
2022-02-17,"GM","Gambia","Africa",0,11924,0,365
2022-02-18,"GM","Gambia","Africa",0,11924,0,365
2022-02-19,"GM","Gambia","Africa",0,11924,0,365
2022-02-20,"GM","Gambia","Africa",0,11924,0,365
2022-02-21,"GM","Gambia","Africa",0,11924,0,365
2022-02-22,"GM","Gambia","Africa",0,11924,0,365
2022-02-23,"GM","Gambia","Africa",0,11924,0,365
2022-02-24,"GM","Gambia","Africa",0,11924,0,365
2022-02-25,"GM","Gambia","Africa",0,11924,0,365
2022-02-26,"GM","Gambia","Africa",15,11939,0,365
2022-02-27,"GM","Gambia","Africa",0,11939,0,365
2022-02-28,"GM","Gambia","Africa",0,11939,0,365
2022-03-01,"GM","Gambia","Africa",0,11939,0,365
2022-03-02,"GM","Gambia","Africa",0,11939,0,365
2022-03-03,"GM","Gambia","Africa",9,11948,0,365
2022-03-04,"GM","Gambia","Africa",0,11948,0,365
2022-03-05,"GM","Gambia","Africa",0,11948,0,365
2022-03-06,"GM","Gambia","Africa",0,11948,0,365
2021-12-06,"GE","Georgia","Europe",1778,867071,63,12407
2021-12-07,"GE","Georgia","Europe",4509,871580,59,12466
2021-12-08,"GE","Georgia","Europe",4226,875806,53,12519
2021-12-09,"GE","Georgia","Europe",3562,879368,63,12582
2021-12-10,"GE","Georgia","Europe",3454,882822,49,12631
2021-12-11,"GE","Georgia","Europe",3542,886364,64,12695
2021-12-12,"GE","Georgia","Europe",2922,889286,36,12731
2021-12-13,"GE","Georgia","Europe",1527,890813,46,12777
2021-12-14,"GE","Georgia","Europe",3988,894801,49,12826
2021-12-15,"GE","Georgia","Europe",3278,898079,53,12879
2021-12-16,"GE","Georgia","Europe",3123,901202,39,12918
2021-12-17,"GE","Georgia","Europe",2979,904181,53,12971
2021-12-18,"GE","Georgia","Europe",2784,906965,53,13024
2021-12-19,"GE","Georgia","Europe",2195,909160,47,13071
2021-12-20,"GE","Georgia","Europe",1296,910456,45,13116
2021-12-21,"GE","Georgia","Europe",3282,913738,53,13169
2021-12-22,"GE","Georgia","Europe",2739,916477,52,13221
2021-12-23,"GE","Georgia","Europe",2164,918641,68,13289
2021-12-24,"GE","Georgia","Europe",1976,920617,78,13367
2021-12-25,"GE","Georgia","Europe",2090,922707,76,13443
2021-12-26,"GE","Georgia","Europe",1661,924368,69,13512
2021-12-27,"GE","Georgia","Europe",986,925354,71,13583
2021-12-28,"GE","Georgia","Europe",2676,928030,63,13646
2021-12-29,"GE","Georgia","Europe",2514,930544,61,13707
2021-12-30,"GE","Georgia","Europe",2097,932641,51,13758
2021-12-31,"GE","Georgia","Europe",2100,934741,42,13800
2022-01-01,"GE","Georgia","Europe",2103,936844,60,13860
2022-01-02,"GE","Georgia","Europe",796,937640,45,13905
2022-01-03,"GE","Georgia","Europe",943,938583,37,13942
2022-01-04,"GE","Georgia","Europe",3590,942173,67,14009
2022-01-05,"GE","Georgia","Europe",3436,945609,32,14041
2022-01-06,"GE","Georgia","Europe",3567,949176,41,14082
2022-01-07,"GE","Georgia","Europe",4234,953410,46,14128
2022-01-08,"GE","Georgia","Europe",2622,956032,28,14156
2022-01-09,"GE","Georgia","Europe",3842,959874,31,14187
2022-01-10,"GE","Georgia","Europe",2953,962827,31,14218
2022-01-11,"GE","Georgia","Europe",5486,968313,46,14264
2022-01-12,"GE","Georgia","Europe",5596,973909,47,14311
2022-01-13,"GE","Georgia","Europe",5326,979235,48,14359
2022-01-14,"GE","Georgia","Europe",5567,984802,36,14395
2022-01-15,"GE","Georgia","Europe",5381,990183,30,14425
2022-01-16,"GE","Georgia","Europe",5504,995687,24,14449
2022-01-17,"GE","Georgia","Europe",3656,999343,32,14481
2022-01-18,"GE","Georgia","Europe",7521,1006864,31,14512
2022-01-19,"GE","Georgia","Europe",8728,1015592,43,14555
2022-01-20,"GE","Georgia","Europe",6351,1021943,27,14582
2022-01-21,"GE","Georgia","Europe",8767,1030710,49,14631
2022-01-22,"GE","Georgia","Europe",11039,1041749,42,14673
2022-01-23,"GE","Georgia","Europe",9696,1051445,28,14701
2022-01-24,"GE","Georgia","Europe",7947,1059392,31,14732
2022-01-25,"GE","Georgia","Europe",15762,1075154,42,14774
2022-01-26,"GE","Georgia","Europe",17530,1092684,39,14813
2022-01-27,"GE","Georgia","Europe",17484,1110168,27,14840
2022-01-28,"GE","Georgia","Europe",17066,1127234,30,14870
2022-01-29,"GE","Georgia","Europe",18274,1145508,41,14911
2022-01-30,"GE","Georgia","Europe",17265,1162773,34,14945
2022-01-31,"GE","Georgia","Europe",13150,1175923,35,14980
2022-02-01,"GE","Georgia","Europe",24201,1200124,36,15016
2022-02-02,"GE","Georgia","Europe",26320,1226444,44,15060
2022-02-03,"GE","Georgia","Europe",23664,1250108,42,15102
2022-02-04,"GE","Georgia","Europe",22263,1272371,39,15141
2022-02-05,"GE","Georgia","Europe",23134,1295505,33,15174
2022-02-06,"GE","Georgia","Europe",19098,1314603,38,15212
2022-02-07,"GE","Georgia","Europe",11235,1325838,34,15246
2022-02-08,"GE","Georgia","Europe",24616,1350454,54,15300
2022-02-09,"GE","Georgia","Europe",25161,1375615,51,15351
2022-02-10,"GE","Georgia","Europe",22444,1398059,53,15404
2022-02-11,"GE","Georgia","Europe",19968,1418027,55,15459
2022-02-12,"GE","Georgia","Europe",20326,1438353,57,15516
2022-02-13,"GE","Georgia","Europe",15712,1454065,40,15556
2022-02-14,"GE","Georgia","Europe",7727,1461792,21,15577
2022-02-15,"GE","Georgia","Europe",19049,1480841,51,15628
2022-02-16,"GE","Georgia","Europe",15315,1496156,55,15683
2022-02-17,"GE","Georgia","Europe",15644,1511800,46,15729
2022-02-18,"GE","Georgia","Europe",14405,1526205,42,15771
2022-02-19,"GE","Georgia","Europe",13288,1539493,51,15822
2022-02-20,"GE","Georgia","Europe",9400,1548893,34,15856
2022-02-21,"GE","Georgia","Europe",4775,1553668,32,15888
2022-02-22,"GE","Georgia","Europe",12101,1565769,45,15933
2022-02-23,"GE","Georgia","Europe",10230,1575999,48,15981
2022-02-24,"GE","Georgia","Europe",8455,1584454,41,16022
2022-02-25,"GE","Georgia","Europe",7482,1591936,32,16054
2022-02-26,"GE","Georgia","Europe",6236,1598172,43,16097
2022-02-27,"GE","Georgia","Europe",4835,1603007,41,16138
2022-02-28,"GE","Georgia","Europe",2465,1605472,25,16163
2022-03-01,"GE","Georgia","Europe",6847,1612319,36,16199
2022-03-02,"GE","Georgia","Europe",3840,1616159,32,16231
2022-03-03,"GE","Georgia","Europe",3115,1619274,43,16274
2022-03-04,"GE","Georgia","Europe",1365,1620639,32,16306
2022-03-05,"GE","Georgia","Europe",3033,1623672,32,16338
2022-03-06,"GE","Georgia","Europe",1700,1625372,28,16366
2021-12-06,"DE","Germany","Europe",27836,6185961,81,103121
2021-12-07,"DE","Germany","Europe",36059,6222020,399,103520
2021-12-08,"DE","Germany","Europe",69601,6291621,527,104047
2021-12-09,"DE","Germany","Europe",70611,6362232,465,104512
2021-12-10,"DE","Germany","Europe",61288,6423520,484,104996
2021-12-11,"DE","Germany","Europe",53697,6477217,514,105510
2021-12-12,"DE","Germany","Europe",32646,6509863,128,105638
2021-12-13,"DE","Germany","Europe",21743,6531606,116,105754
2021-12-14,"DE","Germany","Europe",30823,6562429,473,106227
2021-12-15,"DE","Germany","Europe",51301,6613730,453,106680
2021-12-16,"DE","Germany","Europe",56677,6670407,522,107202
2021-12-17,"DE","Germany","Europe",50968,6721375,437,107639
2021-12-18,"DE","Germany","Europe",42813,6764188,414,108053
2021-12-19,"DE","Germany","Europe",29348,6793536,180,108233
2021-12-20,"DE","Germany","Europe",16086,6809622,119,108352
2021-12-21,"DE","Germany","Europe",23428,6833050,462,108814
2021-12-22,"DE","Germany","Europe",45659,6878709,510,109324
2021-12-23,"DE","Germany","Europe",44927,6923636,425,109749
2021-12-24,"DE","Germany","Europe",35431,6959067,370,110119
2021-12-25,"DE","Germany","Europe",22214,6981281,157,110276
2021-12-26,"DE","Germany","Europe",10100,6991381,88,110364
2021-12-27,"DE","Germany","Europe",13908,7005289,69,110433
2021-12-28,"DE","Germany","Europe",21080,7026369,372,110805
2021-12-29,"DE","Germany","Europe",40043,7066412,414,111219
2021-12-30,"DE","Germany","Europe",42770,7109182,383,111602
2021-12-31,"DE","Germany","Europe",41240,7150422,323,111925
2022-01-01,"DE","Germany","Europe",26392,7176814,184,112109
2022-01-02,"DE","Germany","Europe",12515,7189329,46,112155
2022-01-03,"DE","Germany","Europe",18518,7207847,68,112223
2022-01-04,"DE","Germany","Europe",30561,7238408,356,112579
2022-01-05,"DE","Germany","Europe",58912,7297320,346,112925
2022-01-06,"DE","Germany","Europe",64340,7361660,443,113368
2022-01-07,"DE","Germany","Europe",56335,7417995,264,113632
2022-01-08,"DE","Germany","Europe",55889,7473884,268,113900
2022-01-09,"DE","Germany","Europe",36552,7510436,77,113977
2022-01-10,"DE","Germany","Europe",25255,7535691,52,114029
2022-01-11,"DE","Germany","Europe",45690,7581381,322,114351
2022-01-12,"DE","Germany","Europe",80430,7661811,384,114735
2022-01-13,"DE","Germany","Europe",81417,7743228,316,115051
2022-01-14,"DE","Germany","Europe",92223,7835451,286,115337
2022-01-15,"DE","Germany","Europe",78022,7913473,235,115572
2022-01-16,"DE","Germany","Europe",52504,7965977,47,115619
2022-01-17,"DE","Germany","Europe",34145,8000122,30,115649
2022-01-18,"DE","Germany","Europe",74405,8074527,193,115842
2022-01-19,"DE","Germany","Europe",112323,8186850,239,116081
2022-01-20,"DE","Germany","Europe",133536,8320386,234,116315
2022-01-21,"DE","Germany","Europe",140160,8460546,170,116485
2022-01-22,"DE","Germany","Europe",135461,8596007,179,116664
2022-01-23,"DE","Germany","Europe",85440,8681447,54,116718
2022-01-24,"DE","Germany","Europe",63393,8744840,28,116746
2022-01-25,"DE","Germany","Europe",126955,8871795,214,116960
2022-01-26,"DE","Germany","Europe",164000,9035795,166,117126
2022-01-27,"DE","Germany","Europe",203136,9238931,188,117314
2022-01-28,"DE","Germany","Europe",190148,9429079,170,117484
2022-01-29,"DE","Germany","Europe",189166,9618245,182,117666
2022-01-30,"DE","Germany","Europe",118970,9737215,59,117725
2022-01-31,"DE","Germany","Europe",78318,9815533,61,117786
2022-02-01,"DE","Germany","Europe",162613,9978146,188,117974
2022-02-02,"DE","Germany","Europe",208498,10186644,196,118170
2022-02-03,"DE","Germany","Europe",236120,10422764,164,118334
2022-02-04,"DE","Germany","Europe",248838,10671602,170,118504
2022-02-05,"DE","Germany","Europe",217815,10889417,172,118676
2022-02-06,"DE","Germany","Europe",133173,11022590,41,118717
2022-02-07,"DE","Germany","Europe",95267,11117857,49,118766
2022-02-08,"DE","Germany","Europe",169571,11287428,177,118943
2022-02-09,"DE","Germany","Europe",234250,11521678,272,119215
2022-02-10,"DE","Germany","Europe",247862,11769540,238,119453
2022-02-11,"DE","Germany","Europe",240172,12009712,226,119679
2022-02-12,"DE","Germany","Europe",209789,12219501,198,119877
2022-02-13,"DE","Germany","Europe",125160,12344661,58,119935
2022-02-14,"DE","Germany","Europe",76465,12421126,42,119977
2022-02-15,"DE","Germany","Europe",159217,12580343,243,120220
2022-02-16,"DE","Germany","Europe",219972,12800315,247,120467
2022-02-17,"DE","Germany","Europe",235626,13035941,261,120728
2022-02-18,"DE","Germany","Europe",220048,13255989,264,120992
2022-02-19,"DE","Germany","Europe",189105,13445094,210,121202
2022-02-20,"DE","Germany","Europe",118032,13563126,73,121275
2022-02-21,"DE","Germany","Europe",73867,13636993,22,121297
2022-02-22,"DE","Germany","Europe",125902,13762895,306,121603
2022-02-23,"DE","Germany","Europe",209052,13971947,299,121902
2022-02-24,"DE","Germany","Europe",216322,14188269,243,122145
2022-02-25,"DE","Germany","Europe",210743,14399012,226,122371
2022-02-26,"DE","Germany","Europe",175833,14574845,250,122621
2022-02-27,"DE","Germany","Europe",107913,14682758,57,122678
2022-02-28,"DE","Germany","Europe",62349,14745107,24,122702
2022-03-01,"DE","Germany","Europe",122111,14867218,235,122937
2022-03-02,"DE","Germany","Europe",186406,15053624,301,123238
2022-03-03,"DE","Germany","Europe",210673,15264297,267,123505
2022-03-04,"DE","Germany","Europe",217593,15481890,291,123796
2022-03-05,"DE","Germany","Europe",192210,15674100,255,124051
2022-03-06,"DE","Germany","Europe",116889,15790989,51,124102
2021-12-06,"GH","Ghana","Africa",0,130920,0,1209
2021-12-07,"GH","Ghana","Africa",326,131246,19,1228
2021-12-08,"GH","Ghana","Africa",0,131246,0,1228
2021-12-09,"GH","Ghana","Africa",0,131246,0,1228
2021-12-10,"GH","Ghana","Africa",0,131246,0,1228
2021-12-11,"GH","Ghana","Africa",0,131246,0,1228
2021-12-12,"GH","Ghana","Africa",0,131246,0,1228
2021-12-13,"GH","Ghana","Africa",0,131246,0,1228
2021-12-14,"GH","Ghana","Africa",301,131547,15,1243
2021-12-15,"GH","Ghana","Africa",0,131547,0,1243
2021-12-16,"GH","Ghana","Africa",293,131840,10,1253
2021-12-17,"GH","Ghana","Africa",71,131911,2,1255
2021-12-18,"GH","Ghana","Africa",0,131911,0,1255
2021-12-19,"GH","Ghana","Africa",0,131911,0,1255
2021-12-20,"GH","Ghana","Africa",0,131911,0,1255
2021-12-21,"GH","Ghana","Africa",221,132132,2,1257
2021-12-22,"GH","Ghana","Africa",914,133046,6,1263
2021-12-23,"GH","Ghana","Africa",988,134034,4,1267
2021-12-24,"GH","Ghana","Africa",521,134555,2,1269
2021-12-25,"GH","Ghana","Africa",0,134555,0,1269
2021-12-26,"GH","Ghana","Africa",0,134555,0,1269
2021-12-27,"GH","Ghana","Africa",1881,136436,5,1274
2021-12-28,"GH","Ghana","Africa",2521,138957,6,1280
2021-12-29,"GH","Ghana","Africa",1264,140221,3,1283
2021-12-30,"GH","Ghana","Africa",1074,141295,4,1287
2021-12-31,"GH","Ghana","Africa",0,141295,0,1287
2022-01-01,"GH","Ghana","Africa",0,141295,0,1287
2022-01-02,"GH","Ghana","Africa",2702,143997,11,1298
2022-01-03,"GH","Ghana","Africa",1055,145052,5,1303
2022-01-04,"GH","Ghana","Africa",1067,146119,3,1306
2022-01-05,"GH","Ghana","Africa",1084,147203,3,1309
2022-01-06,"GH","Ghana","Africa",876,148079,4,1313
2022-01-07,"GH","Ghana","Africa",0,148079,0,1313
2022-01-08,"GH","Ghana","Africa",0,148079,0,1313
2022-01-09,"GH","Ghana","Africa",1288,149367,6,1319
2022-01-10,"GH","Ghana","Africa",1507,150874,6,1325
2022-01-11,"GH","Ghana","Africa",1369,152243,7,1332
2022-01-12,"GH","Ghana","Africa",0,152243,0,1332
2022-01-13,"GH","Ghana","Africa",486,152729,4,1336
2022-01-14,"GH","Ghana","Africa",0,152729,0,1336
2022-01-15,"GH","Ghana","Africa",0,152729,0,1336
2022-01-16,"GH","Ghana","Africa",785,153514,7,1343
2022-01-17,"GH","Ghana","Africa",0,153514,0,1343
2022-01-18,"GH","Ghana","Africa",0,153514,0,1343
2022-01-19,"GH","Ghana","Africa",676,154190,7,1350
2022-01-20,"GH","Ghana","Africa",0,154190,0,1350
2022-01-21,"GH","Ghana","Africa",701,154891,7,1357
2022-01-22,"GH","Ghana","Africa",0,154891,0,1357
2022-01-23,"GH","Ghana","Africa",0,154891,0,1357
2022-01-24,"GH","Ghana","Africa",605,155496,10,1367
2022-01-25,"GH","Ghana","Africa",169,155665,3,1370
2022-01-26,"GH","Ghana","Africa",0,155665,0,1370
2022-01-27,"GH","Ghana","Africa",607,156272,12,1382
2022-01-28,"GH","Ghana","Africa",120,156392,2,1384
2022-01-29,"GH","Ghana","Africa",123,156515,4,1388
2022-01-30,"GH","Ghana","Africa",175,156690,3,1391
2022-01-31,"GH","Ghana","Africa",115,156805,2,1393
2022-02-01,"GH","Ghana","Africa",115,156920,2,1395
2022-02-02,"GH","Ghana","Africa",0,156920,0,1395
2022-02-03,"GH","Ghana","Africa",0,156920,0,1395
2022-02-04,"GH","Ghana","Africa",300,157220,9,1404
2022-02-05,"GH","Ghana","Africa",0,157220,0,1404
2022-02-06,"GH","Ghana","Africa",321,157541,8,1412
2022-02-07,"GH","Ghana","Africa",0,157541,0,1412
2022-02-08,"GH","Ghana","Africa",210,157751,7,1419
2022-02-09,"GH","Ghana","Africa",0,157751,0,1419
2022-02-10,"GH","Ghana","Africa",0,157751,0,1419
2022-02-11,"GH","Ghana","Africa",0,157751,0,1419
2022-02-12,"GH","Ghana","Africa",0,157751,0,1419
2022-02-13,"GH","Ghana","Africa",0,157751,0,1419
2022-02-14,"GH","Ghana","Africa",0,157751,0,1419
2022-02-15,"GH","Ghana","Africa",166,157917,7,1426
2022-02-16,"GH","Ghana","Africa",121,158038,5,1431
2022-02-17,"GH","Ghana","Africa",121,158159,0,1431
2022-02-18,"GH","Ghana","Africa",61,158220,2,1433
2022-02-19,"GH","Ghana","Africa",0,158220,0,1433
2022-02-20,"GH","Ghana","Africa",0,158220,0,1433
2022-02-21,"GH","Ghana","Africa",0,158220,0,1433
2022-02-22,"GH","Ghana","Africa",214,158434,5,1438
2022-02-23,"GH","Ghana","Africa",572,159006,4,1442
2022-02-24,"GH","Ghana","Africa",118,159124,0,1442
2022-02-25,"GH","Ghana","Africa",0,159124,0,1442
2022-02-26,"GH","Ghana","Africa",0,159124,0,1442
2022-02-27,"GH","Ghana","Africa",0,159124,0,1442
2022-02-28,"GH","Ghana","Africa",0,159124,0,1442
2022-03-01,"GH","Ghana","Africa",904,160028,0,1442
2022-03-02,"GH","Ghana","Africa",0,160028,0,1442
2022-03-03,"GH","Ghana","Africa",0,160028,0,1442
2022-03-04,"GH","Ghana","Africa",0,160028,0,1442
2022-03-05,"GH","Ghana","Africa",0,160028,0,1442
2022-03-06,"GH","Ghana","Africa",0,160028,0,1442
2021-12-06,"GI","Gibraltar","Europe",11,7371,0,99
2021-12-07,"GI","Gibraltar","Europe",5,7376,1,100
2021-12-08,"GI","Gibraltar","Europe",26,7402,0,100
2021-12-09,"GI","Gibraltar","Europe",34,7436,0,100
2021-12-10,"GI","Gibraltar","Europe",27,7463,0,100
2021-12-11,"GI","Gibraltar","Europe",22,7485,0,100
2021-12-12,"GI","Gibraltar","Europe",23,7508,0,100
2021-12-13,"GI","Gibraltar","Europe",17,7525,0,100
2021-12-14,"GI","Gibraltar","Europe",21,7546,0,100
2021-12-15,"GI","Gibraltar","Europe",43,7589,0,100
2021-12-16,"GI","Gibraltar","Europe",40,7629,0,100
2021-12-17,"GI","Gibraltar","Europe",54,7683,0,100
2021-12-18,"GI","Gibraltar","Europe",47,7730,0,100
2021-12-19,"GI","Gibraltar","Europe",48,7778,0,100
2021-12-20,"GI","Gibraltar","Europe",44,7822,0,100
2021-12-21,"GI","Gibraltar","Europe",21,7843,0,100
2021-12-22,"GI","Gibraltar","Europe",59,7902,0,100
2021-12-23,"GI","Gibraltar","Europe",52,7954,0,100
2021-12-24,"GI","Gibraltar","Europe",60,8014,0,100
2021-12-25,"GI","Gibraltar","Europe",70,8084,0,100
2021-12-26,"GI","Gibraltar","Europe",58,8142,0,100
2021-12-27,"GI","Gibraltar","Europe",6,8148,0,100
2021-12-28,"GI","Gibraltar","Europe",72,8220,0,100
2021-12-29,"GI","Gibraltar","Europe",77,8297,0,100
2021-12-30,"GI","Gibraltar","Europe",124,8421,0,100
2021-12-31,"GI","Gibraltar","Europe",112,8533,0,100
2022-01-01,"GI","Gibraltar","Europe",168,8701,0,100
2022-01-02,"GI","Gibraltar","Europe",93,8794,0,100
2022-01-03,"GI","Gibraltar","Europe",27,8821,0,100
2022-01-04,"GI","Gibraltar","Europe",106,8927,0,100
2022-01-05,"GI","Gibraltar","Europe",132,9059,0,100
2022-01-06,"GI","Gibraltar","Europe",168,9227,0,100
2022-01-07,"GI","Gibraltar","Europe",232,9459,0,100
2022-01-08,"GI","Gibraltar","Europe",141,9600,0,100
2022-01-09,"GI","Gibraltar","Europe",118,9718,0,100
2022-01-10,"GI","Gibraltar","Europe",173,9891,0,100
2022-01-11,"GI","Gibraltar","Europe",78,9969,0,100
2022-01-12,"GI","Gibraltar","Europe",127,10096,0,100
2022-01-13,"GI","Gibraltar","Europe",152,10248,0,100
2022-01-14,"GI","Gibraltar","Europe",152,10400,0,100
2022-01-15,"GI","Gibraltar","Europe",149,10549,0,100
2022-01-16,"GI","Gibraltar","Europe",176,10725,0,100
2022-01-17,"GI","Gibraltar","Europe",108,10833,0,100
2022-01-18,"GI","Gibraltar","Europe",102,10935,0,100
2022-01-19,"GI","Gibraltar","Europe",129,11064,0,100
2022-01-20,"GI","Gibraltar","Europe",152,11216,0,100
2022-01-21,"GI","Gibraltar","Europe",176,11392,0,100
2022-01-22,"GI","Gibraltar","Europe",165,11557,0,100
2022-01-23,"GI","Gibraltar","Europe",145,11702,0,100
2022-01-24,"GI","Gibraltar","Europe",133,11835,0,100
2022-01-25,"GI","Gibraltar","Europe",102,11937,0,100
2022-01-26,"GI","Gibraltar","Europe",166,12103,0,100
2022-01-27,"GI","Gibraltar","Europe",174,12277,0,100
2022-01-28,"GI","Gibraltar","Europe",164,12441,0,100
2022-01-29,"GI","Gibraltar","Europe",169,12610,0,100
2022-01-30,"GI","Gibraltar","Europe",142,12752,0,100
2022-01-31,"GI","Gibraltar","Europe",96,12848,0,100
2022-02-01,"GI","Gibraltar","Europe",102,12950,1,101
2022-02-02,"GI","Gibraltar","Europe",135,13085,0,101
2022-02-03,"GI","Gibraltar","Europe",158,13243,0,101
2022-02-04,"GI","Gibraltar","Europe",151,13394,0,101
2022-02-05,"GI","Gibraltar","Europe",73,13467,0,101
2022-02-06,"GI","Gibraltar","Europe",110,13577,0,101
2022-02-07,"GI","Gibraltar","Europe",72,13649,0,101
2022-02-08,"GI","Gibraltar","Europe",91,13740,0,101
2022-02-09,"GI","Gibraltar","Europe",172,13912,0,101
2022-02-10,"GI","Gibraltar","Europe",127,14039,0,101
2022-02-11,"GI","Gibraltar","Europe",129,14168,0,101
2022-02-12,"GI","Gibraltar","Europe",116,14284,0,101
2022-02-13,"GI","Gibraltar","Europe",61,14345,0,101
2022-02-14,"GI","Gibraltar","Europe",0,14345,0,101
2022-02-15,"GI","Gibraltar","Europe",119,14464,0,101
2022-02-16,"GI","Gibraltar","Europe",104,14568,0,101
2022-02-17,"GI","Gibraltar","Europe",138,14706,0,101
2022-02-18,"GI","Gibraltar","Europe",86,14792,0,101
2022-02-19,"GI","Gibraltar","Europe",81,14873,0,101
2022-02-20,"GI","Gibraltar","Europe",0,14873,0,101
2022-02-21,"GI","Gibraltar","Europe",0,14873,0,101
2022-02-22,"GI","Gibraltar","Europe",0,14873,0,101
2022-02-23,"GI","Gibraltar","Europe",218,15091,0,101
2022-02-24,"GI","Gibraltar","Europe",79,15170,0,101
2022-02-25,"GI","Gibraltar","Europe",86,15256,0,101
2022-02-26,"GI","Gibraltar","Europe",57,15313,0,101
2022-02-27,"GI","Gibraltar","Europe",0,15313,0,101
2022-02-28,"GI","Gibraltar","Europe",0,15313,0,101
2022-03-01,"GI","Gibraltar","Europe",115,15428,0,101
2022-03-02,"GI","Gibraltar","Europe",60,15488,0,101
2022-03-03,"GI","Gibraltar","Europe",38,15526,0,101
2022-03-04,"GI","Gibraltar","Europe",47,15573,0,101
2022-03-05,"GI","Gibraltar","Europe",36,15609,0,101
2022-03-06,"GI","Gibraltar","Europe",0,15609,0,101
2021-12-06,"GR","Greece","Europe",3526,966221,79,18595
2021-12-07,"GR","Greece","Europe",4927,971148,121,18716
2021-12-08,"GR","Greece","Europe",7254,978402,99,18815
2021-12-09,"GR","Greece","Europe",5899,984301,86,18901
2021-12-10,"GR","Greece","Europe",5513,989814,81,18982
2021-12-11,"GR","Greece","Europe",5087,994901,103,19085
2021-12-12,"GR","Greece","Europe",4751,999652,72,19157
2021-12-13,"GR","Greece","Europe",3225,1002877,91,19248
2021-12-14,"GR","Greece","Europe",3829,1006706,97,19345
2021-12-15,"GR","Greece","Europe",5953,1012659,130,19475
2021-12-16,"GR","Greece","Europe",4786,1017445,78,19553
2021-12-17,"GR","Greece","Europe",4696,1022141,98,19651
2021-12-18,"GR","Greece","Europe",4761,1026902,85,19736
2021-12-19,"GR","Greece","Europe",4337,1031239,63,19799
2021-12-20,"GR","Greece","Europe",2831,1034070,92,19891
2021-12-21,"GR","Greece","Europe",3689,1037759,85,19976
2021-12-22,"GR","Greece","Europe",6542,1044301,79,20055
2021-12-23,"GR","Greece","Europe",5635,1049936,71,20126
2021-12-24,"GR","Greece","Europe",6647,1056583,72,20198
2021-12-25,"GR","Greece","Europe",7660,1064243,94,20292
2021-12-26,"GR","Greece","Europe",6590,1070833,58,20350
2021-12-27,"GR","Greece","Europe",4036,1074869,79,20429
2021-12-28,"GR","Greece","Europe",9284,1084153,67,20496
2021-12-29,"GR","Greece","Europe",21732,1105885,61,20557
2021-12-30,"GR","Greece","Europe",28828,1134713,79,20636
2021-12-31,"GR","Greece","Europe",35580,1170293,72,20708
2022-01-01,"GR","Greece","Europe",40560,1210853,82,20790
2022-01-02,"GR","Greece","Europe",30009,1240862,59,20849
2022-01-03,"GR","Greece","Europe",17633,1258495,61,20910
2022-01-04,"GR","Greece","Europe",36246,1294741,80,20990
2022-01-05,"GR","Greece","Europe",50182,1344923,63,21053
2022-01-06,"GR","Greece","Europe",43386,1388309,62,21115
2022-01-07,"GR","Greece","Europe",33711,1422020,70,21185
2022-01-08,"GR","Greece","Europe",29334,1451354,78,21263
2022-01-09,"GR","Greece","Europe",37676,1489030,65,21328
2022-01-10,"GR","Greece","Europe",18586,1507616,66,21394
2022-01-11,"GR","Greece","Europe",27766,1535382,85,21479
2022-01-12,"GR","Greece","Europe",32833,1568215,80,21559
2022-01-13,"GR","Greece","Europe",24245,1592460,78,21637
2022-01-14,"GR","Greece","Europe",20409,1612869,95,21732
2022-01-15,"GR","Greece","Europe",19772,1632641,77,21809
2022-01-16,"GR","Greece","Europe",17447,1650088,79,21888
2022-01-17,"GR","Greece","Europe",10786,1660874,96,21984
2022-01-18,"GR","Greece","Europe",18831,1679705,103,22087
2022-01-19,"GR","Greece","Europe",23691,1703396,110,22197
2022-01-20,"GR","Greece","Europe",20100,1723496,88,22285
2022-01-21,"GR","Greece","Europe",18867,1742363,81,22366
2022-01-22,"GR","Greece","Europe",20507,1762870,110,22476
2022-01-23,"GR","Greece","Europe",18333,1781203,73,22549
2022-01-24,"GR","Greece","Europe",12108,1793311,86,22635
2022-01-25,"GR","Greece","Europe",19073,1812384,113,22748
2022-01-26,"GR","Greece","Europe",17879,1830263,104,22852
2022-01-27,"GR","Greece","Europe",17960,1848223,118,22970
2022-01-28,"GR","Greece","Europe",19712,1867935,113,23083
2022-01-29,"GR","Greece","Europe",22361,1890296,112,23195
2022-01-30,"GR","Greece","Europe",19584,1909880,80,23275
2022-01-31,"GR","Greece","Europe",11112,1920992,97,23372
2022-02-01,"GR","Greece","Europe",19731,1940723,128,23500
2022-02-02,"GR","Greece","Europe",24996,1965719,108,23608
2022-02-03,"GR","Greece","Europe",18825,1984544,113,23721
2022-02-04,"GR","Greece","Europe",17662,2002206,112,23833
2022-02-05,"GR","Greece","Europe",18640,2020846,94,23927
2022-02-06,"GR","Greece","Europe",16023,2036869,72,23999
2022-02-07,"GR","Greece","Europe",10980,2047849,95,24094
2022-02-08,"GR","Greece","Europe",18847,2066696,116,24210
2022-02-09,"GR","Greece","Europe",23687,2090383,112,24322
2022-02-10,"GR","Greece","Europe",19616,2109999,88,24410
2022-02-11,"GR","Greece","Europe",19154,2129153,97,24507
2022-02-12,"GR","Greece","Europe",17645,2146798,102,24609
2022-02-13,"GR","Greece","Europe",16442,2163240,70,24679
2022-02-14,"GR","Greece","Europe",10853,2174093,75,24754
2022-02-15,"GR","Greece","Europe",20360,2194453,82,24836
2022-02-16,"GR","Greece","Europe",21958,2216411,81,24917
2022-02-17,"GR","Greece","Europe",19509,2235920,84,25001
2022-02-18,"GR","Greece","Europe",19501,2255421,94,25095
2022-02-19,"GR","Greece","Europe",18604,2274025,88,25183
2022-02-20,"GR","Greece","Europe",15305,2289330,77,25260
2022-02-21,"GR","Greece","Europe",9596,2298926,67,25327
2022-02-22,"GR","Greece","Europe",18088,2317014,90,25417
2022-02-23,"GR","Greece","Europe",19601,2336615,68,25485
2022-02-24,"GR","Greece","Europe",16962,2353577,53,25538
2022-02-25,"GR","Greece","Europe",15819,2369396,65,25603
2022-02-26,"GR","Greece","Europe",15908,2385304,65,25668
2022-02-27,"GR","Greece","Europe",11883,2397187,51,25719
2022-02-28,"GR","Greece","Europe",8214,2405401,66,25785
2022-03-01,"GR","Greece","Europe",16263,2421664,75,25860
2022-03-02,"GR","Greece","Europe",17208,2438872,54,25914
2022-03-03,"GR","Greece","Europe",15557,2454429,58,25972
2022-03-04,"GR","Greece","Europe",15783,2470212,64,26036
2022-03-05,"GR","Greece","Europe",16050,2486262,56,26092
2022-03-06,"GR","Greece","Europe",12997,2499259,51,26143
2021-12-06,"GL","Greenland","Europe",0,1508,0,0
2021-12-07,"GL","Greenland","Europe",41,1549,0,0
2021-12-08,"GL","Greenland","Europe",41,1590,0,0
2021-12-09,"GL","Greenland","Europe",83,1673,0,0
2021-12-10,"GL","Greenland","Europe",28,1701,0,0
2021-12-11,"GL","Greenland","Europe",0,1701,0,0
2021-12-12,"GL","Greenland","Europe",40,1741,0,0
2021-12-13,"GL","Greenland","Europe",42,1783,0,0
2021-12-14,"GL","Greenland","Europe",20,1803,0,0
2021-12-15,"GL","Greenland","Europe",0,1803,0,0
2021-12-16,"GL","Greenland","Europe",36,1839,0,0
2021-12-17,"GL","Greenland","Europe",20,1859,0,0
2021-12-18,"GL","Greenland","Europe",25,1884,0,0
2021-12-19,"GL","Greenland","Europe",27,1911,0,0
2021-12-20,"GL","Greenland","Europe",35,1946,0,0
2021-12-21,"GL","Greenland","Europe",56,2002,0,0
2021-12-22,"GL","Greenland","Europe",52,2054,0,0
2021-12-23,"GL","Greenland","Europe",18,2072,0,0
2021-12-24,"GL","Greenland","Europe",69,2141,1,1
2021-12-25,"GL","Greenland","Europe",0,2141,0,1
2021-12-26,"GL","Greenland","Europe",0,2141,0,1
2021-12-27,"GL","Greenland","Europe",0,2141,0,1
2021-12-28,"GL","Greenland","Europe",114,2255,0,1
2021-12-29,"GL","Greenland","Europe",74,2329,0,1
2021-12-30,"GL","Greenland","Europe",78,2407,0,1
2021-12-31,"GL","Greenland","Europe",94,2501,0,1
2022-01-01,"GL","Greenland","Europe",115,2616,0,1
2022-01-02,"GL","Greenland","Europe",0,2616,0,1
2022-01-03,"GL","Greenland","Europe",0,2616,0,1
2022-01-04,"GL","Greenland","Europe",320,2936,0,1
2022-01-05,"GL","Greenland","Europe",198,3134,0,1
2022-01-06,"GL","Greenland","Europe",270,3404,0,1
2022-01-07,"GL","Greenland","Europe",0,3404,0,1
2022-01-08,"GL","Greenland","Europe",591,3995,0,1
2022-01-09,"GL","Greenland","Europe",504,4499,0,1
2022-01-10,"GL","Greenland","Europe",497,4996,0,1
2022-01-11,"GL","Greenland","Europe",476,5472,1,2
2022-01-12,"GL","Greenland","Europe",524,5996,0,2
2022-01-13,"GL","Greenland","Europe",457,6453,0,2
2022-01-14,"GL","Greenland","Europe",630,7083,0,2
2022-01-15,"GL","Greenland","Europe",0,7083,0,2
2022-01-16,"GL","Greenland","Europe",463,7546,0,2
2022-01-17,"GL","Greenland","Europe",0,7546,0,2
2022-01-18,"GL","Greenland","Europe",479,8025,0,2
2022-01-19,"GL","Greenland","Europe",765,8790,0,2
2022-01-20,"GL","Greenland","Europe",224,9014,2,4
2022-01-21,"GL","Greenland","Europe",242,9256,0,4
2022-01-22,"GL","Greenland","Europe",151,9407,0,4
2022-01-23,"GL","Greenland","Europe",78,9485,0,4
2022-01-24,"GL","Greenland","Europe",0,9485,0,4
2022-01-25,"GL","Greenland","Europe",338,9823,0,4
2022-01-26,"GL","Greenland","Europe",205,10028,0,4
2022-01-27,"GL","Greenland","Europe",129,10157,1,5
2022-01-28,"GL","Greenland","Europe",202,10359,0,5
2022-01-29,"GL","Greenland","Europe",174,10533,0,5
2022-01-30,"GL","Greenland","Europe",94,10627,0,5
2022-01-31,"GL","Greenland","Europe",35,10662,0,5
2022-02-01,"GL","Greenland","Europe",45,10707,1,6
2022-02-02,"GL","Greenland","Europe",114,10821,0,6
2022-02-03,"GL","Greenland","Europe",104,10925,0,6
2022-02-04,"GL","Greenland","Europe",100,11025,0,6
2022-02-05,"GL","Greenland","Europe",52,11077,0,6
2022-02-06,"GL","Greenland","Europe",0,11077,0,6
2022-02-07,"GL","Greenland","Europe",0,11077,0,6
2022-02-08,"GL","Greenland","Europe",199,11276,1,7
2022-02-09,"GL","Greenland","Europe",25,11301,0,7
2022-02-10,"GL","Greenland","Europe",33,11334,0,7
2022-02-11,"GL","Greenland","Europe",76,11410,0,7
2022-02-12,"GL","Greenland","Europe",19,11429,0,7
2022-02-13,"GL","Greenland","Europe",0,11429,0,7
2022-02-14,"GL","Greenland","Europe",0,11429,0,7
2022-02-15,"GL","Greenland","Europe",31,11460,2,9
2022-02-16,"GL","Greenland","Europe",40,11500,1,10
2022-02-17,"GL","Greenland","Europe",48,11548,0,10
2022-02-18,"GL","Greenland","Europe",18,11566,1,11
2022-02-19,"GL","Greenland","Europe",49,11615,1,12
2022-02-20,"GL","Greenland","Europe",0,11615,0,12
2022-02-21,"GL","Greenland","Europe",0,11615,0,12
2022-02-22,"GL","Greenland","Europe",30,11645,1,13
2022-02-23,"GL","Greenland","Europe",0,11645,3,16
2022-02-24,"GL","Greenland","Europe",44,11689,2,18
2022-02-25,"GL","Greenland","Europe",26,11715,0,18
2022-02-26,"GL","Greenland","Europe",10,11725,0,18
2022-02-27,"GL","Greenland","Europe",0,11725,0,18
2022-02-28,"GL","Greenland","Europe",0,11725,0,18
2022-03-01,"GL","Greenland","Europe",22,11747,0,18
2022-03-02,"GL","Greenland","Europe",12,11759,0,18
2022-03-03,"GL","Greenland","Europe",19,11778,0,18
2022-03-04,"GL","Greenland","Europe",28,11806,0,18
2022-03-05,"GL","Greenland","Europe",4,11810,2,20
2022-03-06,"GL","Greenland","Europe",0,11810,0,20
2021-12-06,"GD","Grenada","Americas",1,5908,0,200
2021-12-07,"GD","Grenada","Americas",0,5908,0,200
2021-12-08,"GD","Grenada","Americas",1,5909,0,200
2021-12-09,"GD","Grenada","Americas",1,5910,0,200
2021-12-10,"GD","Grenada","Americas",0,5910,0,200
2021-12-11,"GD","Grenada","Americas",3,5913,0,200
2021-12-12,"GD","Grenada","Americas",0,5913,0,200
2021-12-13,"GD","Grenada","Americas",2,5915,0,200
2021-12-14,"GD","Grenada","Americas",0,5915,0,200
2021-12-15,"GD","Grenada","Americas",0,5915,0,200
2021-12-16,"GD","Grenada","Americas",0,5915,0,200
2021-12-17,"GD","Grenada","Americas",0,5915,0,200
2021-12-18,"GD","Grenada","Americas",4,5919,0,200
2021-12-19,"GD","Grenada","Americas",0,5919,0,200
2021-12-20,"GD","Grenada","Americas",0,5919,0,200
2021-12-21,"GD","Grenada","Americas",1,5920,0,200
2021-12-22,"GD","Grenada","Americas",1,5921,0,200
2021-12-23,"GD","Grenada","Americas",12,5933,0,200
2021-12-24,"GD","Grenada","Americas",7,5940,0,200
2021-12-25,"GD","Grenada","Americas",8,5948,0,200
2021-12-26,"GD","Grenada","Americas",8,5956,0,200
2021-12-27,"GD","Grenada","Americas",0,5956,0,200
2021-12-28,"GD","Grenada","Americas",5,5961,0,200
2021-12-29,"GD","Grenada","Americas",7,5968,0,200
2021-12-30,"GD","Grenada","Americas",41,6009,0,200
2021-12-31,"GD","Grenada","Americas",64,6073,0,200
2022-01-01,"GD","Grenada","Americas",108,6181,0,200
2022-01-02,"GD","Grenada","Americas",118,6299,0,200
2022-01-03,"GD","Grenada","Americas",0,6299,0,200
2022-01-04,"GD","Grenada","Americas",39,6338,0,200
2022-01-05,"GD","Grenada","Americas",193,6531,0,200
2022-01-06,"GD","Grenada","Americas",256,6787,0,200
2022-01-07,"GD","Grenada","Americas",314,7101,0,200
2022-01-08,"GD","Grenada","Americas",276,7377,0,200
2022-01-09,"GD","Grenada","Americas",292,7669,0,200
2022-01-10,"GD","Grenada","Americas",0,7669,0,200
2022-01-11,"GD","Grenada","Americas",0,7669,0,200
2022-01-12,"GD","Grenada","Americas",603,8272,1,201
2022-01-13,"GD","Grenada","Americas",329,8601,0,201
2022-01-14,"GD","Grenada","Americas",365,8966,0,201
2022-01-15,"GD","Grenada","Americas",293,9259,1,202
2022-01-16,"GD","Grenada","Americas",276,9535,1,203
2022-01-17,"GD","Grenada","Americas",166,9701,0,203
2022-01-18,"GD","Grenada","Americas",0,9701,0,203
2022-01-19,"GD","Grenada","Americas",0,9701,0,203
2022-01-20,"GD","Grenada","Americas",726,10427,1,204
2022-01-21,"GD","Grenada","Americas",280,10707,0,204
2022-01-22,"GD","Grenada","Americas",253,10960,1,205
2022-01-23,"GD","Grenada","Americas",230,11190,0,205
2022-01-24,"GD","Grenada","Americas",113,11303,0,205
2022-01-25,"GD","Grenada","Americas",41,11344,0,205
2022-01-26,"GD","Grenada","Americas",322,11666,0,205
2022-01-27,"GD","Grenada","Americas",150,11816,2,207
2022-01-28,"GD","Grenada","Americas",141,11957,3,210
2022-01-29,"GD","Grenada","Americas",133,12090,0,210
2022-01-30,"GD","Grenada","Americas",156,12246,0,210
2022-01-31,"GD","Grenada","Americas",65,12311,0,210
2022-02-01,"GD","Grenada","Americas",25,12336,0,210
2022-02-02,"GD","Grenada","Americas",162,12498,0,210
2022-02-03,"GD","Grenada","Americas",91,12589,1,211
2022-02-04,"GD","Grenada","Americas",109,12698,0,211
2022-02-05,"GD","Grenada","Americas",76,12774,0,211
2022-02-06,"GD","Grenada","Americas",60,12834,0,211
2022-02-07,"GD","Grenada","Americas",28,12862,0,211
2022-02-08,"GD","Grenada","Americas",10,12872,0,211
2022-02-09,"GD","Grenada","Americas",14,12886,0,211
2022-02-10,"GD","Grenada","Americas",155,13041,1,212
2022-02-11,"GD","Grenada","Americas",61,13102,0,212
2022-02-12,"GD","Grenada","Americas",70,13172,1,213
2022-02-13,"GD","Grenada","Americas",70,13242,0,213
2022-02-14,"GD","Grenada","Americas",13,13255,0,213
2022-02-15,"GD","Grenada","Americas",11,13266,0,213
2022-02-16,"GD","Grenada","Americas",107,13373,1,214
2022-02-17,"GD","Grenada","Americas",40,13413,0,214
2022-02-18,"GD","Grenada","Americas",39,13452,0,214
2022-02-19,"GD","Grenada","Americas",39,13491,0,214
2022-02-20,"GD","Grenada","Americas",34,13525,0,214
2022-02-21,"GD","Grenada","Americas",1,13526,0,214
2022-02-22,"GD","Grenada","Americas",6,13532,0,214
2022-02-23,"GD","Grenada","Americas",33,13565,0,214
2022-02-24,"GD","Grenada","Americas",33,13598,0,214
2022-02-25,"GD","Grenada","Americas",28,13626,0,214
2022-02-26,"GD","Grenada","Americas",35,13661,0,214
2022-02-27,"GD","Grenada","Americas",18,13679,2,216
2022-02-28,"GD","Grenada","Americas",0,13679,0,216
2022-03-01,"GD","Grenada","Americas",11,13690,0,216
2022-03-02,"GD","Grenada","Americas",0,13690,0,216
2022-03-03,"GD","Grenada","Americas",0,13690,0,216
2022-03-04,"GD","Grenada","Americas",0,13690,0,216
2022-03-05,"GD","Grenada","Americas",0,13690,0,216
2022-03-06,"GD","Grenada","Americas",0,13690,0,216
2021-12-06,"GP","Guadeloupe","Americas",0,55218,0,825
2021-12-07,"GP","Guadeloupe","Americas",0,55218,0,825
2021-12-08,"GP","Guadeloupe","Americas",0,55218,0,825
2021-12-09,"GP","Guadeloupe","Americas",0,55218,0,825
2021-12-10,"GP","Guadeloupe","Americas",0,55218,0,825
2021-12-11,"GP","Guadeloupe","Americas",157,55375,3,828
2021-12-12,"GP","Guadeloupe","Americas",0,55375,0,828
2021-12-13,"GP","Guadeloupe","Americas",0,55375,0,828
2021-12-14,"GP","Guadeloupe","Americas",0,55375,0,828
2021-12-15,"GP","Guadeloupe","Americas",0,55375,0,828
2021-12-16,"GP","Guadeloupe","Americas",0,55375,0,828
2021-12-17,"GP","Guadeloupe","Americas",0,55375,0,828
2021-12-18,"GP","Guadeloupe","Americas",0,55375,0,828
2021-12-19,"GP","Guadeloupe","Americas",0,55375,0,828
2021-12-20,"GP","Guadeloupe","Americas",0,55375,0,828
2021-12-21,"GP","Guadeloupe","Americas",189,55564,2,830
2021-12-22,"GP","Guadeloupe","Americas",0,55564,0,830
2021-12-23,"GP","Guadeloupe","Americas",0,55564,0,830
2021-12-24,"GP","Guadeloupe","Americas",0,55564,0,830
2021-12-25,"GP","Guadeloupe","Americas",231,55795,1,831
2021-12-26,"GP","Guadeloupe","Americas",0,55795,0,831
2021-12-27,"GP","Guadeloupe","Americas",0,55795,0,831
2021-12-28,"GP","Guadeloupe","Americas",0,55795,0,831
2021-12-29,"GP","Guadeloupe","Americas",0,55795,0,831
2021-12-30,"GP","Guadeloupe","Americas",0,55795,0,831
2021-12-31,"GP","Guadeloupe","Americas",0,55795,0,831
2022-01-01,"GP","Guadeloupe","Americas",720,56515,0,831
2022-01-02,"GP","Guadeloupe","Americas",0,56515,0,831
2022-01-03,"GP","Guadeloupe","Americas",0,56515,0,831
2022-01-04,"GP","Guadeloupe","Americas",0,56515,0,831
2022-01-05,"GP","Guadeloupe","Americas",0,56515,0,831
2022-01-06,"GP","Guadeloupe","Americas",0,56515,0,831
2022-01-07,"GP","Guadeloupe","Americas",0,56515,0,831
2022-01-08,"GP","Guadeloupe","Americas",4138,60653,2,833
2022-01-09,"GP","Guadeloupe","Americas",0,60653,0,833
2022-01-10,"GP","Guadeloupe","Americas",0,60653,0,833
2022-01-11,"GP","Guadeloupe","Americas",0,60653,0,833
2022-01-12,"GP","Guadeloupe","Americas",0,60653,0,833
2022-01-13,"GP","Guadeloupe","Americas",0,60653,0,833
2022-01-14,"GP","Guadeloupe","Americas",0,60653,0,833
2022-01-15,"GP","Guadeloupe","Americas",13007,73660,2,835
2022-01-16,"GP","Guadeloupe","Americas",0,73660,0,835
2022-01-17,"GP","Guadeloupe","Americas",0,73660,0,835
2022-01-18,"GP","Guadeloupe","Americas",0,73660,0,835
2022-01-19,"GP","Guadeloupe","Americas",0,73660,0,835
2022-01-20,"GP","Guadeloupe","Americas",0,73660,0,835
2022-01-21,"GP","Guadeloupe","Americas",0,73660,0,835
2022-01-22,"GP","Guadeloupe","Americas",17089,90749,9,844
2022-01-23,"GP","Guadeloupe","Americas",0,90749,0,844
2022-01-24,"GP","Guadeloupe","Americas",0,90749,0,844
2022-01-25,"GP","Guadeloupe","Americas",0,90749,0,844
2022-01-26,"GP","Guadeloupe","Americas",0,90749,0,844
2022-01-27,"GP","Guadeloupe","Americas",0,90749,0,844
2022-01-28,"GP","Guadeloupe","Americas",0,90749,0,844
2022-01-29,"GP","Guadeloupe","Americas",13430,104179,11,855
2022-01-30,"GP","Guadeloupe","Americas",0,104179,0,855
2022-01-31,"GP","Guadeloupe","Americas",8489,112668,18,873
2022-02-01,"GP","Guadeloupe","Americas",0,112668,0,873
2022-02-02,"GP","Guadeloupe","Americas",0,112668,0,873
2022-02-03,"GP","Guadeloupe","Americas",0,112668,0,873
2022-02-04,"GP","Guadeloupe","Americas",0,112668,0,873
2022-02-05,"GP","Guadeloupe","Americas",0,112668,0,873
2022-02-06,"GP","Guadeloupe","Americas",0,112668,0,873
2022-02-07,"GP","Guadeloupe","Americas",5509,118177,16,889
2022-02-08,"GP","Guadeloupe","Americas",0,118177,0,889
2022-02-09,"GP","Guadeloupe","Americas",0,118177,0,889
2022-02-10,"GP","Guadeloupe","Americas",0,118177,0,889
2022-02-11,"GP","Guadeloupe","Americas",0,118177,0,889
2022-02-12,"GP","Guadeloupe","Americas",0,118177,0,889
2022-02-13,"GP","Guadeloupe","Americas",0,118177,0,889
2022-02-14,"GP","Guadeloupe","Americas",0,118177,0,889
2022-02-15,"GP","Guadeloupe","Americas",0,118177,0,889
2022-02-16,"GP","Guadeloupe","Americas",0,118177,0,889
2022-02-17,"GP","Guadeloupe","Americas",0,118177,0,889
2022-02-18,"GP","Guadeloupe","Americas",0,118177,0,889
2022-02-19,"GP","Guadeloupe","Americas",4034,122211,20,909
2022-02-20,"GP","Guadeloupe","Americas",0,122211,0,909
2022-02-21,"GP","Guadeloupe","Americas",0,122211,0,909
2022-02-22,"GP","Guadeloupe","Americas",0,122211,0,909
2022-02-23,"GP","Guadeloupe","Americas",0,122211,0,909
2022-02-24,"GP","Guadeloupe","Americas",0,122211,0,909
2022-02-25,"GP","Guadeloupe","Americas",0,122211,0,909
2022-02-26,"GP","Guadeloupe","Americas",2317,124528,9,918
2022-02-27,"GP","Guadeloupe","Americas",0,124528,0,918
2022-02-28,"GP","Guadeloupe","Americas",0,124528,0,918
2022-03-01,"GP","Guadeloupe","Americas",0,124528,0,918
2022-03-02,"GP","Guadeloupe","Americas",0,124528,0,918
2022-03-03,"GP","Guadeloupe","Americas",0,124528,0,918
2022-03-04,"GP","Guadeloupe","Americas",0,124528,0,918
2022-03-05,"GP","Guadeloupe","Americas",1728,126256,1,919
2022-03-06,"GP","Guadeloupe","Americas",0,126256,0,919
2021-12-06,"GU","Guam","Western Pacific",21,15178,0,266
2021-12-07,"GU","Guam","Western Pacific",2,15180,1,267
2021-12-08,"GU","Guam","Western Pacific",6,15186,0,267
2021-12-09,"GU","Guam","Western Pacific",0,15186,0,267
2021-12-10,"GU","Guam","Western Pacific",7,15193,0,267
2021-12-11,"GU","Guam","Western Pacific",2,15195,0,267
2021-12-12,"GU","Guam","Western Pacific",0,15195,0,267
2021-12-13,"GU","Guam","Western Pacific",0,15195,0,267
2021-12-14,"GU","Guam","Western Pacific",0,15195,2,269
2021-12-15,"GU","Guam","Western Pacific",23,15218,0,269
2021-12-16,"GU","Guam","Western Pacific",5,15223,0,269
2021-12-17,"GU","Guam","Western Pacific",4,15227,1,270
2021-12-18,"GU","Guam","Western Pacific",0,15227,0,270
2021-12-19,"GU","Guam","Western Pacific",0,15227,0,270
2021-12-20,"GU","Guam","Western Pacific",13,15240,0,270
2021-12-21,"GU","Guam","Western Pacific",3,15243,0,270
2021-12-22,"GU","Guam","Western Pacific",8,15251,0,270
2021-12-23,"GU","Guam","Western Pacific",4,15255,0,270
2021-12-24,"GU","Guam","Western Pacific",5,15260,0,270
2021-12-25,"GU","Guam","Western Pacific",0,15260,0,270
2021-12-26,"GU","Guam","Western Pacific",0,15260,0,270
2021-12-27,"GU","Guam","Western Pacific",0,15260,0,270
2021-12-28,"GU","Guam","Western Pacific",20,15280,0,270
2021-12-29,"GU","Guam","Western Pacific",21,15301,0,270
2021-12-30,"GU","Guam","Western Pacific",0,15301,0,270
2021-12-31,"GU","Guam","Western Pacific",51,15352,0,270
2022-01-01,"GU","Guam","Western Pacific",0,15352,0,270
2022-01-02,"GU","Guam","Western Pacific",0,15352,0,270
2022-01-03,"GU","Guam","Western Pacific",54,15406,0,270
2022-01-04,"GU","Guam","Western Pacific",5,15411,3,273
2022-01-05,"GU","Guam","Western Pacific",97,15508,0,273
2022-01-06,"GU","Guam","Western Pacific",138,15646,0,273
2022-01-07,"GU","Guam","Western Pacific",200,15846,0,273
2022-01-08,"GU","Guam","Western Pacific",172,16018,1,274
2022-01-09,"GU","Guam","Western Pacific",0,16018,0,274
2022-01-10,"GU","Guam","Western Pacific",0,16018,0,274
2022-01-11,"GU","Guam","Western Pacific",0,16018,0,274
2022-01-12,"GU","Guam","Western Pacific",0,16018,0,274
2022-01-13,"GU","Guam","Western Pacific",1182,17200,0,274
2022-01-14,"GU","Guam","Western Pacific",384,17584,0,274
2022-01-15,"GU","Guam","Western Pacific",383,17967,0,274
2022-01-16,"GU","Guam","Western Pacific",0,17967,0,274
2022-01-17,"GU","Guam","Western Pacific",0,17967,0,274
2022-01-18,"GU","Guam","Western Pacific",0,17967,0,274
2022-01-19,"GU","Guam","Western Pacific",1181,19148,0,274
2022-01-20,"GU","Guam","Western Pacific",729,19877,2,276
2022-01-21,"GU","Guam","Western Pacific",690,20567,0,276
2022-01-22,"GU","Guam","Western Pacific",0,20567,0,276
2022-01-23,"GU","Guam","Western Pacific",0,20567,0,276
2022-01-24,"GU","Guam","Western Pacific",0,20567,0,276
2022-01-25,"GU","Guam","Western Pacific",1876,22443,4,280
2022-01-26,"GU","Guam","Western Pacific",140,22583,2,282
2022-01-27,"GU","Guam","Western Pacific",1550,24133,1,283
2022-01-28,"GU","Guam","Western Pacific",723,24856,1,284
2022-01-29,"GU","Guam","Western Pacific",761,25617,1,285
2022-01-30,"GU","Guam","Western Pacific",0,25617,0,285
2022-01-31,"GU","Guam","Western Pacific",0,25617,0,285
2022-02-01,"GU","Guam","Western Pacific",0,25617,5,290
2022-02-02,"GU","Guam","Western Pacific",1907,27524,4,294
2022-02-03,"GU","Guam","Western Pacific",713,28237,2,296
2022-02-04,"GU","Guam","Western Pacific",0,28237,0,296
2022-02-05,"GU","Guam","Western Pacific",0,28237,0,296
2022-02-06,"GU","Guam","Western Pacific",0,28237,0,296
2022-02-07,"GU","Guam","Western Pacific",0,28237,0,296
2022-02-08,"GU","Guam","Western Pacific",2632,30869,2,298
2022-02-09,"GU","Guam","Western Pacific",45,30914,1,299
2022-02-10,"GU","Guam","Western Pacific",1253,32167,4,303
2022-02-11,"GU","Guam","Western Pacific",568,32735,2,305
2022-02-12,"GU","Guam","Western Pacific",0,32735,0,305
2022-02-13,"GU","Guam","Western Pacific",0,32735,0,305
2022-02-14,"GU","Guam","Western Pacific",1405,34140,1,306
2022-02-15,"GU","Guam","Western Pacific",49,34189,1,307
2022-02-16,"GU","Guam","Western Pacific",572,34761,1,308
2022-02-17,"GU","Guam","Western Pacific",0,34761,7,315
2022-02-18,"GU","Guam","Western Pacific",699,35460,0,315
2022-02-19,"GU","Guam","Western Pacific",334,35794,1,316
2022-02-20,"GU","Guam","Western Pacific",0,35794,0,316
2022-02-21,"GU","Guam","Western Pacific",424,36218,0,316
2022-02-22,"GU","Guam","Western Pacific",51,36269,1,317
2022-02-23,"GU","Guam","Western Pacific",319,36588,2,319
2022-02-24,"GU","Guam","Western Pacific",0,36588,1,320
2022-02-25,"GU","Guam","Western Pacific",0,36588,0,320
2022-02-26,"GU","Guam","Western Pacific",0,36588,1,321
2022-02-27,"GU","Guam","Western Pacific",507,37095,0,321
2022-02-28,"GU","Guam","Western Pacific",205,37300,1,322
2022-03-01,"GU","Guam","Western Pacific",0,37300,0,322
2022-03-02,"GU","Guam","Western Pacific",0,37300,2,324
2022-03-03,"GU","Guam","Western Pacific",0,37300,0,324
2022-03-04,"GU","Guam","Western Pacific",0,37300,7,331
2022-03-05,"GU","Guam","Western Pacific",0,37300,0,331
2022-03-06,"GU","Guam","Western Pacific",910,38210,0,331
2021-12-06,"GT","Guatemala","Americas",502,619542,8,15980
2021-12-07,"GT","Guatemala","Americas",310,619852,6,15986
2021-12-08,"GT","Guatemala","Americas",39,619891,6,15992
2021-12-09,"GT","Guatemala","Americas",544,620435,7,15999
2021-12-10,"GT","Guatemala","Americas",418,620853,9,16008
2021-12-11,"GT","Guatemala","Americas",475,621328,12,16020
2021-12-12,"GT","Guatemala","Americas",516,621844,9,16029
2021-12-13,"GT","Guatemala","Americas",324,622168,7,16036
2021-12-14,"GT","Guatemala","Americas",61,622229,8,16044
2021-12-15,"GT","Guatemala","Americas",8,622237,4,16048
2021-12-16,"GT","Guatemala","Americas",288,622525,3,16051
2021-12-17,"GT","Guatemala","Americas",341,622866,6,16057
2021-12-18,"GT","Guatemala","Americas",329,623195,4,16061
2021-12-19,"GT","Guatemala","Americas",254,623449,4,16065
2021-12-20,"GT","Guatemala","Americas",213,623662,2,16067
2021-12-21,"GT","Guatemala","Americas",69,623731,5,16072
2021-12-22,"GT","Guatemala","Americas",64,623795,5,16077
2021-12-23,"GT","Guatemala","Americas",376,624171,4,16081
2021-12-24,"GT","Guatemala","Americas",373,624544,4,16085
2021-12-25,"GT","Guatemala","Americas",322,624866,4,16089
2021-12-26,"GT","Guatemala","Americas",163,625029,6,16095
2021-12-27,"GT","Guatemala","Americas",98,625127,1,16096
2021-12-28,"GT","Guatemala","Americas",39,625166,1,16097
2021-12-29,"GT","Guatemala","Americas",91,625257,1,16098
2021-12-30,"GT","Guatemala","Americas",597,625854,1,16099
2021-12-31,"GT","Guatemala","Americas",821,626675,3,16102
2022-01-01,"GT","Guatemala","Americas",887,627562,4,16106
2022-01-02,"GT","Guatemala","Americas",797,628359,1,16107
2022-01-03,"GT","Guatemala","Americas",230,628589,1,16108
2022-01-04,"GT","Guatemala","Americas",106,628695,1,16109
2022-01-05,"GT","Guatemala","Americas",109,628804,1,16110
2022-01-06,"GT","Guatemala","Americas",1007,629811,1,16111
2022-01-07,"GT","Guatemala","Americas",1919,631730,3,16114
2022-01-08,"GT","Guatemala","Americas",2044,633774,3,16117
2022-01-09,"GT","Guatemala","Americas",1839,635613,1,16118
2022-01-10,"GT","Guatemala","Americas",2050,637663,6,16124
2022-01-11,"GT","Guatemala","Americas",1042,638705,1,16125
2022-01-12,"GT","Guatemala","Americas",343,639048,1,16126
2022-01-13,"GT","Guatemala","Americas",2116,641164,1,16127
2022-01-14,"GT","Guatemala","Americas",2283,643447,1,16128
2022-01-15,"GT","Guatemala","Americas",2872,646319,17,16145
2022-01-16,"GT","Guatemala","Americas",2628,648947,15,16160
2022-01-17,"GT","Guatemala","Americas",2827,651774,15,16175
2022-01-18,"GT","Guatemala","Americas",1397,653171,1,16176
2022-01-19,"GT","Guatemala","Americas",384,653555,3,16179
2022-01-20,"GT","Guatemala","Americas",2901,656456,12,16191
2022-01-21,"GT","Guatemala","Americas",3199,659655,12,16203
2022-01-22,"GT","Guatemala","Americas",3173,662828,20,16223
2022-01-23,"GT","Guatemala","Americas",3189,666017,22,16245
2022-01-24,"GT","Guatemala","Americas",2995,669012,18,16263
2022-01-25,"GT","Guatemala","Americas",818,669830,5,16268
2022-01-26,"GT","Guatemala","Americas",659,670489,4,16272
2022-01-27,"GT","Guatemala","Americas",3070,673559,13,16285
2022-01-28,"GT","Guatemala","Americas",3655,677214,9,16294
2022-01-29,"GT","Guatemala","Americas",4094,681308,23,16317
2022-01-30,"GT","Guatemala","Americas",4234,685542,26,16343
2022-01-31,"GT","Guatemala","Americas",2784,688326,30,16373
2022-02-01,"GT","Guatemala","Americas",1283,689609,6,16379
2022-02-02,"GT","Guatemala","Americas",681,690290,6,16385
2022-02-03,"GT","Guatemala","Americas",4223,694513,16,16401
2022-02-04,"GT","Guatemala","Americas",3872,698385,20,16421
2022-02-05,"GT","Guatemala","Americas",3925,702310,25,16446
2022-02-06,"GT","Guatemala","Americas",3304,705614,24,16470
2022-02-07,"GT","Guatemala","Americas",4296,709910,25,16495
2022-02-08,"GT","Guatemala","Americas",1166,711076,6,16501
2022-02-09,"GT","Guatemala","Americas",981,712057,8,16509
2022-02-10,"GT","Guatemala","Americas",4025,716082,18,16527
2022-02-11,"GT","Guatemala","Americas",4720,720802,15,16542
2022-02-12,"GT","Guatemala","Americas",4899,725701,35,16577
2022-02-13,"GT","Guatemala","Americas",4276,729977,34,16611
2022-02-14,"GT","Guatemala","Americas",3983,733960,16,16627
2022-02-15,"GT","Guatemala","Americas",1139,735099,10,16637
2022-02-16,"GT","Guatemala","Americas",858,735957,6,16643
2022-02-17,"GT","Guatemala","Americas",4054,740011,18,16661
2022-02-18,"GT","Guatemala","Americas",4743,744754,18,16679
2022-02-19,"GT","Guatemala","Americas",4503,749257,30,16709
2022-02-20,"GT","Guatemala","Americas",4024,753281,35,16744
2022-02-21,"GT","Guatemala","Americas",3319,756600,36,16780
2022-02-22,"GT","Guatemala","Americas",988,757588,7,16787
2022-02-23,"GT","Guatemala","Americas",715,758303,7,16794
2022-02-24,"GT","Guatemala","Americas",3793,762096,39,16833
2022-02-25,"GT","Guatemala","Americas",4379,766475,28,16861
2022-02-26,"GT","Guatemala","Americas",3660,770135,45,16906
2022-02-27,"GT","Guatemala","Americas",3440,773575,33,16939
2022-02-28,"GT","Guatemala","Americas",2687,776262,22,16961
2022-03-01,"GT","Guatemala","Americas",729,776991,10,16971
2022-03-02,"GT","Guatemala","Americas",679,777670,6,16977
2022-03-03,"GT","Guatemala","Americas",3145,780815,33,17010
2022-03-04,"GT","Guatemala","Americas",3209,784024,8,17018
2022-03-05,"GT","Guatemala","Americas",2845,786869,11,17029
2022-03-06,"GT","Guatemala","Americas",2485,789354,16,17045
2021-12-06,"GG","Guernsey","Europe",62,4586,0,23
2021-12-07,"GG","Guernsey","Europe",47,4633,0,23
2021-12-08,"GG","Guernsey","Europe",112,4745,0,23
2021-12-09,"GG","Guernsey","Europe",81,4826,0,23
2021-12-10,"GG","Guernsey","Europe",110,4936,0,23
2021-12-11,"GG","Guernsey","Europe",49,4985,0,23
2021-12-12,"GG","Guernsey","Europe",99,5084,0,23
2021-12-13,"GG","Guernsey","Europe",64,5148,0,23
2021-12-14,"GG","Guernsey","Europe",80,5228,0,23
2021-12-15,"GG","Guernsey","Europe",58,5286,0,23
2021-12-16,"GG","Guernsey","Europe",83,5369,0,23
2021-12-17,"GG","Guernsey","Europe",90,5459,0,23
2021-12-18,"GG","Guernsey","Europe",89,5548,0,23
2021-12-19,"GG","Guernsey","Europe",114,5662,0,23
2021-12-20,"GG","Guernsey","Europe",72,5734,0,23
2021-12-21,"GG","Guernsey","Europe",83,5817,0,23
2021-12-22,"GG","Guernsey","Europe",129,5946,0,23
2021-12-23,"GG","Guernsey","Europe",128,6074,0,23
2021-12-24,"GG","Guernsey","Europe",157,6231,0,23
2021-12-25,"GG","Guernsey","Europe",184,6415,0,23
2021-12-26,"GG","Guernsey","Europe",231,6646,0,23
2021-12-27,"GG","Guernsey","Europe",0,6646,0,23
2021-12-28,"GG","Guernsey","Europe",0,6646,0,23
2021-12-29,"GG","Guernsey","Europe",346,6992,1,24
2021-12-30,"GG","Guernsey","Europe",416,7408,0,24
2021-12-31,"GG","Guernsey","Europe",394,7802,0,24
2022-01-01,"GG","Guernsey","Europe",279,8081,0,24
2022-01-02,"GG","Guernsey","Europe",248,8329,0,24
2022-01-03,"GG","Guernsey","Europe",160,8489,0,24
2022-01-04,"GG","Guernsey","Europe",162,8651,1,25
2022-01-05,"GG","Guernsey","Europe",303,8954,0,25
2022-01-06,"GG","Guernsey","Europe",281,9235,1,26
2022-01-07,"GG","Guernsey","Europe",229,9464,0,26
2022-01-08,"GG","Guernsey","Europe",126,9590,2,28
2022-01-09,"GG","Guernsey","Europe",102,9692,0,28
2022-01-10,"GG","Guernsey","Europe",128,9820,0,28
2022-01-11,"GG","Guernsey","Europe",126,9946,0,28
2022-01-12,"GG","Guernsey","Europe",96,10042,2,30
2022-01-13,"GG","Guernsey","Europe",89,10131,0,30
2022-01-14,"GG","Guernsey","Europe",97,10228,0,30
2022-01-15,"GG","Guernsey","Europe",86,10314,0,30
2022-01-16,"GG","Guernsey","Europe",57,10371,0,30
2022-01-17,"GG","Guernsey","Europe",44,10415,0,30
2022-01-18,"GG","Guernsey","Europe",26,10441,0,30
2022-01-19,"GG","Guernsey","Europe",64,10505,0,30
2022-01-20,"GG","Guernsey","Europe",55,10560,0,30
2022-01-21,"GG","Guernsey","Europe",50,10610,0,30
2022-01-22,"GG","Guernsey","Europe",28,10638,0,30
2022-01-23,"GG","Guernsey","Europe",51,10689,0,30
2022-01-24,"GG","Guernsey","Europe",29,10718,0,30
2022-01-25,"GG","Guernsey","Europe",39,10757,0,30
2022-01-26,"GG","Guernsey","Europe",91,10848,0,30
2022-01-27,"GG","Guernsey","Europe",73,10921,0,30
2022-01-28,"GG","Guernsey","Europe",73,10994,0,30
2022-01-29,"GG","Guernsey","Europe",69,11063,0,30
2022-01-30,"GG","Guernsey","Europe",73,11136,0,30
2022-01-31,"GG","Guernsey","Europe",57,11193,0,30
2022-02-01,"GG","Guernsey","Europe",68,11261,0,30
2022-02-02,"GG","Guernsey","Europe",67,11328,0,30
2022-02-03,"GG","Guernsey","Europe",149,11477,0,30
2022-02-04,"GG","Guernsey","Europe",112,11589,1,31
2022-02-05,"GG","Guernsey","Europe",108,11697,0,31
2022-02-06,"GG","Guernsey","Europe",80,11777,0,31
2022-02-07,"GG","Guernsey","Europe",72,11849,0,31
2022-02-08,"GG","Guernsey","Europe",97,11946,0,31
2022-02-09,"GG","Guernsey","Europe",146,12092,0,31
2022-02-10,"GG","Guernsey","Europe",114,12206,0,31
2022-02-11,"GG","Guernsey","Europe",94,12300,0,31
2022-02-12,"GG","Guernsey","Europe",128,12428,0,31
2022-02-13,"GG","Guernsey","Europe",106,12534,0,31
2022-02-14,"GG","Guernsey","Europe",86,12620,0,31
2022-02-15,"GG","Guernsey","Europe",110,12730,0,31
2022-02-16,"GG","Guernsey","Europe",108,12838,0,31
2022-02-17,"GG","Guernsey","Europe",68,12906,0,31
2022-02-18,"GG","Guernsey","Europe",64,12970,0,31
2022-02-19,"GG","Guernsey","Europe",180,13150,0,31
2022-02-20,"GG","Guernsey","Europe",0,13150,0,31
2022-02-21,"GG","Guernsey","Europe",0,13150,0,31
2022-02-22,"GG","Guernsey","Europe",56,13206,0,31
2022-02-23,"GG","Guernsey","Europe",297,13503,0,31
2022-02-24,"GG","Guernsey","Europe",0,13503,0,31
2022-02-25,"GG","Guernsey","Europe",0,13503,0,31
2022-02-26,"GG","Guernsey","Europe",0,13503,0,31
2022-02-27,"GG","Guernsey","Europe",0,13503,0,31
2022-02-28,"GG","Guernsey","Europe",0,13503,0,31
2022-03-01,"GG","Guernsey","Europe",0,13503,0,31
2022-03-02,"GG","Guernsey","Europe",931,14434,0,31
2022-03-03,"GG","Guernsey","Europe",0,14434,0,31
2022-03-04,"GG","Guernsey","Europe",0,14434,0,31
2022-03-05,"GG","Guernsey","Europe",0,14434,0,31
2022-03-06,"GG","Guernsey","Europe",0,14434,0,31
2021-12-06,"GN","Guinea","Africa",0,30770,0,387
2021-12-07,"GN","Guinea","Africa",28,30798,1,388
2021-12-08,"GN","Guinea","Africa",0,30798,0,388
2021-12-09,"GN","Guinea","Africa",0,30798,0,388
2021-12-10,"GN","Guinea","Africa",0,30798,0,388
2021-12-11,"GN","Guinea","Africa",0,30798,0,388
2021-12-12,"GN","Guinea","Africa",0,30798,0,388
2021-12-13,"GN","Guinea","Africa",0,30798,0,388
2021-12-14,"GN","Guinea","Africa",5,30803,0,388
2021-12-15,"GN","Guinea","Africa",11,30814,0,388
2021-12-16,"GN","Guinea","Africa",0,30814,0,388
2021-12-17,"GN","Guinea","Africa",0,30814,0,388
2021-12-18,"GN","Guinea","Africa",0,30814,0,388
2021-12-19,"GN","Guinea","Africa",0,30814,0,388
2021-12-20,"GN","Guinea","Africa",0,30814,0,388
2021-12-21,"GN","Guinea","Africa",0,30814,0,388
2021-12-22,"GN","Guinea","Africa",0,30814,0,388
2021-12-23,"GN","Guinea","Africa",74,30888,1,389
2021-12-24,"GN","Guinea","Africa",50,30938,0,389
2021-12-25,"GN","Guinea","Africa",38,30976,0,389
2021-12-26,"GN","Guinea","Africa",62,31038,0,389
2021-12-27,"GN","Guinea","Africa",79,31117,0,389
2021-12-28,"GN","Guinea","Africa",3,31120,0,389
2021-12-29,"GN","Guinea","Africa",118,31238,0,389
2021-12-30,"GN","Guinea","Africa",174,31412,0,389
2021-12-31,"GN","Guinea","Africa",229,31641,2,391
2022-01-01,"GN","Guinea","Africa",410,32051,0,391
2022-01-02,"GN","Guinea","Africa",397,32448,0,391
2022-01-03,"GN","Guinea","Africa",223,32671,0,391
2022-01-04,"GN","Guinea","Africa",196,32867,0,391
2022-01-05,"GN","Guinea","Africa",178,33045,0,391
2022-01-06,"GN","Guinea","Africa",384,33429,2,393
2022-01-07,"GN","Guinea","Africa",272,33701,4,397
2022-01-08,"GN","Guinea","Africa",438,34139,0,397
2022-01-09,"GN","Guinea","Africa",0,34139,0,397
2022-01-10,"GN","Guinea","Africa",534,34673,3,400
2022-01-11,"GN","Guinea","Africa",0,34673,0,400
2022-01-12,"GN","Guinea","Africa",179,34852,3,403
2022-01-13,"GN","Guinea","Africa",181,35033,0,403
2022-01-14,"GN","Guinea","Africa",169,35202,3,406
2022-01-15,"GN","Guinea","Africa",0,35202,0,406
2022-01-16,"GN","Guinea","Africa",0,35202,0,406
2022-01-17,"GN","Guinea","Africa",0,35202,0,406
2022-01-18,"GN","Guinea","Africa",400,35602,2,408
2022-01-19,"GN","Guinea","Africa",0,35602,0,408
2022-01-20,"GN","Guinea","Africa",117,35719,2,410
2022-01-21,"GN","Guinea","Africa",0,35719,0,410
2022-01-22,"GN","Guinea","Africa",0,35719,0,410
2022-01-23,"GN","Guinea","Africa",138,35857,4,414
2022-01-24,"GN","Guinea","Africa",0,35857,0,414
2022-01-25,"GN","Guinea","Africa",0,35857,0,414
2022-01-26,"GN","Guinea","Africa",94,35951,2,416
2022-01-27,"GN","Guinea","Africa",61,36012,0,416
2022-01-28,"GN","Guinea","Africa",0,36012,0,416
2022-01-29,"GN","Guinea","Africa",0,36012,0,416
2022-01-30,"GN","Guinea","Africa",0,36012,0,416
2022-01-31,"GN","Guinea","Africa",0,36012,0,416
2022-02-01,"GN","Guinea","Africa",0,36012,0,416
2022-02-02,"GN","Guinea","Africa",154,36166,3,419
2022-02-03,"GN","Guinea","Africa",0,36166,0,419
2022-02-04,"GN","Guinea","Africa",40,36206,7,426
2022-02-05,"GN","Guinea","Africa",0,36206,0,426
2022-02-06,"GN","Guinea","Africa",56,36262,2,428
2022-02-07,"GN","Guinea","Africa",0,36262,0,428
2022-02-08,"GN","Guinea","Africa",8,36270,4,432
2022-02-09,"GN","Guinea","Africa",11,36281,0,432
2022-02-10,"GN","Guinea","Africa",16,36297,0,432
2022-02-11,"GN","Guinea","Africa",17,36314,2,434
2022-02-12,"GN","Guinea","Africa",0,36314,0,434
2022-02-13,"GN","Guinea","Africa",0,36314,0,434
2022-02-14,"GN","Guinea","Africa",15,36329,2,436
2022-02-15,"GN","Guinea","Africa",0,36329,0,436
2022-02-16,"GN","Guinea","Africa",0,36329,0,436
2022-02-17,"GN","Guinea","Africa",0,36329,0,436
2022-02-18,"GN","Guinea","Africa",0,36329,0,436
2022-02-19,"GN","Guinea","Africa",0,36329,0,436
2022-02-20,"GN","Guinea","Africa",25,36354,2,438
2022-02-21,"GN","Guinea","Africa",0,36354,0,438
2022-02-22,"GN","Guinea","Africa",39,36393,2,440
2022-02-23,"GN","Guinea","Africa",0,36393,0,440
2022-02-24,"GN","Guinea","Africa",0,36393,0,440
2022-02-25,"GN","Guinea","Africa",0,36393,0,440
2022-02-26,"GN","Guinea","Africa",0,36393,0,440
2022-02-27,"GN","Guinea","Africa",0,36393,0,440
2022-02-28,"GN","Guinea","Africa",0,36393,0,440
2022-03-01,"GN","Guinea","Africa",4,36397,0,440
2022-03-02,"GN","Guinea","Africa",0,36397,0,440
2022-03-03,"GN","Guinea","Africa",0,36397,0,440
2022-03-04,"GN","Guinea","Africa",0,36397,0,440
2022-03-05,"GN","Guinea","Africa",0,36397,0,440
2022-03-06,"GN","Guinea","Africa",0,36397,0,440
2021-12-06,"GW","Guinea-Bissau","Africa",0,6444,0,149
2021-12-07,"GW","Guinea-Bissau","Africa",0,6444,0,149
2021-12-08,"GW","Guinea-Bissau","Africa",0,6444,0,149
2021-12-09,"GW","Guinea-Bissau","Africa",1,6445,0,149
2021-12-10,"GW","Guinea-Bissau","Africa",0,6445,0,149
2021-12-11,"GW","Guinea-Bissau","Africa",2,6447,0,149
2021-12-12,"GW","Guinea-Bissau","Africa",1,6448,0,149
2021-12-13,"GW","Guinea-Bissau","Africa",0,6448,0,149
2021-12-14,"GW","Guinea-Bissau","Africa",0,6448,0,149
2021-12-15,"GW","Guinea-Bissau","Africa",2,6450,0,149
2021-12-16,"GW","Guinea-Bissau","Africa",2,6452,0,149
2021-12-17,"GW","Guinea-Bissau","Africa",3,6455,0,149
2021-12-18,"GW","Guinea-Bissau","Africa",0,6455,0,149
2021-12-19,"GW","Guinea-Bissau","Africa",1,6456,0,149
2021-12-20,"GW","Guinea-Bissau","Africa",0,6456,0,149
2021-12-21,"GW","Guinea-Bissau","Africa",0,6456,0,149
2021-12-22,"GW","Guinea-Bissau","Africa",2,6458,0,149
2021-12-23,"GW","Guinea-Bissau","Africa",0,6458,0,149
2021-12-24,"GW","Guinea-Bissau","Africa",0,6458,0,149
2021-12-25,"GW","Guinea-Bissau","Africa",4,6462,0,149
2021-12-26,"GW","Guinea-Bissau","Africa",0,6462,0,149
2021-12-27,"GW","Guinea-Bissau","Africa",4,6466,0,149
2021-12-28,"GW","Guinea-Bissau","Africa",0,6466,0,149
2021-12-29,"GW","Guinea-Bissau","Africa",8,6474,0,149
2021-12-30,"GW","Guinea-Bissau","Africa",2,6476,0,149
2021-12-31,"GW","Guinea-Bissau","Africa",0,6476,0,149
2022-01-01,"GW","Guinea-Bissau","Africa",0,6476,0,149
2022-01-02,"GW","Guinea-Bissau","Africa",8,6484,0,149
2022-01-03,"GW","Guinea-Bissau","Africa",0,6484,0,149
2022-01-04,"GW","Guinea-Bissau","Africa",15,6499,0,149
2022-01-05,"GW","Guinea-Bissau","Africa",15,6514,0,149
2022-01-06,"GW","Guinea-Bissau","Africa",17,6531,0,149
2022-01-07,"GW","Guinea-Bissau","Africa",81,6612,0,149
2022-01-08,"GW","Guinea-Bissau","Africa",26,6638,0,149
2022-01-09,"GW","Guinea-Bissau","Africa",56,6694,0,149
2022-01-10,"GW","Guinea-Bissau","Africa",0,6694,0,149
2022-01-11,"GW","Guinea-Bissau","Africa",19,6713,0,149
2022-01-12,"GW","Guinea-Bissau","Africa",81,6794,0,149
2022-01-13,"GW","Guinea-Bissau","Africa",14,6808,1,150
2022-01-14,"GW","Guinea-Bissau","Africa",90,6898,0,150
2022-01-15,"GW","Guinea-Bissau","Africa",64,6962,0,150
2022-01-16,"GW","Guinea-Bissau","Africa",42,7004,2,152
2022-01-17,"GW","Guinea-Bissau","Africa",0,7004,0,152
2022-01-18,"GW","Guinea-Bissau","Africa",30,7034,0,152
2022-01-19,"GW","Guinea-Bissau","Africa",106,7140,1,153
2022-01-20,"GW","Guinea-Bissau","Africa",82,7222,0,153
2022-01-21,"GW","Guinea-Bissau","Africa",62,7284,0,153
2022-01-22,"GW","Guinea-Bissau","Africa",9,7293,0,153
2022-01-23,"GW","Guinea-Bissau","Africa",0,7293,0,153
2022-01-24,"GW","Guinea-Bissau","Africa",0,7293,0,153
2022-01-25,"GW","Guinea-Bissau","Africa",0,7293,0,153
2022-01-26,"GW","Guinea-Bissau","Africa",0,7293,0,153
2022-01-27,"GW","Guinea-Bissau","Africa",215,7508,1,154
2022-01-28,"GW","Guinea-Bissau","Africa",11,7519,0,154
2022-01-29,"GW","Guinea-Bissau","Africa",25,7544,0,154
2022-01-30,"GW","Guinea-Bissau","Africa",32,7576,0,154
2022-01-31,"GW","Guinea-Bissau","Africa",10,7586,2,156
2022-02-01,"GW","Guinea-Bissau","Africa",0,7586,0,156
2022-02-02,"GW","Guinea-Bissau","Africa",0,7586,0,156
2022-02-03,"GW","Guinea-Bissau","Africa",105,7691,0,156
2022-02-04,"GW","Guinea-Bissau","Africa",58,7749,2,158
2022-02-05,"GW","Guinea-Bissau","Africa",0,7749,0,158
2022-02-06,"GW","Guinea-Bissau","Africa",0,7749,0,158
2022-02-07,"GW","Guinea-Bissau","Africa",23,7772,0,158
2022-02-08,"GW","Guinea-Bissau","Africa",0,7772,0,158
2022-02-09,"GW","Guinea-Bissau","Africa",30,7802,0,158
2022-02-10,"GW","Guinea-Bissau","Africa",11,7813,0,158
2022-02-11,"GW","Guinea-Bissau","Africa",7,7820,0,158
2022-02-12,"GW","Guinea-Bissau","Africa",0,7820,0,158
2022-02-13,"GW","Guinea-Bissau","Africa",29,7849,3,161
2022-02-14,"GW","Guinea-Bissau","Africa",0,7849,3,164
2022-02-15,"GW","Guinea-Bissau","Africa",0,7849,0,164
2022-02-16,"GW","Guinea-Bissau","Africa",29,7878,0,164
2022-02-17,"GW","Guinea-Bissau","Africa",11,7889,0,164
2022-02-18,"GW","Guinea-Bissau","Africa",2,7891,0,164
2022-02-19,"GW","Guinea-Bissau","Africa",14,7905,2,166
2022-02-20,"GW","Guinea-Bissau","Africa",2,7907,0,166
2022-02-21,"GW","Guinea-Bissau","Africa",0,7907,0,166
2022-02-22,"GW","Guinea-Bissau","Africa",0,7907,0,166
2022-02-23,"GW","Guinea-Bissau","Africa",46,7953,0,166
2022-02-24,"GW","Guinea-Bissau","Africa",19,7972,0,166
2022-02-25,"GW","Guinea-Bissau","Africa",0,7972,0,166
2022-02-26,"GW","Guinea-Bissau","Africa",13,7985,0,166
2022-02-27,"GW","Guinea-Bissau","Africa",0,7985,0,166
2022-02-28,"GW","Guinea-Bissau","Africa",16,8001,1,167
2022-03-01,"GW","Guinea-Bissau","Africa",21,8022,0,167
2022-03-02,"GW","Guinea-Bissau","Africa",5,8027,0,167
2022-03-03,"GW","Guinea-Bissau","Africa",0,8027,0,167
2022-03-04,"GW","Guinea-Bissau","Africa",0,8027,0,167
2022-03-05,"GW","Guinea-Bissau","Africa",0,8027,0,167
2022-03-06,"GW","Guinea-Bissau","Africa",0,8027,0,167
2021-12-06,"GY","Guyana","Americas",50,38118,3,1004
2021-12-07,"GY","Guyana","Americas",42,38160,2,1006
2021-12-08,"GY","Guyana","Americas",57,38217,2,1008
2021-12-09,"GY","Guyana","Americas",44,38261,1,1009
2021-12-10,"GY","Guyana","Americas",72,38333,0,1009
2021-12-11,"GY","Guyana","Americas",69,38402,5,1014
2021-12-12,"GY","Guyana","Americas",51,38453,2,1016
2021-12-13,"GY","Guyana","Americas",39,38492,1,1017
2021-12-14,"GY","Guyana","Americas",62,38554,3,1020
2021-12-15,"GY","Guyana","Americas",14,38568,3,1023
2021-12-16,"GY","Guyana","Americas",50,38618,1,1024
2021-12-17,"GY","Guyana","Americas",66,38684,1,1025
2021-12-18,"GY","Guyana","Americas",44,38728,1,1026
2021-12-19,"GY","Guyana","Americas",23,38751,2,1028
2021-12-20,"GY","Guyana","Americas",66,38817,0,1028
2021-12-21,"GY","Guyana","Americas",53,38870,2,1030
2021-12-22,"GY","Guyana","Americas",21,38891,3,1033
2021-12-23,"GY","Guyana","Americas",35,38926,6,1039
2021-12-24,"GY","Guyana","Americas",40,38966,1,1040
2021-12-25,"GY","Guyana","Americas",32,38998,2,1042
2021-12-26,"GY","Guyana","Americas",44,39042,0,1042
2021-12-27,"GY","Guyana","Americas",44,39086,3,1045
2021-12-28,"GY","Guyana","Americas",21,39107,3,1048
2021-12-29,"GY","Guyana","Americas",12,39119,2,1050
2021-12-30,"GY","Guyana","Americas",32,39151,0,1050
2021-12-31,"GY","Guyana","Americas",87,39238,1,1051
2022-01-01,"GY","Guyana","Americas",157,39395,1,1052
2022-01-02,"GY","Guyana","Americas",178,39573,2,1054
2022-01-03,"GY","Guyana","Americas",206,39779,0,1054
2022-01-04,"GY","Guyana","Americas",281,40060,1,1055
2022-01-05,"GY","Guyana","Americas",94,40154,1,1056
2022-01-06,"GY","Guyana","Americas",485,40639,2,1058
2022-01-07,"GY","Guyana","Americas",779,41418,2,1060
2022-01-08,"GY","Guyana","Americas",967,42385,0,1060
2022-01-09,"GY","Guyana","Americas",844,43229,6,1066
2022-01-10,"GY","Guyana","Americas",1016,44245,1,1067
2022-01-11,"GY","Guyana","Americas",662,44907,3,1070
2022-01-12,"GY","Guyana","Americas",433,45340,0,1070
2022-01-13,"GY","Guyana","Americas",665,46005,3,1073
2022-01-14,"GY","Guyana","Americas",1000,47005,2,1075
2022-01-15,"GY","Guyana","Americas",2051,49056,6,1081
2022-01-16,"GY","Guyana","Americas",0,49056,0,1081
2022-01-17,"GY","Guyana","Americas",0,49056,0,1081
2022-01-18,"GY","Guyana","Americas",2147,51203,14,1095
2022-01-19,"GY","Guyana","Americas",0,51203,0,1095
2022-01-20,"GY","Guyana","Americas",1975,53178,6,1101
2022-01-21,"GY","Guyana","Americas",743,53921,7,1108
2022-01-22,"GY","Guyana","Americas",815,54736,3,1111
2022-01-23,"GY","Guyana","Americas",892,55628,11,1122
2022-01-24,"GY","Guyana","Americas",957,56585,8,1130
2022-01-25,"GY","Guyana","Americas",642,57227,4,1134
2022-01-26,"GY","Guyana","Americas",173,57400,4,1138
2022-01-27,"GY","Guyana","Americas",372,57772,10,1148
2022-01-28,"GY","Guyana","Americas",424,58196,6,1154
2022-01-29,"GY","Guyana","Americas",408,58604,2,1156
2022-01-30,"GY","Guyana","Americas",375,58979,4,1160
2022-01-31,"GY","Guyana","Americas",471,59450,5,1165
2022-02-01,"GY","Guyana","Americas",353,59803,1,1166
2022-02-02,"GY","Guyana","Americas",86,59889,2,1168
2022-02-03,"GY","Guyana","Americas",220,60109,3,1171
2022-02-04,"GY","Guyana","Americas",276,60385,5,1176
2022-02-05,"GY","Guyana","Americas",291,60676,0,1176
2022-02-06,"GY","Guyana","Americas",432,61108,3,1179
2022-02-07,"GY","Guyana","Americas",492,61600,2,1181
2022-02-08,"GY","Guyana","Americas",16,61616,1,1182
2022-02-09,"GY","Guyana","Americas",0,61616,0,1182
2022-02-10,"GY","Guyana","Americas",118,61734,3,1185
2022-02-11,"GY","Guyana","Americas",167,61901,3,1188
2022-02-12,"GY","Guyana","Americas",160,62061,0,1188
2022-02-13,"GY","Guyana","Americas",95,62156,2,1190
2022-02-14,"GY","Guyana","Americas",65,62221,3,1193
2022-02-15,"GY","Guyana","Americas",34,62255,1,1194
2022-02-16,"GY","Guyana","Americas",10,62265,2,1196
2022-02-17,"GY","Guyana","Americas",95,62360,3,1199
2022-02-18,"GY","Guyana","Americas",105,62465,3,1202
2022-02-19,"GY","Guyana","Americas",72,62537,1,1203
2022-02-20,"GY","Guyana","Americas",48,62585,5,1208
2022-02-21,"GY","Guyana","Americas",53,62638,2,1210
2022-02-22,"GY","Guyana","Americas",18,62656,1,1211
2022-02-23,"GY","Guyana","Americas",12,62668,2,1213
2022-02-24,"GY","Guyana","Americas",78,62746,2,1215
2022-02-25,"GY","Guyana","Americas",33,62779,0,1215
2022-02-26,"GY","Guyana","Americas",73,62852,1,1216
2022-02-27,"GY","Guyana","Americas",4,62856,0,1216
2022-02-28,"GY","Guyana","Americas",35,62891,4,1220
2022-03-01,"GY","Guyana","Americas",12,62903,0,1220
2022-03-02,"GY","Guyana","Americas",18,62921,0,1220
2022-03-03,"GY","Guyana","Americas",25,62946,0,1220
2022-03-04,"GY","Guyana","Americas",25,62971,2,1222
2022-03-05,"GY","Guyana","Americas",31,63002,1,1223
2022-03-06,"GY","Guyana","Americas",22,63024,0,1223
2021-12-06,"HT","Haiti","Americas",17,25691,4,754
2021-12-07,"HT","Haiti","Americas",14,25705,0,754
2021-12-08,"HT","Haiti","Americas",39,25744,4,758
2021-12-09,"HT","Haiti","Americas",14,25758,3,761
2021-12-10,"HT","Haiti","Americas",36,25794,0,761
2021-12-11,"HT","Haiti","Americas",59,25853,1,762
2021-12-12,"HT","Haiti","Americas",12,25865,0,762
2021-12-13,"HT","Haiti","Americas",14,25879,0,762
2021-12-14,"HT","Haiti","Americas",14,25893,0,762
2021-12-15,"HT","Haiti","Americas",14,25907,3,765
2021-12-16,"HT","Haiti","Americas",0,25907,0,765
2021-12-17,"HT","Haiti","Americas",0,25907,0,765
2021-12-18,"HT","Haiti","Americas",0,25907,0,765
2021-12-19,"HT","Haiti","Americas",27,25934,0,765
2021-12-20,"HT","Haiti","Americas",7,25941,0,765
2021-12-21,"HT","Haiti","Americas",4,25945,0,765
2021-12-22,"HT","Haiti","Americas",0,25945,0,765
2021-12-23,"HT","Haiti","Americas",0,25945,0,765
2021-12-24,"HT","Haiti","Americas",27,25972,1,766
2021-12-25,"HT","Haiti","Americas",2,25974,0,766
2021-12-26,"HT","Haiti","Americas",0,25974,0,766
2021-12-27,"HT","Haiti","Americas",11,25985,0,766
2021-12-28,"HT","Haiti","Americas",0,25985,0,766
2021-12-29,"HT","Haiti","Americas",0,25985,0,766
2021-12-30,"HT","Haiti","Americas",0,25985,0,766
2021-12-31,"HT","Haiti","Americas",0,25985,0,766
2022-01-01,"HT","Haiti","Americas",0,25985,0,766
2022-01-02,"HT","Haiti","Americas",270,26255,7,773
2022-01-03,"HT","Haiti","Americas",4,26259,1,774
2022-01-04,"HT","Haiti","Americas",0,26259,0,774
2022-01-05,"HT","Haiti","Americas",45,26304,0,774
2022-01-06,"HT","Haiti","Americas",102,26406,6,780
2022-01-07,"HT","Haiti","Americas",103,26509,0,780
2022-01-08,"HT","Haiti","Americas",145,26654,0,780
2022-01-09,"HT","Haiti","Americas",153,26807,0,780
2022-01-10,"HT","Haiti","Americas",193,27000,0,780
2022-01-11,"HT","Haiti","Americas",82,27082,0,780
2022-01-12,"HT","Haiti","Americas",236,27318,0,780
2022-01-13,"HT","Haiti","Americas",172,27490,0,780
2022-01-14,"HT","Haiti","Americas",129,27619,0,780
2022-01-15,"HT","Haiti","Americas",200,27819,0,780
2022-01-16,"HT","Haiti","Americas",154,27973,0,780
2022-01-17,"HT","Haiti","Americas",57,28030,0,780
2022-01-18,"HT","Haiti","Americas",87,28117,0,780
2022-01-19,"HT","Haiti","Americas",133,28250,0,780
2022-01-20,"HT","Haiti","Americas",102,28352,3,783
2022-01-21,"HT","Haiti","Americas",119,28471,0,783
2022-01-22,"HT","Haiti","Americas",90,28561,0,783
2022-01-23,"HT","Haiti","Americas",148,28709,0,783
2022-01-24,"HT","Haiti","Americas",344,29053,0,783
2022-01-25,"HT","Haiti","Americas",70,29123,1,784
2022-01-26,"HT","Haiti","Americas",0,29123,0,784
2022-01-27,"HT","Haiti","Americas",0,29123,0,784
2022-01-28,"HT","Haiti","Americas",94,29217,2,786
2022-01-29,"HT","Haiti","Americas",106,29323,6,792
2022-01-30,"HT","Haiti","Americas",121,29444,7,799
2022-01-31,"HT","Haiti","Americas",33,29477,5,804
2022-02-01,"HT","Haiti","Americas",72,29549,0,804
2022-02-02,"HT","Haiti","Americas",0,29549,0,804
2022-02-03,"HT","Haiti","Americas",166,29715,0,804
2022-02-04,"HT","Haiti","Americas",64,29779,0,804
2022-02-05,"HT","Haiti","Americas",53,29832,0,804
2022-02-06,"HT","Haiti","Americas",16,29848,0,804
2022-02-07,"HT","Haiti","Americas",31,29879,2,806
2022-02-08,"HT","Haiti","Americas",9,29888,0,806
2022-02-09,"HT","Haiti","Americas",19,29907,1,807
2022-02-10,"HT","Haiti","Americas",0,29907,0,807
2022-02-11,"HT","Haiti","Americas",0,29907,0,807
2022-02-12,"HT","Haiti","Americas",148,30055,2,809
2022-02-13,"HT","Haiti","Americas",0,30055,0,809
2022-02-14,"HT","Haiti","Americas",0,30055,0,809
2022-02-15,"HT","Haiti","Americas",0,30055,0,809
2022-02-16,"HT","Haiti","Americas",0,30055,0,809
2022-02-17,"HT","Haiti","Americas",153,30208,10,819
2022-02-18,"HT","Haiti","Americas",18,30226,0,819
2022-02-19,"HT","Haiti","Americas",34,30260,0,819
2022-02-20,"HT","Haiti","Americas",13,30273,0,819
2022-02-21,"HT","Haiti","Americas",14,30287,0,819
2022-02-22,"HT","Haiti","Americas",27,30314,1,820
2022-02-23,"HT","Haiti","Americas",0,30314,0,820
2022-02-24,"HT","Haiti","Americas",0,30314,0,820
2022-02-25,"HT","Haiti","Americas",26,30340,0,820
2022-02-26,"HT","Haiti","Americas",0,30340,0,820
2022-02-27,"HT","Haiti","Americas",0,30340,0,820
2022-02-28,"HT","Haiti","Americas",10,30350,0,820
2022-03-01,"HT","Haiti","Americas",3,30353,0,820
2022-03-02,"HT","Haiti","Americas",22,30375,0,820
2022-03-03,"HT","Haiti","Americas",7,30382,0,820
2022-03-04,"HT","Haiti","Americas",3,30385,3,823
2022-03-05,"HT","Haiti","Americas",15,30400,2,825
2022-03-06,"HT","Haiti","Americas",30,30430,2,827
2021-12-06,"VA","Holy See","Europe",0,26,0,0
2021-12-07,"VA","Holy See","Europe",0,26,0,0
2021-12-08,"VA","Holy See","Europe",0,26,0,0
2021-12-09,"VA","Holy See","Europe",0,26,0,0
2021-12-10,"VA","Holy See","Europe",0,26,0,0
2021-12-11,"VA","Holy See","Europe",0,26,0,0
2021-12-12,"VA","Holy See","Europe",0,26,0,0
2021-12-13,"VA","Holy See","Europe",0,26,0,0
2021-12-14,"VA","Holy See","Europe",0,26,0,0
2021-12-15,"VA","Holy See","Europe",0,26,0,0
2021-12-16,"VA","Holy See","Europe",0,26,0,0
2021-12-17,"VA","Holy See","Europe",0,26,0,0
2021-12-18,"VA","Holy See","Europe",0,26,0,0
2021-12-19,"VA","Holy See","Europe",0,26,0,0
2021-12-20,"VA","Holy See","Europe",0,26,0,0
2021-12-21,"VA","Holy See","Europe",0,26,0,0
2021-12-22,"VA","Holy See","Europe",0,26,0,0
2021-12-23,"VA","Holy See","Europe",0,26,0,0
2021-12-24,"VA","Holy See","Europe",0,26,0,0
2021-12-25,"VA","Holy See","Europe",0,26,0,0
2021-12-26,"VA","Holy See","Europe",0,26,0,0
2021-12-27,"VA","Holy See","Europe",0,26,0,0
2021-12-28,"VA","Holy See","Europe",0,26,0,0
2021-12-29,"VA","Holy See","Europe",0,26,0,0
2021-12-30,"VA","Holy See","Europe",0,26,0,0
2021-12-31,"VA","Holy See","Europe",0,26,0,0
2022-01-01,"VA","Holy See","Europe",0,26,0,0
2022-01-02,"VA","Holy See","Europe",0,26,0,0
2022-01-03,"VA","Holy See","Europe",0,26,0,0
2022-01-04,"VA","Holy See","Europe",0,26,0,0
2022-01-05,"VA","Holy See","Europe",0,26,0,0
2022-01-06,"VA","Holy See","Europe",0,26,0,0
2022-01-07,"VA","Holy See","Europe",0,26,0,0
2022-01-08,"VA","Holy See","Europe",0,26,0,0
2022-01-09,"VA","Holy See","Europe",0,26,0,0
2022-01-10,"VA","Holy See","Europe",0,26,0,0
2022-01-11,"VA","Holy See","Europe",0,26,0,0
2022-01-12,"VA","Holy See","Europe",0,26,0,0
2022-01-13,"VA","Holy See","Europe",0,26,0,0
2022-01-14,"VA","Holy See","Europe",0,26,0,0
2022-01-15,"VA","Holy See","Europe",0,26,0,0
2022-01-16,"VA","Holy See","Europe",0,26,0,0
2022-01-17,"VA","Holy See","Europe",0,26,0,0
2022-01-18,"VA","Holy See","Europe",0,26,0,0
2022-01-19,"VA","Holy See","Europe",0,26,0,0
2022-01-20,"VA","Holy See","Europe",0,26,0,0
2022-01-21,"VA","Holy See","Europe",0,26,0,0
2022-01-22,"VA","Holy See","Europe",0,26,0,0
2022-01-23,"VA","Holy See","Europe",0,26,0,0
2022-01-24,"VA","Holy See","Europe",0,26,0,0
2022-01-25,"VA","Holy See","Europe",0,26,0,0
2022-01-26,"VA","Holy See","Europe",0,26,0,0
2022-01-27,"VA","Holy See","Europe",0,26,0,0
2022-01-28,"VA","Holy See","Europe",0,26,0,0
2022-01-29,"VA","Holy See","Europe",0,26,0,0
2022-01-30,"VA","Holy See","Europe",0,26,0,0
2022-01-31,"VA","Holy See","Europe",0,26,0,0
2022-02-01,"VA","Holy See","Europe",0,26,0,0
2022-02-02,"VA","Holy See","Europe",0,26,0,0
2022-02-03,"VA","Holy See","Europe",0,26,0,0
2022-02-04,"VA","Holy See","Europe",0,26,0,0
2022-02-05,"VA","Holy See","Europe",0,26,0,0
2022-02-06,"VA","Holy See","Europe",0,26,0,0
2022-02-07,"VA","Holy See","Europe",0,26,0,0
2022-02-08,"VA","Holy See","Europe",0,26,0,0
2022-02-09,"VA","Holy See","Europe",0,26,0,0
2022-02-10,"VA","Holy See","Europe",0,26,0,0
2022-02-11,"VA","Holy See","Europe",0,26,0,0
2022-02-12,"VA","Holy See","Europe",0,26,0,0
2022-02-13,"VA","Holy See","Europe",0,26,0,0
2022-02-14,"VA","Holy See","Europe",0,26,0,0
2022-02-15,"VA","Holy See","Europe",0,26,0,0
2022-02-16,"VA","Holy See","Europe",0,26,0,0
2022-02-17,"VA","Holy See","Europe",0,26,0,0
2022-02-18,"VA","Holy See","Europe",0,26,0,0
2022-02-19,"VA","Holy See","Europe",0,26,0,0
2022-02-20,"VA","Holy See","Europe",0,26,0,0
2022-02-21,"VA","Holy See","Europe",0,26,0,0
2022-02-22,"VA","Holy See","Europe",0,26,0,0
2022-02-23,"VA","Holy See","Europe",0,26,0,0
2022-02-24,"VA","Holy See","Europe",0,26,0,0
2022-02-25,"VA","Holy See","Europe",0,26,0,0
2022-02-26,"VA","Holy See","Europe",0,26,0,0
2022-02-27,"VA","Holy See","Europe",0,26,0,0
2022-02-28,"VA","Holy See","Europe",0,26,0,0
2022-03-01,"VA","Holy See","Europe",0,26,0,0
2022-03-02,"VA","Holy See","Europe",0,26,0,0
2022-03-03,"VA","Holy See","Europe",0,26,0,0
2022-03-04,"VA","Holy See","Europe",0,26,0,0
2022-03-05,"VA","Holy See","Europe",0,26,0,0
2022-03-06,"VA","Holy See","Europe",0,26,0,0
2021-12-06,"HN","Honduras","Americas",0,378113,0,10413
2021-12-07,"HN","Honduras","Americas",0,378113,0,10413
2021-12-08,"HN","Honduras","Americas",238,378351,3,10416
2021-12-09,"HN","Honduras","Americas",46,378397,0,10416
2021-12-10,"HN","Honduras","Americas",26,378423,0,10416
2021-12-11,"HN","Honduras","Americas",124,378547,3,10419
2021-12-12,"HN","Honduras","Americas",14,378561,2,10421
2021-12-13,"HN","Honduras","Americas",0,378561,0,10421
2021-12-14,"HN","Honduras","Americas",0,378561,0,10421
2021-12-15,"HN","Honduras","Americas",54,378615,3,10424
2021-12-16,"HN","Honduras","Americas",27,378642,0,10424
2021-12-17,"HN","Honduras","Americas",43,378685,0,10424
2021-12-18,"HN","Honduras","Americas",50,378735,4,10428
2021-12-19,"HN","Honduras","Americas",69,378804,0,10428
2021-12-20,"HN","Honduras","Americas",0,378804,0,10428
2021-12-21,"HN","Honduras","Americas",0,378804,0,10428
2021-12-22,"HN","Honduras","Americas",39,378843,0,10428
2021-12-23,"HN","Honduras","Americas",120,378963,1,10429
2021-12-24,"HN","Honduras","Americas",31,378994,0,10429
2021-12-25,"HN","Honduras","Americas",79,379073,0,10429
2021-12-26,"HN","Honduras","Americas",0,379073,0,10429
2021-12-27,"HN","Honduras","Americas",0,379073,0,10429
2021-12-28,"HN","Honduras","Americas",0,379073,0,10429
2021-12-29,"HN","Honduras","Americas",203,379276,3,10432
2021-12-30,"HN","Honduras","Americas",126,379402,2,10434
2021-12-31,"HN","Honduras","Americas",140,379542,0,10434
2022-01-01,"HN","Honduras","Americas",0,379542,0,10434
2022-01-02,"HN","Honduras","Americas",0,379542,0,10434
2022-01-03,"HN","Honduras","Americas",596,380138,7,10441
2022-01-04,"HN","Honduras","Americas",0,380138,0,10441
2022-01-05,"HN","Honduras","Americas",0,380138,0,10441
2022-01-06,"HN","Honduras","Americas",69,380207,1,10442
2022-01-07,"HN","Honduras","Americas",283,380490,0,10442
2022-01-08,"HN","Honduras","Americas",393,380883,0,10442
2022-01-09,"HN","Honduras","Americas",371,381254,2,10444
2022-01-10,"HN","Honduras","Americas",0,381254,0,10444
2022-01-11,"HN","Honduras","Americas",0,381254,0,10444
2022-01-12,"HN","Honduras","Americas",736,381990,4,10448
2022-01-13,"HN","Honduras","Americas",450,382440,2,10450
2022-01-14,"HN","Honduras","Americas",375,382815,0,10450
2022-01-15,"HN","Honduras","Americas",0,382815,0,10450
2022-01-16,"HN","Honduras","Americas",1262,384077,4,10454
2022-01-17,"HN","Honduras","Americas",0,384077,0,10454
2022-01-18,"HN","Honduras","Americas",0,384077,0,10454
2022-01-19,"HN","Honduras","Americas",1285,385362,2,10456
2022-01-20,"HN","Honduras","Americas",602,385964,2,10458
2022-01-21,"HN","Honduras","Americas",0,385964,0,10458
2022-01-22,"HN","Honduras","Americas",1551,387515,11,10469
2022-01-23,"HN","Honduras","Americas",921,388436,0,10469
2022-01-24,"HN","Honduras","Americas",0,388436,0,10469
2022-01-25,"HN","Honduras","Americas",0,388436,13,10482
2022-01-26,"HN","Honduras","Americas",1946,390382,6,10488
2022-01-27,"HN","Honduras","Americas",763,391145,2,10490
2022-01-28,"HN","Honduras","Americas",729,391874,14,10504
2022-01-29,"HN","Honduras","Americas",0,391874,0,10504
2022-01-30,"HN","Honduras","Americas",0,391874,0,10504
2022-01-31,"HN","Honduras","Americas",0,391874,0,10504
2022-02-01,"HN","Honduras","Americas",0,391874,0,10504
2022-02-02,"HN","Honduras","Americas",0,391874,0,10504
2022-02-03,"HN","Honduras","Americas",4675,396549,31,10535
2022-02-04,"HN","Honduras","Americas",1728,398277,16,10551
2022-02-05,"HN","Honduras","Americas",623,398900,0,10551
2022-02-06,"HN","Honduras","Americas",0,398900,0,10551
2022-02-07,"HN","Honduras","Americas",0,398900,0,10551
2022-02-08,"HN","Honduras","Americas",0,398900,0,10551
2022-02-09,"HN","Honduras","Americas",2293,401193,6,10557
2022-02-10,"HN","Honduras","Americas",1136,402329,2,10559
2022-02-11,"HN","Honduras","Americas",812,403141,28,10587
2022-02-12,"HN","Honduras","Americas",832,403973,8,10595
2022-02-13,"HN","Honduras","Americas",791,404764,13,10608
2022-02-14,"HN","Honduras","Americas",0,404764,0,10608
2022-02-15,"HN","Honduras","Americas",0,404764,0,10608
2022-02-16,"HN","Honduras","Americas",0,404764,0,10608
2022-02-17,"HN","Honduras","Americas",2108,406872,33,10641
2022-02-18,"HN","Honduras","Americas",0,406872,0,10641
2022-02-19,"HN","Honduras","Americas",0,406872,0,10641
2022-02-20,"HN","Honduras","Americas",0,406872,0,10641
2022-02-21,"HN","Honduras","Americas",0,406872,0,10641
2022-02-22,"HN","Honduras","Americas",1584,408456,30,10671
2022-02-23,"HN","Honduras","Americas",1252,409708,13,10684
2022-02-24,"HN","Honduras","Americas",0,409708,0,10684
2022-02-25,"HN","Honduras","Americas",0,409708,0,10684
2022-02-26,"HN","Honduras","Americas",1504,411212,36,10720
2022-02-27,"HN","Honduras","Americas",0,411212,0,10720
2022-02-28,"HN","Honduras","Americas",1521,412733,55,10775
2022-03-01,"HN","Honduras","Americas",0,412733,0,10775
2022-03-02,"HN","Honduras","Americas",0,412733,0,10775
2022-03-03,"HN","Honduras","Americas",822,413555,9,10784
2022-03-04,"HN","Honduras","Americas",144,413699,1,10785
2022-03-05,"HN","Honduras","Americas",0,413699,0,10785
2022-03-06,"HN","Honduras","Americas",612,414311,14,10799
2021-12-06,"HU","Hungary","Europe",22699,1157568,489,35611
2021-12-07,"HU","Hungary","Europe",4311,1161879,224,35835
2021-12-08,"HU","Hungary","Europe",6849,1168728,213,36048
2021-12-09,"HU","Hungary","Europe",7310,1176038,215,36263
2021-12-10,"HU","Hungary","Europe",6884,1182922,166,36429
2021-12-11,"HU","Hungary","Europe",0,1182922,0,36429
2021-12-12,"HU","Hungary","Europe",0,1182922,0,36429
2021-12-13,"HU","Hungary","Europe",16017,1198939,455,36884
2021-12-14,"HU","Hungary","Europe",3575,1202514,195,37079
2021-12-15,"HU","Hungary","Europe",5506,1208020,153,37232
2021-12-16,"HU","Hungary","Europe",5298,1213318,144,37376
2021-12-17,"HU","Hungary","Europe",4977,1218295,154,37530
2021-12-18,"HU","Hungary","Europe",0,1218295,0,37530
2021-12-19,"HU","Hungary","Europe",0,1218295,0,37530
2021-12-20,"HU","Hungary","Europe",10105,1228400,366,37896
2021-12-21,"HU","Hungary","Europe",1985,1230385,132,38028
2021-12-22,"HU","Hungary","Europe",3359,1233744,139,38167
2021-12-23,"HU","Hungary","Europe",3586,1237330,140,38307
2021-12-24,"HU","Hungary","Europe",0,1237330,0,38307
2021-12-25,"HU","Hungary","Europe",0,1237330,0,38307
2021-12-26,"HU","Hungary","Europe",0,1237330,0,38307
2021-12-27,"HU","Hungary","Europe",7989,1245319,436,38743
2021-12-28,"HU","Hungary","Europe",1370,1246689,151,38894
2021-12-29,"HU","Hungary","Europe",3005,1249694,115,39009
2021-12-30,"HU","Hungary","Europe",3361,1253055,95,39104
2021-12-31,"HU","Hungary","Europe",3360,1256415,82,39186
2022-01-01,"HU","Hungary","Europe",0,1256415,0,39186
2022-01-02,"HU","Hungary","Europe",0,1256415,0,39186
2022-01-03,"HU","Hungary","Europe",5865,1262280,248,39434
2022-01-04,"HU","Hungary","Europe",2429,1264709,83,39517
2022-01-05,"HU","Hungary","Europe",5270,1269979,82,39599
2022-01-06,"HU","Hungary","Europe",6454,1276433,80,39679
2022-01-07,"HU","Hungary","Europe",6524,1282957,101,39780
2022-01-08,"HU","Hungary","Europe",0,1282957,0,39780
2022-01-09,"HU","Hungary","Europe",0,1282957,0,39780
2022-01-10,"HU","Hungary","Europe",14655,1297612,167,39947
2022-01-11,"HU","Hungary","Europe",3382,1300994,69,40016
2022-01-12,"HU","Hungary","Europe",7883,1308877,67,40083
2022-01-13,"HU","Hungary","Europe",9216,1318093,81,40164
2022-01-14,"HU","Hungary","Europe",8921,1327014,73,40237
2022-01-15,"HU","Hungary","Europe",0,1327014,0,40237
2022-01-16,"HU","Hungary","Europe",0,1327014,0,40237
2022-01-17,"HU","Hungary","Europe",21219,1348233,270,40507
2022-01-18,"HU","Hungary","Europe",6851,1355084,94,40601
2022-01-19,"HU","Hungary","Europe",14890,1369974,85,40686
2022-01-20,"HU","Hungary","Europe",15526,1385500,71,40757
2022-01-21,"HU","Hungary","Europe",15957,1401457,65,40822
2022-01-22,"HU","Hungary","Europe",0,1401457,0,40822
2022-01-23,"HU","Hungary","Europe",0,1401457,0,40822
2022-01-24,"HU","Hungary","Europe",39928,1441385,122,40944
2022-01-25,"HU","Hungary","Europe",9717,1451102,74,41018
2022-01-26,"HU","Hungary","Europe",20174,1471276,69,41087
2022-01-27,"HU","Hungary","Europe",19213,1490489,64,41151
2022-01-28,"HU","Hungary","Europe",17869,1508358,78,41229
2022-01-29,"HU","Hungary","Europe",0,1508358,0,41229
2022-01-30,"HU","Hungary","Europe",0,1508358,0,41229
2022-01-31,"HU","Hungary","Europe",45047,1553405,176,41405
2022-02-01,"HU","Hungary","Europe",9422,1562827,66,41471
2022-02-02,"HU","Hungary","Europe",19690,1582517,77,41548
2022-02-03,"HU","Hungary","Europe",17894,1600411,88,41636
2022-02-04,"HU","Hungary","Europe",16435,1616846,105,41741
2022-02-05,"HU","Hungary","Europe",0,1616846,0,41741
2022-02-06,"HU","Hungary","Europe",0,1616846,0,41741
2022-02-07,"HU","Hungary","Europe",33716,1650562,234,41975
2022-02-08,"HU","Hungary","Europe",7053,1657615,94,42069
2022-02-09,"HU","Hungary","Europe",13932,1671547,101,42170
2022-02-10,"HU","Hungary","Europe",12885,1684432,99,42269
2022-02-11,"HU","Hungary","Europe",11559,1695991,91,42360
2022-02-12,"HU","Hungary","Europe",0,1695991,0,42360
2022-02-13,"HU","Hungary","Europe",0,1695991,0,42360
2022-02-14,"HU","Hungary","Europe",21081,1717072,271,42631
2022-02-15,"HU","Hungary","Europe",4411,1721483,123,42754
2022-02-16,"HU","Hungary","Europe",8883,1730366,97,42851
2022-02-17,"HU","Hungary","Europe",8578,1738944,115,42966
2022-02-18,"HU","Hungary","Europe",7480,1746424,100,43066
2022-02-19,"HU","Hungary","Europe",0,1746424,0,43066
2022-02-20,"HU","Hungary","Europe",0,1746424,0,43066
2022-02-21,"HU","Hungary","Europe",13261,1759685,233,43299
2022-02-22,"HU","Hungary","Europe",3193,1762878,131,43430
2022-02-23,"HU","Hungary","Europe",6286,1769164,132,43562
2022-02-24,"HU","Hungary","Europe",5512,1774676,102,43664
2022-02-25,"HU","Hungary","Europe",4498,1779174,88,43752
2022-02-26,"HU","Hungary","Europe",0,1779174,0,43752
2022-02-27,"HU","Hungary","Europe",0,1779174,0,43752
2022-02-28,"HU","Hungary","Europe",8370,1787544,197,43949
2022-03-01,"HU","Hungary","Europe",2037,1789581,102,44051
2022-03-02,"HU","Hungary","Europe",3539,1793120,83,44134
2022-03-03,"HU","Hungary","Europe",3862,1796982,77,44211
2022-03-04,"HU","Hungary","Europe",3064,1800046,75,44286
2022-03-05,"HU","Hungary","Europe",0,1800046,0,44286
2022-03-06,"HU","Hungary","Europe",0,1800046,0,44286
2021-12-06,"IS","Iceland","Europe",91,18554,0,35
2021-12-07,"IS","Iceland","Europe",110,18664,0,35
2021-12-08,"IS","Iceland","Europe",126,18790,0,35
2021-12-09,"IS","Iceland","Europe",129,18919,0,35
2021-12-10,"IS","Iceland","Europe",156,19075,0,35
2021-12-11,"IS","Iceland","Europe",105,19180,0,35
2021-12-12,"IS","Iceland","Europe",148,19328,0,35
2021-12-13,"IS","Iceland","Europe",106,19434,0,35
2021-12-14,"IS","Iceland","Europe",134,19568,1,36
2021-12-15,"IS","Iceland","Europe",164,19732,0,36
2021-12-16,"IS","Iceland","Europe",144,19876,0,36
2021-12-17,"IS","Iceland","Europe",187,20063,0,36
2021-12-18,"IS","Iceland","Europe",195,20258,0,36
2021-12-19,"IS","Iceland","Europe",211,20469,0,36
2021-12-20,"IS","Iceland","Europe",211,20680,0,36
2021-12-21,"IS","Iceland","Europe",241,20921,0,36
2021-12-22,"IS","Iceland","Europe",309,21230,1,37
2021-12-23,"IS","Iceland","Europe",319,21549,0,37
2021-12-24,"IS","Iceland","Europe",491,22040,0,37
2021-12-25,"IS","Iceland","Europe",488,22528,0,37
2021-12-26,"IS","Iceland","Europe",520,23048,0,37
2021-12-27,"IS","Iceland","Europe",470,23518,0,37
2021-12-28,"IS","Iceland","Europe",671,24189,0,37
2021-12-29,"IS","Iceland","Europe",893,25082,0,37
2021-12-30,"IS","Iceland","Europe",827,25909,0,37
2021-12-31,"IS","Iceland","Europe",926,26835,0,37
2022-01-01,"IS","Iceland","Europe",1597,28432,0,37
2022-01-02,"IS","Iceland","Europe",1076,29508,0,37
2022-01-03,"IS","Iceland","Europe",672,30180,0,37
2022-01-04,"IS","Iceland","Europe",881,31061,0,37
2022-01-05,"IS","Iceland","Europe",1466,32527,1,38
2022-01-06,"IS","Iceland","Europe",1238,33765,0,38
2022-01-07,"IS","Iceland","Europe",1378,35143,1,39
2022-01-08,"IS","Iceland","Europe",1315,36458,0,39
2022-01-09,"IS","Iceland","Europe",1250,37708,0,39
2022-01-10,"IS","Iceland","Europe",1050,38758,1,40
2022-01-11,"IS","Iceland","Europe",1104,39862,1,41
2022-01-12,"IS","Iceland","Europe",1236,41098,0,41
2022-01-13,"IS","Iceland","Europe",1208,42306,1,42
2022-01-14,"IS","Iceland","Europe",1215,43521,0,42
2022-01-15,"IS","Iceland","Europe",1235,44756,1,43
2022-01-16,"IS","Iceland","Europe",1208,45964,1,44
2022-01-17,"IS","Iceland","Europe",1137,47101,0,44
2022-01-18,"IS","Iceland","Europe",1194,48295,0,44
2022-01-19,"IS","Iceland","Europe",1451,49746,0,44
2022-01-20,"IS","Iceland","Europe",1583,51329,0,44
2022-01-21,"IS","Iceland","Europe",1397,52726,0,44
2022-01-22,"IS","Iceland","Europe",1670,54396,0,44
2022-01-23,"IS","Iceland","Europe",1224,55620,0,44
2022-01-24,"IS","Iceland","Europe",1253,56873,0,44
2022-01-25,"IS","Iceland","Europe",1300,58173,0,44
2022-01-26,"IS","Iceland","Europe",1614,59787,1,45
2022-01-27,"IS","Iceland","Europe",1598,61385,0,45
2022-01-28,"IS","Iceland","Europe",1612,62997,1,46
2022-01-29,"IS","Iceland","Europe",1293,64290,0,46
2022-01-30,"IS","Iceland","Europe",1438,65728,0,46
2022-01-31,"IS","Iceland","Europe",935,66663,0,46
2022-02-01,"IS","Iceland","Europe",931,67594,0,46
2022-02-02,"IS","Iceland","Europe",1347,68941,0,46
2022-02-03,"IS","Iceland","Europe",1428,70369,1,47
2022-02-04,"IS","Iceland","Europe",1500,71869,0,47
2022-02-05,"IS","Iceland","Europe",1253,73122,2,49
2022-02-06,"IS","Iceland","Europe",1883,75005,0,49
2022-02-07,"IS","Iceland","Europe",1455,76460,0,49
2022-02-08,"IS","Iceland","Europe",1501,77961,1,50
2022-02-09,"IS","Iceland","Europe",1352,79313,0,50
2022-02-10,"IS","Iceland","Europe",2274,81587,0,50
2022-02-11,"IS","Iceland","Europe",2169,83756,2,52
2022-02-12,"IS","Iceland","Europe",1880,85636,2,54
2022-02-13,"IS","Iceland","Europe",2078,87714,0,54
2022-02-14,"IS","Iceland","Europe",2079,89793,1,55
2022-02-15,"IS","Iceland","Europe",1954,91747,0,55
2022-02-16,"IS","Iceland","Europe",1874,93621,1,56
2022-02-17,"IS","Iceland","Europe",2601,96222,2,58
2022-02-18,"IS","Iceland","Europe",2962,99184,0,58
2022-02-19,"IS","Iceland","Europe",2417,101601,0,58
2022-02-20,"IS","Iceland","Europe",2840,104441,0,58
2022-02-21,"IS","Iceland","Europe",2178,106619,0,58
2022-02-22,"IS","Iceland","Europe",2495,109114,1,59
2022-02-23,"IS","Iceland","Europe",2515,111629,1,60
2022-02-24,"IS","Iceland","Europe",2886,114515,0,60
2022-02-25,"IS","Iceland","Europe",3646,118161,1,61
2022-02-26,"IS","Iceland","Europe",4459,122620,0,61
2022-02-27,"IS","Iceland","Europe",4862,127482,0,61
2022-02-28,"IS","Iceland","Europe",1746,129228,0,61
2022-03-01,"IS","Iceland","Europe",1096,130324,1,62
2022-03-02,"IS","Iceland","Europe",3356,133680,3,65
2022-03-03,"IS","Iceland","Europe",2305,135985,0,65
2022-03-04,"IS","Iceland","Europe",2529,138514,3,68
2022-03-05,"IS","Iceland","Europe",2560,141074,1,69
2022-03-06,"IS","Iceland","Europe",2086,143160,0,69
2021-12-06,"IN","India","South-East Asia",8306,34641561,211,473537
2021-12-07,"IN","India","South-East Asia",6822,34648383,220,473757
2021-12-08,"IN","India","South-East Asia",8439,34656822,195,473952
2021-12-09,"IN","India","South-East Asia",9419,34666241,159,474111
2021-12-10,"IN","India","South-East Asia",8503,34674744,624,474735
2021-12-11,"IN","India","South-East Asia",7992,34682736,393,475128
2021-12-12,"IN","India","South-East Asia",7774,34690510,306,475434
2021-12-13,"IN","India","South-East Asia",7350,34697860,202,475636
2021-12-14,"IN","India","South-East Asia",5784,34703644,252,475888
2021-12-15,"IN","India","South-East Asia",6984,34710628,247,476135
2021-12-16,"IN","India","South-East Asia",7974,34718602,343,476478
2021-12-17,"IN","India","South-East Asia",7447,34726049,391,476869
2021-12-18,"IN","India","South-East Asia",7145,34733194,289,477158
2021-12-19,"IN","India","South-East Asia",7081,34740275,264,477422
2021-12-20,"IN","India","South-East Asia",6563,34746838,132,477554
2021-12-21,"IN","India","South-East Asia",5326,34752164,453,478007
2021-12-22,"IN","India","South-East Asia",6317,34758481,318,478325
2021-12-23,"IN","India","South-East Asia",7495,34765976,434,478759
2021-12-24,"IN","India","South-East Asia",6650,34772626,374,479133
2021-12-25,"IN","India","South-East Asia",7189,34779815,387,479520
2021-12-26,"IN","India","South-East Asia",6987,34786802,162,479682
2021-12-27,"IN","India","South-East Asia",6531,34793333,315,479997
2021-12-28,"IN","India","South-East Asia",6358,34799691,293,480290
2021-12-29,"IN","India","South-East Asia",9195,34808886,302,480592
2021-12-30,"IN","India","South-East Asia",13154,34822040,268,480860
2021-12-31,"IN","India","South-East Asia",16764,34838804,220,481080
2022-01-01,"IN","India","South-East Asia",22775,34861579,406,481486
2022-01-02,"IN","India","South-East Asia",27553,34889132,284,481770
2022-01-03,"IN","India","South-East Asia",33750,34922882,123,481893
2022-01-04,"IN","India","South-East Asia",37379,34960261,124,482017
2022-01-05,"IN","India","South-East Asia",58097,35018358,534,482551
2022-01-06,"IN","India","South-East Asia",90928,35109286,325,482876
2022-01-07,"IN","India","South-East Asia",117100,35226386,302,483178
2022-01-08,"IN","India","South-East Asia",141986,35368372,285,483463
2022-01-09,"IN","India","South-East Asia",159632,35528004,327,483790
2022-01-10,"IN","India","South-East Asia",179723,35707727,146,483936
2022-01-11,"IN","India","South-East Asia",168063,35875790,277,484213
2022-01-12,"IN","India","South-East Asia",194720,36070510,442,484655
2022-01-13,"IN","India","South-East Asia",247417,36317927,380,485035
2022-01-14,"IN","India","South-East Asia",264202,36582129,315,485350
2022-01-15,"IN","India","South-East Asia",268833,36850962,402,485752
2022-01-16,"IN","India","South-East Asia",271202,37122164,314,486066
2022-01-17,"IN","India","South-East Asia",258089,37380253,385,486451
2022-01-18,"IN","India","South-East Asia",238018,37618271,310,486761
2022-01-19,"IN","India","South-East Asia",282970,37901241,441,487202
2022-01-20,"IN","India","South-East Asia",317532,38218773,491,487693
2022-01-21,"IN","India","South-East Asia",347254,38566027,703,488396
2022-01-22,"IN","India","South-East Asia",337704,38903731,488,488884
2022-01-23,"IN","India","South-East Asia",333533,39237264,525,489409
2022-01-24,"IN","India","South-East Asia",306064,39543328,439,489848
2022-01-25,"IN","India","South-East Asia",255874,39799202,614,490462
2022-01-26,"IN","India","South-East Asia",285914,40085116,665,491127
2022-01-27,"IN","India","South-East Asia",286384,40371500,573,491700
2022-01-28,"IN","India","South-East Asia",251209,40622709,627,492327
2022-01-29,"IN","India","South-East Asia",235532,40858241,871,493198
2022-01-30,"IN","India","South-East Asia",234281,41092522,893,494091
2022-01-31,"IN","India","South-East Asia",209918,41302440,959,495050
2022-02-01,"IN","India","South-East Asia",167059,41469499,1192,496242
2022-02-02,"IN","India","South-East Asia",161386,41630885,1733,497975
2022-02-03,"IN","India","South-East Asia",172433,41803318,1008,498983
2022-02-04,"IN","India","South-East Asia",149394,41952712,1072,500055
2022-02-05,"IN","India","South-East Asia",127952,42080664,1059,501114
2022-02-06,"IN","India","South-East Asia",107474,42188138,865,501979
2022-02-07,"IN","India","South-East Asia",83876,42272014,895,502874
2022-02-08,"IN","India","South-East Asia",67597,42339611,1188,504062
2022-02-09,"IN","India","South-East Asia",71365,42410976,1217,505279
2022-02-10,"IN","India","South-East Asia",67084,42478060,1241,506520
2022-02-11,"IN","India","South-East Asia",58077,42536137,657,507177
2022-02-12,"IN","India","South-East Asia",50407,42586544,804,507981
2022-02-13,"IN","India","South-East Asia",44877,42631421,684,508665
2022-02-14,"IN","India","South-East Asia",34113,42665534,346,509011
2022-02-15,"IN","India","South-East Asia",27409,42692943,347,509358
2022-02-16,"IN","India","South-East Asia",30615,42723558,514,509872
2022-02-17,"IN","India","South-East Asia",30757,42754315,541,510413
2022-02-18,"IN","India","South-East Asia",25920,42780235,492,510905
2022-02-19,"IN","India","South-East Asia",22270,42802505,325,511230
2022-02-20,"IN","India","South-East Asia",19968,42822473,673,511903
2022-02-21,"IN","India","South-East Asia",16051,42838524,206,512109
2022-02-22,"IN","India","South-East Asia",13405,42851929,235,512344
2022-02-23,"IN","India","South-East Asia",15102,42867031,278,512622
2022-02-24,"IN","India","South-East Asia",14148,42881179,302,512924
2022-02-25,"IN","India","South-East Asia",13166,42894345,302,513226
2022-02-26,"IN","India","South-East Asia",11499,42905844,255,513481
2022-02-27,"IN","India","South-East Asia",10273,42916117,243,513724
2022-02-28,"IN","India","South-East Asia",8013,42924130,119,513843
2022-03-01,"IN","India","South-East Asia",6915,42931045,180,514023
2022-03-02,"IN","India","South-East Asia",7554,42938599,223,514246
2022-03-03,"IN","India","South-East Asia",6561,42945160,142,514388
2022-03-04,"IN","India","South-East Asia",6396,42951556,201,514589
2022-03-05,"IN","India","South-East Asia",5921,42957477,289,514878
2022-03-06,"IN","India","South-East Asia",5476,42962953,158,515036
2021-12-06,"ID","Indonesia","South-East Asia",130,4257815,9,143876
2021-12-07,"ID","Indonesia","South-East Asia",261,4258076,17,143893
2021-12-08,"ID","Indonesia","South-East Asia",264,4258340,16,143909
2021-12-09,"ID","Indonesia","South-East Asia",220,4258560,9,143918
2021-12-10,"ID","Indonesia","South-East Asia",192,4258752,5,143923
2021-12-11,"ID","Indonesia","South-East Asia",228,4258980,6,143929
2021-12-12,"ID","Indonesia","South-East Asia",163,4259143,7,143936
2021-12-13,"ID","Indonesia","South-East Asia",106,4259249,12,143948
2021-12-14,"ID","Indonesia","South-East Asia",190,4259439,12,143960
2021-12-15,"ID","Indonesia","South-East Asia",205,4259644,9,143969
2021-12-16,"ID","Indonesia","South-East Asia",213,4259857,10,143979
2021-12-17,"ID","Indonesia","South-East Asia",291,4260148,7,143986
2021-12-18,"ID","Indonesia","South-East Asia",232,4260380,12,143998
2021-12-19,"ID","Indonesia","South-East Asia",164,4260544,4,144002
2021-12-20,"ID","Indonesia","South-East Asia",133,4260677,11,144013
2021-12-21,"ID","Indonesia","South-East Asia",216,4260893,11,144024
2021-12-22,"ID","Indonesia","South-East Asia",179,4261072,10,144034
2021-12-23,"ID","Indonesia","South-East Asia",136,4261208,8,144042
2021-12-24,"ID","Indonesia","South-East Asia",204,4261412,5,144047
2021-12-25,"ID","Indonesia","South-East Asia",255,4261667,6,144053
2021-12-26,"ID","Indonesia","South-East Asia",92,4261759,2,144055
2021-12-27,"ID","Indonesia","South-East Asia",120,4261879,8,144063
2021-12-28,"ID","Indonesia","South-East Asia",278,4262157,8,144071
2021-12-29,"ID","Indonesia","South-East Asia",194,4262351,10,144081
2021-12-30,"ID","Indonesia","South-East Asia",189,4262540,7,144088
2021-12-31,"ID","Indonesia","South-East Asia",180,4262720,6,144094
2022-01-01,"ID","Indonesia","South-East Asia",274,4262994,2,144096
2022-01-02,"ID","Indonesia","South-East Asia",174,4263168,1,144097
2022-01-03,"ID","Indonesia","South-East Asia",265,4263433,5,144102
2022-01-04,"ID","Indonesia","South-East Asia",299,4263732,3,144105
2022-01-05,"ID","Indonesia","South-East Asia",404,4264136,4,144109
2022-01-06,"ID","Indonesia","South-East Asia",533,4264669,7,144116
2022-01-07,"ID","Indonesia","South-East Asia",518,4265187,5,144121
2022-01-08,"ID","Indonesia","South-East Asia",479,4265666,6,144127
2022-01-09,"ID","Indonesia","South-East Asia",529,4266195,2,144129
2022-01-10,"ID","Indonesia","South-East Asia",454,4266649,7,144136
2022-01-11,"ID","Indonesia","South-East Asia",802,4267451,8,144144
2022-01-12,"ID","Indonesia","South-East Asia",646,4268097,6,144150
2022-01-13,"ID","Indonesia","South-East Asia",793,4268890,5,144155
2022-01-14,"ID","Indonesia","South-East Asia",850,4269740,8,144163
2022-01-15,"ID","Indonesia","South-East Asia",1054,4270794,4,144167
2022-01-16,"ID","Indonesia","South-East Asia",855,4271649,3,144170
2022-01-17,"ID","Indonesia","South-East Asia",772,4272421,4,144174
2022-01-18,"ID","Indonesia","South-East Asia",1362,4273783,9,144183
2022-01-19,"ID","Indonesia","South-East Asia",1745,4275528,9,144192
2022-01-20,"ID","Indonesia","South-East Asia",2116,4277644,7,144199
2022-01-21,"ID","Indonesia","South-East Asia",2604,4280248,2,144201
2022-01-22,"ID","Indonesia","South-East Asia",3205,4283453,5,144206
2022-01-23,"ID","Indonesia","South-East Asia",2925,4286378,14,144220
2022-01-24,"ID","Indonesia","South-East Asia",2927,4289305,7,144227
2022-01-25,"ID","Indonesia","South-East Asia",4878,4294183,20,144247
2022-01-26,"ID","Indonesia","South-East Asia",7010,4301193,7,144254
2022-01-27,"ID","Indonesia","South-East Asia",8077,4309270,7,144261
2022-01-28,"ID","Indonesia","South-East Asia",9905,4319175,7,144268
2022-01-29,"ID","Indonesia","South-East Asia",11588,4330763,17,144285
2022-01-30,"ID","Indonesia","South-East Asia",12422,4343185,18,144303
2022-01-31,"ID","Indonesia","South-East Asia",10185,4353370,17,144320
2022-02-01,"ID","Indonesia","South-East Asia",16021,4369391,28,144348
2022-02-02,"ID","Indonesia","South-East Asia",17895,4387286,25,144373
2022-02-03,"ID","Indonesia","South-East Asia",27197,4414483,38,144411
2022-02-04,"ID","Indonesia","South-East Asia",32211,4446694,42,144453
2022-02-05,"ID","Indonesia","South-East Asia",33729,4480423,44,144497
2022-02-06,"ID","Indonesia","South-East Asia",36057,4516480,57,144554
2022-02-07,"ID","Indonesia","South-East Asia",26121,4542601,82,144636
2022-02-08,"ID","Indonesia","South-East Asia",37492,4580093,83,144719
2022-02-09,"ID","Indonesia","South-East Asia",46843,4626936,65,144784
2022-02-10,"ID","Indonesia","South-East Asia",40618,4667554,74,144858
2022-02-11,"ID","Indonesia","South-East Asia",40489,4708043,100,144958
2022-02-12,"ID","Indonesia","South-East Asia",55209,4763252,107,145065
2022-02-13,"ID","Indonesia","South-East Asia",44526,4807778,111,145176
2022-02-14,"ID","Indonesia","South-East Asia",36501,4844279,145,145321
2022-02-15,"ID","Indonesia","South-East Asia",57049,4901328,134,145455
2022-02-16,"ID","Indonesia","South-East Asia",64718,4966046,167,145622
2022-02-17,"ID","Indonesia","South-East Asia",63956,5030002,206,145828
2022-02-18,"ID","Indonesia","South-East Asia",59635,5089637,216,146044
2022-02-19,"ID","Indonesia","South-East Asia",59384,5149021,158,146202
2022-02-20,"ID","Indonesia","South-East Asia",48484,5197505,163,146365
2022-02-21,"ID","Indonesia","South-East Asia",34418,5231923,176,146541
2022-02-22,"ID","Indonesia","South-East Asia",57491,5289414,257,146798
2022-02-23,"ID","Indonesia","South-East Asia",61488,5350902,227,147025
2022-02-24,"ID","Indonesia","South-East Asia",57426,5408328,317,147342
2022-02-25,"ID","Indonesia","South-East Asia",49447,5457775,244,147586
2022-02-26,"ID","Indonesia","South-East Asia",46643,5504418,258,147844
2022-02-27,"ID","Indonesia","South-East Asia",34976,5539394,229,148073
2022-02-28,"ID","Indonesia","South-East Asia",25054,5564448,262,148335
2022-03-01,"ID","Indonesia","South-East Asia",24728,5589176,325,148660
2022-03-02,"ID","Indonesia","South-East Asia",40920,5630096,376,149036
2022-03-03,"ID","Indonesia","South-East Asia",37259,5667355,232,149268
2022-03-04,"ID","Indonesia","South-East Asia",26347,5693702,328,149596
2022-03-05,"ID","Indonesia","South-East Asia",30156,5723858,322,149918
2022-03-06,"ID","Indonesia","South-East Asia",24867,5748725,254,150172
2021-12-06,"IR","Iran (Islamic Republic of)","Eastern Mediterranean",3109,6134465,76,130200
2021-12-07,"IR","Iran (Islamic Republic of)","Eastern Mediterranean",3356,6137821,77,130277
2021-12-08,"IR","Iran (Islamic Republic of)","Eastern Mediterranean",3514,6141335,79,130356
2021-12-09,"IR","Iran (Islamic Republic of)","Eastern Mediterranean",3309,6144644,90,130446
2021-12-10,"IR","Iran (Islamic Republic of)","Eastern Mediterranean",3228,6147872,78,130524
2021-12-11,"IR","Iran (Islamic Republic of)","Eastern Mediterranean",2971,6150843,79,130603
2021-12-12,"IR","Iran (Islamic Republic of)","Eastern Mediterranean",1681,6152524,58,130661
2021-12-13,"IR","Iran (Islamic Republic of)","Eastern Mediterranean",2289,6154813,61,130722
2021-12-14,"IR","Iran (Islamic Republic of)","Eastern Mediterranean",2706,6157519,42,130764
2021-12-15,"IR","Iran (Islamic Republic of)","Eastern Mediterranean",2784,6160303,67,130831
2021-12-16,"IR","Iran (Islamic Republic of)","Eastern Mediterranean",2651,6162954,52,130883
2021-12-17,"IR","Iran (Islamic Republic of)","Eastern Mediterranean",2500,6165454,63,130946
2021-12-18,"IR","Iran (Islamic Republic of)","Eastern Mediterranean",2196,6167650,46,130992
2021-12-19,"IR","Iran (Islamic Republic of)","Eastern Mediterranean",1361,6169011,41,131033
2021-12-20,"IR","Iran (Islamic Republic of)","Eastern Mediterranean",1968,6170979,50,131083
2021-12-21,"IR","Iran (Islamic Republic of)","Eastern Mediterranean",2390,6173369,41,131124
2021-12-22,"IR","Iran (Islamic Republic of)","Eastern Mediterranean",2413,6175782,43,131167
2021-12-23,"IR","Iran (Islamic Republic of)","Eastern Mediterranean",2103,6177885,44,131211
2021-12-24,"IR","Iran (Islamic Republic of)","Eastern Mediterranean",1932,6179817,51,131262
2021-12-25,"IR","Iran (Islamic Republic of)","Eastern Mediterranean",1967,6181784,44,131306
2021-12-26,"IR","Iran (Islamic Republic of)","Eastern Mediterranean",1121,6182905,42,131348
2021-12-27,"IR","Iran (Islamic Republic of)","Eastern Mediterranean",1857,6184762,52,131400
2021-12-28,"IR","Iran (Islamic Republic of)","Eastern Mediterranean",1967,6186729,34,131434
2021-12-29,"IR","Iran (Islamic Republic of)","Eastern Mediterranean",2128,6188857,40,131474
2021-12-30,"IR","Iran (Islamic Republic of)","Eastern Mediterranean",1905,6190762,53,131527
2021-12-31,"IR","Iran (Islamic Republic of)","Eastern Mediterranean",1936,6192698,45,131572
2022-01-01,"IR","Iran (Islamic Republic of)","Eastern Mediterranean",1703,6194401,34,131606
2022-01-02,"IR","Iran (Islamic Republic of)","Eastern Mediterranean",1002,6195403,33,131639
2022-01-03,"IR","Iran (Islamic Republic of)","Eastern Mediterranean",1510,6196913,41,131680
2022-01-04,"IR","Iran (Islamic Republic of)","Eastern Mediterranean",1677,6198590,22,131702
2022-01-05,"IR","Iran (Islamic Republic of)","Eastern Mediterranean",1706,6200296,34,131736
2022-01-06,"IR","Iran (Islamic Republic of)","Eastern Mediterranean",1171,6201467,42,131778
2022-01-07,"IR","Iran (Islamic Republic of)","Eastern Mediterranean",1171,6202638,24,131802
2022-01-08,"IR","Iran (Islamic Republic of)","Eastern Mediterranean",1178,6203816,19,131821
2022-01-09,"IR","Iran (Islamic Republic of)","Eastern Mediterranean",701,6204517,26,131847
2022-01-10,"IR","Iran (Islamic Republic of)","Eastern Mediterranean",1480,6205997,31,131878
2022-01-11,"IR","Iran (Islamic Republic of)","Eastern Mediterranean",2340,6208337,37,131915
2022-01-12,"IR","Iran (Islamic Republic of)","Eastern Mediterranean",1961,6210298,25,131940
2022-01-13,"IR","Iran (Islamic Republic of)","Eastern Mediterranean",2089,6212387,32,131972
2022-01-14,"IR","Iran (Islamic Republic of)","Eastern Mediterranean",2394,6214781,30,132002
2022-01-15,"IR","Iran (Islamic Republic of)","Eastern Mediterranean",2539,6217320,24,132026
2022-01-16,"IR","Iran (Islamic Republic of)","Eastern Mediterranean",1421,6218741,18,132044
2022-01-17,"IR","Iran (Islamic Republic of)","Eastern Mediterranean",2292,6221033,31,132075
2022-01-18,"IR","Iran (Islamic Republic of)","Eastern Mediterranean",3163,6224196,20,132095
2022-01-19,"IR","Iran (Islamic Republic of)","Eastern Mediterranean",3653,6227849,18,132113
2022-01-20,"IR","Iran (Islamic Republic of)","Eastern Mediterranean",4060,6231909,19,132132
2022-01-21,"IR","Iran (Islamic Republic of)","Eastern Mediterranean",4658,6236567,20,132152
2022-01-22,"IR","Iran (Islamic Republic of)","Eastern Mediterranean",5276,6241843,20,132172
2022-01-23,"IR","Iran (Islamic Republic of)","Eastern Mediterranean",3503,6245346,30,132202
2022-01-24,"IR","Iran (Islamic Republic of)","Eastern Mediterranean",5144,6250490,28,132230
2022-01-25,"IR","Iran (Islamic Republic of)","Eastern Mediterranean",7691,6258181,21,132251
2022-01-26,"IR","Iran (Islamic Republic of)","Eastern Mediterranean",9378,6267559,23,132274
2022-01-27,"IR","Iran (Islamic Republic of)","Eastern Mediterranean",11851,6279410,29,132303
2022-01-28,"IR","Iran (Islamic Republic of)","Eastern Mediterranean",14285,6293695,30,132333
2022-01-29,"IR","Iran (Islamic Republic of)","Eastern Mediterranean",16757,6310452,23,132356
2022-01-30,"IR","Iran (Islamic Republic of)","Eastern Mediterranean",11731,6322183,24,132380
2022-01-31,"IR","Iran (Islamic Republic of)","Eastern Mediterranean",21996,6344179,44,132424
2022-02-01,"IR","Iran (Islamic Republic of)","Eastern Mediterranean",28995,6373174,30,132454
2022-02-02,"IR","Iran (Islamic Republic of)","Eastern Mediterranean",35070,6408244,50,132504
2022-02-03,"IR","Iran (Islamic Republic of)","Eastern Mediterranean",38160,6446404,59,132563
2022-02-04,"IR","Iran (Islamic Republic of)","Eastern Mediterranean",37395,6483799,61,132624
2022-02-05,"IR","Iran (Islamic Republic of)","Eastern Mediterranean",36908,6520707,57,132681
2022-02-06,"IR","Iran (Islamic Republic of)","Eastern Mediterranean",23130,6543837,64,132745
2022-02-07,"IR","Iran (Islamic Republic of)","Eastern Mediterranean",35429,6579266,85,132830
2022-02-08,"IR","Iran (Islamic Republic of)","Eastern Mediterranean",39819,6619085,104,132934
2022-02-09,"IR","Iran (Islamic Republic of)","Eastern Mediterranean",38757,6657842,114,133048
2022-02-10,"IR","Iran (Islamic Republic of)","Eastern Mediterranean",39085,6696927,116,133164
2022-02-11,"IR","Iran (Islamic Republic of)","Eastern Mediterranean",33681,6730608,130,133294
2022-02-12,"IR","Iran (Islamic Republic of)","Eastern Mediterranean",31247,6761855,143,133437
2022-02-13,"IR","Iran (Islamic Republic of)","Eastern Mediterranean",18598,6780453,133,133570
2022-02-14,"IR","Iran (Islamic Republic of)","Eastern Mediterranean",25812,6806265,148,133718
2022-02-15,"IR","Iran (Islamic Republic of)","Eastern Mediterranean",28956,6835221,168,133886
2022-02-16,"IR","Iran (Islamic Republic of)","Eastern Mediterranean",25034,6860255,167,134053
2022-02-17,"IR","Iran (Islamic Republic of)","Eastern Mediterranean",16310,6876565,185,134238
2022-02-18,"IR","Iran (Islamic Republic of)","Eastern Mediterranean",17545,6894110,182,134420
2022-02-19,"IR","Iran (Islamic Republic of)","Eastern Mediterranean",19317,6913427,187,134607
2022-02-20,"IR","Iran (Islamic Republic of)","Eastern Mediterranean",12058,6925485,191,134798
2022-02-21,"IR","Iran (Islamic Republic of)","Eastern Mediterranean",16967,6942452,242,135040
2022-02-22,"IR","Iran (Islamic Republic of)","Eastern Mediterranean",19110,6961562,236,135276
2022-02-23,"IR","Iran (Islamic Republic of)","Eastern Mediterranean",22073,6983635,223,135499
2022-02-24,"IR","Iran (Islamic Republic of)","Eastern Mediterranean",15340,6998975,227,135726
2022-02-25,"IR","Iran (Islamic Republic of)","Eastern Mediterranean",12957,7011932,226,135952
2022-02-26,"IR","Iran (Islamic Republic of)","Eastern Mediterranean",11972,7023904,214,136166
2022-02-27,"IR","Iran (Islamic Republic of)","Eastern Mediterranean",7039,7030943,224,136390
2022-02-28,"IR","Iran (Islamic Republic of)","Eastern Mediterranean",9524,7040467,241,136631
2022-03-01,"IR","Iran (Islamic Republic of)","Eastern Mediterranean",10962,7051429,207,136838
2022-03-02,"IR","Iran (Islamic Republic of)","Eastern Mediterranean",9312,7060741,226,137064
2022-03-03,"IR","Iran (Islamic Republic of)","Eastern Mediterranean",6234,7066975,203,137267
2022-03-04,"IR","Iran (Islamic Republic of)","Eastern Mediterranean",6772,7073747,172,137439
2022-03-05,"IR","Iran (Islamic Republic of)","Eastern Mediterranean",6470,7080217,154,137593
2022-03-06,"IR","Iran (Islamic Republic of)","Eastern Mediterranean",4089,7084306,154,137747
2021-12-06,"IQ","Iraq","Eastern Mediterranean",457,2084346,12,23885
2021-12-07,"IQ","Iraq","Eastern Mediterranean",615,2084961,18,23903
2021-12-08,"IQ","Iraq","Eastern Mediterranean",625,2085586,16,23919
2021-12-09,"IQ","Iraq","Eastern Mediterranean",606,2086192,12,23931
2021-12-10,"IQ","Iraq","Eastern Mediterranean",510,2086702,12,23943
2021-12-11,"IQ","Iraq","Eastern Mediterranean",545,2087247,16,23959
2021-12-12,"IQ","Iraq","Eastern Mediterranean",250,2087497,6,23965
2021-12-13,"IQ","Iraq","Eastern Mediterranean",340,2087837,13,23978
2021-12-14,"IQ","Iraq","Eastern Mediterranean",522,2088359,16,23994
2021-12-15,"IQ","Iraq","Eastern Mediterranean",474,2088833,13,24007
2021-12-16,"IQ","Iraq","Eastern Mediterranean",426,2089259,10,24017
2021-12-17,"IQ","Iraq","Eastern Mediterranean",410,2089669,13,24030
2021-12-18,"IQ","Iraq","Eastern Mediterranean",357,2090026,12,24042
2021-12-19,"IQ","Iraq","Eastern Mediterranean",182,2090208,9,24051
2021-12-20,"IQ","Iraq","Eastern Mediterranean",272,2090480,12,24063
2021-12-21,"IQ","Iraq","Eastern Mediterranean",364,2090844,11,24074
2021-12-22,"IQ","Iraq","Eastern Mediterranean",336,2091180,13,24087
2021-12-23,"IQ","Iraq","Eastern Mediterranean",342,2091522,8,24095
2021-12-24,"IQ","Iraq","Eastern Mediterranean",312,2091834,13,24108
2021-12-25,"IQ","Iraq","Eastern Mediterranean",322,2092156,7,24115
2021-12-26,"IQ","Iraq","Eastern Mediterranean",156,2092312,7,24122
2021-12-27,"IQ","Iraq","Eastern Mediterranean",172,2092484,8,24130
2021-12-28,"IQ","Iraq","Eastern Mediterranean",166,2092650,9,24139
2021-12-29,"IQ","Iraq","Eastern Mediterranean",225,2092875,7,24146
2021-12-30,"IQ","Iraq","Eastern Mediterranean",261,2093136,5,24151
2021-12-31,"IQ","Iraq","Eastern Mediterranean",300,2093436,3,24154
2022-01-01,"IQ","Iraq","Eastern Mediterranean",304,2093740,4,24158
2022-01-02,"IQ","Iraq","Eastern Mediterranean",151,2093891,5,24163
2022-01-03,"IQ","Iraq","Eastern Mediterranean",206,2094097,4,24167
2022-01-04,"IQ","Iraq","Eastern Mediterranean",252,2094349,7,24174
2022-01-05,"IQ","Iraq","Eastern Mediterranean",318,2094667,8,24182
2022-01-06,"IQ","Iraq","Eastern Mediterranean",516,2095183,9,24191
2022-01-07,"IQ","Iraq","Eastern Mediterranean",665,2095848,3,24194
2022-01-08,"IQ","Iraq","Eastern Mediterranean",642,2096490,4,24198
2022-01-09,"IQ","Iraq","Eastern Mediterranean",316,2096806,2,24200
2022-01-10,"IQ","Iraq","Eastern Mediterranean",734,2097540,7,24207
2022-01-11,"IQ","Iraq","Eastern Mediterranean",1368,2098908,5,24212
2022-01-12,"IQ","Iraq","Eastern Mediterranean",1610,2100518,8,24220
2022-01-13,"IQ","Iraq","Eastern Mediterranean",2037,2102555,5,24225
2022-01-14,"IQ","Iraq","Eastern Mediterranean",2385,2104940,4,24229
2022-01-15,"IQ","Iraq","Eastern Mediterranean",3266,2108206,8,24237
2022-01-16,"IQ","Iraq","Eastern Mediterranean",2477,2110683,5,24242
2022-01-17,"IQ","Iraq","Eastern Mediterranean",3630,2114313,5,24247
2022-01-18,"IQ","Iraq","Eastern Mediterranean",4466,2118779,5,24252
2022-01-19,"IQ","Iraq","Eastern Mediterranean",6487,2125266,10,24262
2022-01-20,"IQ","Iraq","Eastern Mediterranean",6234,2131500,5,24267
2022-01-21,"IQ","Iraq","Eastern Mediterranean",5767,2137267,5,24272
2022-01-22,"IQ","Iraq","Eastern Mediterranean",7155,2144422,5,24277
2022-01-23,"IQ","Iraq","Eastern Mediterranean",4884,2149306,6,24283
2022-01-24,"IQ","Iraq","Eastern Mediterranean",4931,2154237,4,24287
2022-01-25,"IQ","Iraq","Eastern Mediterranean",5756,2159993,13,24300
2022-01-26,"IQ","Iraq","Eastern Mediterranean",7693,2167686,9,24309
2022-01-27,"IQ","Iraq","Eastern Mediterranean",8107,2175793,10,24319
2022-01-28,"IQ","Iraq","Eastern Mediterranean",7609,2183402,11,24330
2022-01-29,"IQ","Iraq","Eastern Mediterranean",8554,2191956,17,24347
2022-01-30,"IQ","Iraq","Eastern Mediterranean",5827,2197783,14,24361
2022-01-31,"IQ","Iraq","Eastern Mediterranean",5582,2203365,15,24376
2022-02-01,"IQ","Iraq","Eastern Mediterranean",7217,2210582,13,24389
2022-02-02,"IQ","Iraq","Eastern Mediterranean",7901,2218483,16,24405
2022-02-03,"IQ","Iraq","Eastern Mediterranean",8293,2226776,25,24430
2022-02-04,"IQ","Iraq","Eastern Mediterranean",6949,2233725,25,24455
2022-02-05,"IQ","Iraq","Eastern Mediterranean",6569,2240294,21,24476
2022-02-06,"IQ","Iraq","Eastern Mediterranean",4316,2244610,23,24499
2022-02-07,"IQ","Iraq","Eastern Mediterranean",3589,2248199,17,24516
2022-02-08,"IQ","Iraq","Eastern Mediterranean",5285,2253484,27,24543
2022-02-09,"IQ","Iraq","Eastern Mediterranean",5360,2258844,27,24570
2022-02-10,"IQ","Iraq","Eastern Mediterranean",4681,2263525,30,24600
2022-02-11,"IQ","Iraq","Eastern Mediterranean",4220,2267745,26,24626
2022-02-12,"IQ","Iraq","Eastern Mediterranean",3776,2271521,29,24655
2022-02-13,"IQ","Iraq","Eastern Mediterranean",2014,2273535,23,24678
2022-02-14,"IQ","Iraq","Eastern Mediterranean",2036,2275571,26,24704
2022-02-15,"IQ","Iraq","Eastern Mediterranean",3011,2278582,25,24729
2022-02-16,"IQ","Iraq","Eastern Mediterranean",2984,2281566,35,24764
2022-02-17,"IQ","Iraq","Eastern Mediterranean",2639,2284205,28,24792
2022-02-18,"IQ","Iraq","Eastern Mediterranean",2246,2286451,32,24824
2022-02-19,"IQ","Iraq","Eastern Mediterranean",2326,2288777,16,24840
2022-02-20,"IQ","Iraq","Eastern Mediterranean",1234,2290011,11,24851
2022-02-21,"IQ","Iraq","Eastern Mediterranean",1159,2291170,7,24858
2022-02-22,"IQ","Iraq","Eastern Mediterranean",2074,2293244,18,24876
2022-02-23,"IQ","Iraq","Eastern Mediterranean",1685,2294929,21,24897
2022-02-24,"IQ","Iraq","Eastern Mediterranean",1736,2296665,20,24917
2022-02-25,"IQ","Iraq","Eastern Mediterranean",1499,2298164,14,24931
2022-02-26,"IQ","Iraq","Eastern Mediterranean",1603,2299767,17,24948
2022-02-27,"IQ","Iraq","Eastern Mediterranean",878,2300645,12,24960
2022-02-28,"IQ","Iraq","Eastern Mediterranean",945,2301590,15,24975
2022-03-01,"IQ","Iraq","Eastern Mediterranean",1203,2302793,14,24989
2022-03-02,"IQ","Iraq","Eastern Mediterranean",1023,2303816,10,24999
2022-03-03,"IQ","Iraq","Eastern Mediterranean",1267,2305083,14,25013
2022-03-04,"IQ","Iraq","Eastern Mediterranean",1009,2306092,15,25028
2022-03-05,"IQ","Iraq","Eastern Mediterranean",1066,2307158,6,25034
2022-03-06,"IQ","Iraq","Eastern Mediterranean",397,2307555,7,25041
2021-12-06,"IE","Ireland","Europe",5145,594063,8,5874
2021-12-07,"IE","Ireland","Europe",2947,597010,8,5882
2021-12-08,"IE","Ireland","Europe",5570,602580,8,5890
2021-12-09,"IE","Ireland","Europe",4141,606721,5,5895
2021-12-10,"IE","Ireland","Europe",4007,610728,4,5899
2021-12-11,"IE","Ireland","Europe",4098,614826,6,5905
2021-12-12,"IE","Ireland","Europe",3992,618818,10,5915
2021-12-13,"IE","Ireland","Europe",4664,623482,10,5925
2021-12-14,"IE","Ireland","Europe",4678,628160,10,5935
2021-12-15,"IE","Ireland","Europe",3879,632039,9,5944
2021-12-16,"IE","Ireland","Europe",4228,636267,6,5950
2021-12-17,"IE","Ireland","Europe",4132,640399,12,5962
2021-12-18,"IE","Ireland","Europe",3622,644021,8,5970
2021-12-19,"IE","Ireland","Europe",7320,651341,8,5978
2021-12-20,"IE","Ireland","Europe",5123,656464,4,5982
2021-12-21,"IE","Ireland","Europe",4790,661254,4,5986
2021-12-22,"IE","Ireland","Europe",5269,666523,6,5992
2021-12-23,"IE","Ireland","Europe",4724,671247,13,6005
2021-12-24,"IE","Ireland","Europe",5288,676535,3,6008
2021-12-25,"IE","Ireland","Europe",8874,685409,12,6020
2021-12-26,"IE","Ireland","Europe",8342,693751,7,6027
2021-12-27,"IE","Ireland","Europe",2918,696669,2,6029
2021-12-28,"IE","Ireland","Europe",807,697476,10,6039
2021-12-29,"IE","Ireland","Europe",5437,702913,6,6045
2021-12-30,"IE","Ireland","Europe",10274,713187,4,6049
2021-12-31,"IE","Ireland","Europe",12129,725316,11,6060
2022-01-01,"IE","Ireland","Europe",12264,737580,10,6070
2022-01-02,"IE","Ireland","Europe",13856,751436,14,6084
2022-01-03,"IE","Ireland","Europe",10200,761636,8,6092
2022-01-04,"IE","Ireland","Europe",10641,772277,4,6096
2022-01-05,"IE","Ireland","Europe",10382,782659,5,6101
2022-01-06,"IE","Ireland","Europe",13154,795813,4,6105
2022-01-07,"IE","Ireland","Europe",12159,807972,8,6113
2022-01-08,"IE","Ireland","Europe",16634,824606,10,6123
2022-01-09,"IE","Ireland","Europe",14690,839296,16,6139
2022-01-10,"IE","Ireland","Europe",11214,850510,12,6151
2022-01-11,"IE","Ireland","Europe",9590,860100,8,6159
2022-01-12,"IE","Ireland","Europe",11897,871997,11,6170
2022-01-13,"IE","Ireland","Europe",16836,888833,17,6187
2022-01-14,"IE","Ireland","Europe",15849,904682,8,6195
2022-01-15,"IE","Ireland","Europe",10574,915256,11,6206
2022-01-16,"IE","Ireland","Europe",15579,930835,6,6212
2022-01-17,"IE","Ireland","Europe",9507,940342,8,6220
2022-01-18,"IE","Ireland","Europe",8945,949287,5,6225
2022-01-19,"IE","Ireland","Europe",9574,958861,9,6234
2022-01-20,"IE","Ireland","Europe",15737,974598,5,6239
2022-01-21,"IE","Ireland","Europe",16772,991370,5,6244
2022-01-22,"IE","Ireland","Europe",17688,1009058,7,6251
2022-01-23,"IE","Ireland","Europe",18432,1027490,9,6260
2022-01-24,"IE","Ireland","Europe",11840,1039330,9,6269
2022-01-25,"IE","Ireland","Europe",11248,1050578,11,6280
2022-01-26,"IE","Ireland","Europe",17308,1067886,8,6288
2022-01-27,"IE","Ireland","Europe",19943,1087829,9,6297
2022-01-28,"IE","Ireland","Europe",19772,1107601,11,6308
2022-01-29,"IE","Ireland","Europe",19706,1127307,7,6315
2022-01-30,"IE","Ireland","Europe",20268,1147575,10,6325
2022-01-31,"IE","Ireland","Europe",20534,1168109,12,6337
2022-02-01,"IE","Ireland","Europe",3465,1171574,9,6346
2022-02-02,"IE","Ireland","Europe",7583,1179157,9,6355
2022-02-03,"IE","Ireland","Europe",5281,1184438,3,6358
2022-02-04,"IE","Ireland","Europe",4049,1188487,4,6362
2022-02-05,"IE","Ireland","Europe",4681,1193168,12,6374
2022-02-06,"IE","Ireland","Europe",8798,1201966,4,6378
2022-02-07,"IE","Ireland","Europe",2381,1204347,10,6388
2022-02-08,"IE","Ireland","Europe",6051,1210398,5,6393
2022-02-09,"IE","Ireland","Europe",4706,1215104,5,6398
2022-02-10,"IE","Ireland","Europe",2703,1217807,10,6408
2022-02-11,"IE","Ireland","Europe",5536,1223343,6,6414
2022-02-12,"IE","Ireland","Europe",8295,1231638,2,6416
2022-02-13,"IE","Ireland","Europe",6049,1237687,6,6422
2022-02-14,"IE","Ireland","Europe",3147,1240834,5,6427
2022-02-15,"IE","Ireland","Europe",4669,1245503,2,6429
2022-02-16,"IE","Ireland","Europe",4161,1249664,5,6434
2022-02-17,"IE","Ireland","Europe",5266,1254930,7,6441
2022-02-18,"IE","Ireland","Europe",5035,1259965,3,6444
2022-02-19,"IE","Ireland","Europe",4819,1264784,5,6449
2022-02-20,"IE","Ireland","Europe",4843,1269627,4,6453
2022-02-21,"IE","Ireland","Europe",3351,1272978,2,6455
2022-02-22,"IE","Ireland","Europe",3473,1276451,5,6460
2022-02-23,"IE","Ireland","Europe",3289,1279740,3,6463
2022-02-24,"IE","Ireland","Europe",4158,1283898,5,6468
2022-02-25,"IE","Ireland","Europe",3757,1287655,3,6471
2022-02-26,"IE","Ireland","Europe",4335,1291990,4,6475
2022-02-27,"IE","Ireland","Europe",3635,1295625,4,6479
2022-02-28,"IE","Ireland","Europe",2338,1297963,6,6485
2022-03-01,"IE","Ireland","Europe",2277,1300240,12,6497
2022-03-02,"IE","Ireland","Europe",3300,1303540,11,6508
2022-03-03,"IE","Ireland","Europe",3342,1306882,13,6521
2022-03-04,"IE","Ireland","Europe",4042,1310924,6,6527
2022-03-05,"IE","Ireland","Europe",4033,1314957,4,6531
2022-03-06,"IE","Ireland","Europe",3904,1318861,11,6542
2021-12-06,"IM","Isle of Man","Europe",63,11937,0,67
2021-12-07,"IM","Isle of Man","Europe",108,12045,0,67
2021-12-08,"IM","Isle of Man","Europe",113,12158,0,67
2021-12-09,"IM","Isle of Man","Europe",82,12240,0,67
2021-12-10,"IM","Isle of Man","Europe",115,12355,0,67
2021-12-11,"IM","Isle of Man","Europe",95,12450,0,67
2021-12-12,"IM","Isle of Man","Europe",75,12525,0,67
2021-12-13,"IM","Isle of Man","Europe",63,12588,0,67
2021-12-14,"IM","Isle of Man","Europe",55,12643,0,67
2021-12-15,"IM","Isle of Man","Europe",88,12731,0,67
2021-12-16,"IM","Isle of Man","Europe",82,12813,0,67
2021-12-17,"IM","Isle of Man","Europe",83,12896,0,67
2021-12-18,"IM","Isle of Man","Europe",81,12977,0,67
2021-12-19,"IM","Isle of Man","Europe",62,13039,0,67
2021-12-20,"IM","Isle of Man","Europe",61,13100,0,67
2021-12-21,"IM","Isle of Man","Europe",57,13157,0,67
2021-12-22,"IM","Isle of Man","Europe",105,13262,0,67
2021-12-23,"IM","Isle of Man","Europe",108,13370,0,67
2021-12-24,"IM","Isle of Man","Europe",216,13586,0,67
2021-12-25,"IM","Isle of Man","Europe",164,13750,0,67
2021-12-26,"IM","Isle of Man","Europe",163,13913,0,67
2021-12-27,"IM","Isle of Man","Europe",116,14029,0,67
2021-12-28,"IM","Isle of Man","Europe",200,14229,0,67
2021-12-29,"IM","Isle of Man","Europe",266,14495,0,67
2021-12-30,"IM","Isle of Man","Europe",291,14786,0,67
2021-12-31,"IM","Isle of Man","Europe",580,15366,0,67
2022-01-01,"IM","Isle of Man","Europe",507,15873,0,67
2022-01-02,"IM","Isle of Man","Europe",434,16307,0,67
2022-01-03,"IM","Isle of Man","Europe",291,16598,0,67
2022-01-04,"IM","Isle of Man","Europe",388,16986,0,67
2022-01-05,"IM","Isle of Man","Europe",440,17426,0,67
2022-01-06,"IM","Isle of Man","Europe",521,17947,0,67
2022-01-07,"IM","Isle of Man","Europe",330,18277,1,68
2022-01-08,"IM","Isle of Man","Europe",268,18545,0,68
2022-01-09,"IM","Isle of Man","Europe",236,18781,0,68
2022-01-10,"IM","Isle of Man","Europe",165,18946,0,68
2022-01-11,"IM","Isle of Man","Europe",151,19097,0,68
2022-01-12,"IM","Isle of Man","Europe",309,19406,0,68
2022-01-13,"IM","Isle of Man","Europe",157,19563,0,68
2022-01-14,"IM","Isle of Man","Europe",123,19686,2,70
2022-01-15,"IM","Isle of Man","Europe",167,19853,0,70
2022-01-16,"IM","Isle of Man","Europe",84,19937,0,70
2022-01-17,"IM","Isle of Man","Europe",78,20015,0,70
2022-01-18,"IM","Isle of Man","Europe",138,20153,0,70
2022-01-19,"IM","Isle of Man","Europe",164,20317,0,70
2022-01-20,"IM","Isle of Man","Europe",127,20444,0,70
2022-01-21,"IM","Isle of Man","Europe",119,20563,0,70
2022-01-22,"IM","Isle of Man","Europe",92,20655,0,70
2022-01-23,"IM","Isle of Man","Europe",67,20722,0,70
2022-01-24,"IM","Isle of Man","Europe",69,20791,0,70
2022-01-25,"IM","Isle of Man","Europe",58,20849,0,70
2022-01-26,"IM","Isle of Man","Europe",150,20999,0,70
2022-01-27,"IM","Isle of Man","Europe",88,21087,0,70
2022-01-28,"IM","Isle of Man","Europe",92,21179,1,71
2022-01-29,"IM","Isle of Man","Europe",84,21263,0,71
2022-01-30,"IM","Isle of Man","Europe",70,21333,0,71
2022-01-31,"IM","Isle of Man","Europe",63,21396,0,71
2022-02-01,"IM","Isle of Man","Europe",58,21454,0,71
2022-02-02,"IM","Isle of Man","Europe",98,21552,0,71
2022-02-03,"IM","Isle of Man","Europe",80,21632,0,71
2022-02-04,"IM","Isle of Man","Europe",65,21697,2,73
2022-02-05,"IM","Isle of Man","Europe",51,21748,0,73
2022-02-06,"IM","Isle of Man","Europe",50,21798,0,73
2022-02-07,"IM","Isle of Man","Europe",28,21826,0,73
2022-02-08,"IM","Isle of Man","Europe",29,21855,0,73
2022-02-09,"IM","Isle of Man","Europe",65,21920,0,73
2022-02-10,"IM","Isle of Man","Europe",31,21951,0,73
2022-02-11,"IM","Isle of Man","Europe",38,21989,4,77
2022-02-12,"IM","Isle of Man","Europe",39,22028,0,77
2022-02-13,"IM","Isle of Man","Europe",28,22056,0,77
2022-02-14,"IM","Isle of Man","Europe",20,22076,0,77
2022-02-15,"IM","Isle of Man","Europe",21,22097,0,77
2022-02-16,"IM","Isle of Man","Europe",46,22143,0,77
2022-02-17,"IM","Isle of Man","Europe",39,22182,0,77
2022-02-18,"IM","Isle of Man","Europe",40,22222,2,79
2022-02-19,"IM","Isle of Man","Europe",45,22267,0,79
2022-02-20,"IM","Isle of Man","Europe",34,22301,0,79
2022-02-21,"IM","Isle of Man","Europe",35,22336,0,79
2022-02-22,"IM","Isle of Man","Europe",41,22377,0,79
2022-02-23,"IM","Isle of Man","Europe",64,22441,0,79
2022-02-24,"IM","Isle of Man","Europe",67,22508,0,79
2022-02-25,"IM","Isle of Man","Europe",69,22577,1,80
2022-02-26,"IM","Isle of Man","Europe",53,22630,0,80
2022-02-27,"IM","Isle of Man","Europe",47,22677,0,80
2022-02-28,"IM","Isle of Man","Europe",69,22746,0,80
2022-03-01,"IM","Isle of Man","Europe",68,22814,0,80
2022-03-02,"IM","Isle of Man","Europe",125,22939,0,80
2022-03-03,"IM","Isle of Man","Europe",130,23069,0,80
2022-03-04,"IM","Isle of Man","Europe",132,23201,0,80
2022-03-05,"IM","Isle of Man","Europe",97,23298,0,80
2022-03-06,"IM","Isle of Man","Europe",115,23413,0,80
2021-12-06,"IL","Israel","Europe",539,1346806,1,8215
2021-12-07,"IL","Israel","Europe",739,1347545,2,8217
2021-12-08,"IL","Israel","Europe",813,1348358,3,8220
2021-12-09,"IL","Israel","Europe",714,1349072,6,8226
2021-12-10,"IL","Israel","Europe",647,1349719,1,8227
2021-12-11,"IL","Israel","Europe",607,1350326,2,8229
2021-12-12,"IL","Israel","Europe",236,1350562,1,8230
2021-12-13,"IL","Israel","Europe",492,1351054,2,8232
2021-12-14,"IL","Israel","Europe",771,1351825,4,8236
2021-12-15,"IL","Israel","Europe",702,1352527,1,8237
2021-12-16,"IL","Israel","Europe",789,1353316,1,8238
2021-12-17,"IL","Israel","Europe",862,1354178,1,8239
2021-12-18,"IL","Israel","Europe",877,1355055,2,8241
2021-12-19,"IL","Israel","Europe",393,1355448,2,8243
2021-12-20,"IL","Israel","Europe",1021,1356469,2,8245
2021-12-21,"IL","Israel","Europe",1330,1357799,2,8247
2021-12-22,"IL","Israel","Europe",1200,1358999,0,8247
2021-12-23,"IL","Israel","Europe",1416,1360415,0,8247
2021-12-24,"IL","Israel","Europe",1514,1361929,1,8248
2021-12-25,"IL","Israel","Europe",1789,1363718,1,8249
2021-12-26,"IL","Israel","Europe",806,1364524,0,8249
2021-12-27,"IL","Israel","Europe",1805,1366329,2,8251
2021-12-28,"IL","Israel","Europe",2973,1369302,3,8254
2021-12-29,"IL","Israel","Europe",3242,1372544,1,8255
2021-12-30,"IL","Israel","Europe",4071,1376615,2,8257
2021-12-31,"IL","Israel","Europe",5079,1381694,0,8257
2022-01-01,"IL","Israel","Europe",5492,1387186,1,8258
2022-01-02,"IL","Israel","Europe",4230,1391416,2,8260
2022-01-03,"IL","Israel","Europe",6609,1398025,5,8265
2022-01-04,"IL","Israel","Europe",10952,1408977,4,8269
2022-01-05,"IL","Israel","Europe",12641,1421618,1,8270
2022-01-06,"IL","Israel","Europe",18561,1440179,4,8274
2022-01-07,"IL","Israel","Europe",19108,1459287,2,8276
2022-01-08,"IL","Israel","Europe",22001,1481288,3,8279
2022-01-09,"IL","Israel","Europe",22879,1504167,5,8284
2022-01-10,"IL","Israel","Europe",31154,1535321,7,8291
2022-01-11,"IL","Israel","Europe",41424,1576745,9,8300
2022-01-12,"IL","Israel","Europe",47436,1624181,7,8307
2022-01-13,"IL","Israel","Europe",48552,1672733,7,8314
2022-01-14,"IL","Israel","Europe",49229,1721962,11,8325
2022-01-15,"IL","Israel","Europe",45825,1767787,11,8336
2022-01-16,"IL","Israel","Europe",45066,1812853,17,8353
2022-01-17,"IL","Israel","Europe",64753,1877606,19,8372
2022-01-18,"IL","Israel","Europe",72030,1949636,23,8395
2022-01-19,"IL","Israel","Europe",73844,2023480,20,8415
2022-01-20,"IL","Israel","Europe",75042,2098522,24,8439
2022-01-21,"IL","Israel","Europe",75082,2173604,25,8464
2022-01-22,"IL","Israel","Europe",65612,2239216,38,8502
2022-01-23,"IL","Israel","Europe",67907,2307123,40,8542
2022-01-24,"IL","Israel","Europe",85216,2392339,41,8583
2022-01-25,"IL","Israel","Europe",83707,2476046,55,8638
2022-01-26,"IL","Israel","Europe",76343,2552389,44,8682
2022-01-27,"IL","Israel","Europe",67885,2620274,52,8734
2022-01-28,"IL","Israel","Europe",57720,2677994,37,8771
2022-01-29,"IL","Israel","Europe",53759,2731753,51,8822
2022-01-30,"IL","Israel","Europe",49433,2781186,57,8879
2022-01-31,"IL","Israel","Europe",74510,2855696,54,8933
2022-02-01,"IL","Israel","Europe",67845,2923541,57,8990
2022-02-02,"IL","Israel","Europe",60548,2984089,65,9055
2022-02-03,"IL","Israel","Europe",60909,3044998,73,9128
2022-02-04,"IL","Israel","Europe",46771,3091769,72,9200
2022-02-05,"IL","Israel","Europe",38263,3130032,52,9252
2022-02-06,"IL","Israel","Europe",33659,3163691,63,9315
2022-02-07,"IL","Israel","Europe",52727,3216418,61,9376
2022-02-08,"IL","Israel","Europe",44024,3260442,72,9448
2022-02-09,"IL","Israel","Europe",38280,3298722,59,9507
2022-02-10,"IL","Israel","Europe",37413,3336135,56,9563
2022-02-11,"IL","Israel","Europe",27928,3364063,74,9637
2022-02-12,"IL","Israel","Europe",22514,3386577,56,9693
2022-02-13,"IL","Israel","Europe",18045,3404622,57,9750
2022-02-14,"IL","Israel","Europe",31613,3436235,46,9796
2022-02-15,"IL","Israel","Europe",23678,3459913,49,9845
2022-02-16,"IL","Israel","Europe",20429,3480342,39,9884
2022-02-17,"IL","Israel","Europe",21301,3501643,36,9920
2022-02-18,"IL","Israel","Europe",15501,3517144,38,9958
2022-02-19,"IL","Israel","Europe",12589,3529733,24,9982
2022-02-20,"IL","Israel","Europe",10365,3540098,26,10008
2022-02-21,"IL","Israel","Europe",17692,3557790,32,10040
2022-02-22,"IL","Israel","Europe",13054,3570844,27,10067
2022-02-23,"IL","Israel","Europe",12153,3582997,32,10099
2022-02-24,"IL","Israel","Europe",11950,3594947,31,10130
2022-02-25,"IL","Israel","Europe",9142,3604089,21,10151
2022-02-26,"IL","Israel","Europe",7769,3611858,23,10174
2022-02-27,"IL","Israel","Europe",5993,3617851,20,10194
2022-02-28,"IL","Israel","Europe",10885,3628736,25,10219
2022-03-01,"IL","Israel","Europe",8514,3637250,23,10242
2022-03-02,"IL","Israel","Europe",7748,3644998,23,10265
2022-03-03,"IL","Israel","Europe",8311,3653309,12,10277
2022-03-04,"IL","Israel","Europe",6807,3660116,18,10295
2022-03-05,"IL","Israel","Europe",6024,3666140,11,10306
2022-03-06,"IL","Israel","Europe",4621,3670761,16,10322
2021-12-06,"IT","Italy","Europe",15010,5109082,43,134195
2021-12-07,"IT","Italy","Europe",9494,5118576,92,134287
2021-12-08,"IT","Italy","Europe",15742,5134318,99,134386
2021-12-09,"IT","Italy","Europe",17946,5152264,86,134472
2021-12-10,"IT","Italy","Europe",12516,5164780,79,134551
2021-12-11,"IT","Italy","Europe",20490,5185270,118,134669
2021-12-12,"IT","Italy","Europe",21035,5206305,96,134765
2021-12-13,"IT","Italy","Europe",19212,5225517,66,134831
2021-12-14,"IT","Italy","Europe",12704,5238221,98,134929
2021-12-15,"IT","Italy","Europe",20665,5258886,120,135049
2021-12-16,"IT","Italy","Europe",23190,5282076,129,135178
2021-12-17,"IT","Italy","Europe",26104,5308180,123,135301
2021-12-18,"IT","Italy","Europe",28615,5336795,120,135421
2021-12-19,"IT","Italy","Europe",28057,5364852,123,135544
2021-12-20,"IT","Italy","Europe",24303,5389155,97,135641
2021-12-21,"IT","Italy","Europe",16205,5405360,137,135778
2021-12-22,"IT","Italy","Europe",30783,5436143,153,135931
2021-12-23,"IT","Italy","Europe",36326,5472469,146,136077
2021-12-24,"IT","Italy","Europe",44585,5517054,168,136245
2021-12-25,"IT","Italy","Europe",50590,5567644,141,136386
2021-12-26,"IT","Italy","Europe",54787,5622431,144,136530
2021-12-27,"IT","Italy","Europe",24882,5647313,81,136611
2021-12-28,"IT","Italy","Europe",30799,5678112,142,136753
2021-12-29,"IT","Italy","Europe",78300,5756412,190,136943
2021-12-30,"IT","Italy","Europe",98016,5854428,148,137091
2021-12-31,"IT","Italy","Europe",127000,5981428,156,137247
2022-01-01,"IT","Italy","Europe",144255,6125683,155,137402
2022-01-02,"IT","Italy","Europe",141352,6267035,111,137513
2022-01-03,"IT","Italy","Europe",61041,6328076,133,137646
2022-01-04,"IT","Italy","Europe",68034,6396110,140,137786
2022-01-05,"IT","Italy","Europe",170837,6566947,259,138045
2022-01-06,"IT","Italy","Europe",189088,6756035,231,138276
2022-01-07,"IT","Italy","Europe",219430,6975465,198,138474
2022-01-08,"IT","Italy","Europe",108297,7083762,223,138697
2022-01-09,"IT","Italy","Europe",197535,7281297,184,138881
2022-01-10,"IT","Italy","Europe",155642,7436939,157,139038
2022-01-11,"IT","Italy","Europe",117405,7554344,227,139265
2022-01-12,"IT","Italy","Europe",220519,7774863,294,139559
2022-01-13,"IT","Italy","Europe",196205,7971068,313,139872
2022-01-14,"IT","Italy","Europe",184577,8155645,316,140188
2022-01-15,"IT","Italy","Europe",200869,8356514,360,140548
2022-01-16,"IT","Italy","Europe",192936,8549450,308,140856
2022-01-17,"IT","Italy","Europe",157465,8706915,248,141104
2022-01-18,"IT","Italy","Europe",83387,8790302,287,141391
2022-01-19,"IT","Italy","Europe",228123,9018425,434,141825
2022-01-20,"IT","Italy","Europe",200966,9219391,380,142205
2022-01-21,"IT","Italy","Europe",198865,9418256,385,142590
2022-01-22,"IT","Italy","Europe",185600,9603856,373,142963
2022-01-23,"IT","Italy","Europe",177335,9781191,333,143296
2022-01-24,"IT","Italy","Europe",142487,9923678,227,143523
2022-01-25,"IT","Italy","Europe",77666,10001344,352,143875
2022-01-26,"IT","Italy","Europe",215051,10216395,469,144344
2022-01-27,"IT","Italy","Europe",167166,10383561,426,144770
2022-01-28,"IT","Italy","Europe",156040,10539601,389,145159
2022-01-29,"IT","Italy","Europe",144347,10683948,378,145537
2022-01-30,"IT","Italy","Europe",137427,10821375,377,145914
2022-01-31,"IT","Italy","Europe",104110,10925485,235,146149
2022-02-01,"IT","Italy","Europe",57631,10983116,349,146498
2022-02-02,"IT","Italy","Europe",133306,11116422,427,146925
2022-02-03,"IT","Italy","Europe",119323,11235745,395,147320
2022-02-04,"IT","Italy","Europe",112956,11348701,414,147734
2022-02-05,"IT","Italy","Europe",100900,11449601,433,148167
2022-02-06,"IT","Italy","Europe",93192,11542793,375,148542
2022-02-07,"IT","Italy","Europe",78943,11621736,229,148771
2022-02-08,"IT","Italy","Europe",41602,11663338,326,149097
2022-02-09,"IT","Italy","Europe",102429,11765767,415,149512
2022-02-10,"IT","Italy","Europe",81669,11847436,384,149896
2022-02-11,"IT","Italy","Europe",76195,11923631,325,150221
2022-02-12,"IT","Italy","Europe",67478,11991109,334,150555
2022-02-13,"IT","Italy","Europe",62221,12053330,269,150824
2022-02-14,"IT","Italy","Europe",52345,12105675,191,151015
2022-02-15,"IT","Italy","Europe",28776,12134451,281,151296
2022-02-16,"IT","Italy","Europe",71023,12205474,388,151684
2022-02-17,"IT","Italy","Europe",59869,12265343,278,151962
2022-02-18,"IT","Italy","Europe",58055,12323398,320,152282
2022-02-19,"IT","Italy","Europe",53700,12377098,314,152596
2022-02-20,"IT","Italy","Europe",50675,12427773,252,152848
2022-02-21,"IT","Italy","Europe",42202,12469975,141,152989
2022-02-22,"IT","Italy","Europe",24484,12494459,201,153190
2022-02-23,"IT","Italy","Europe",60137,12554596,322,153512
2022-02-24,"IT","Italy","Europe",49162,12603758,252,153764
2022-02-25,"IT","Italy","Europe",47493,12651251,249,154013
2022-02-26,"IT","Italy","Europe",42069,12693320,193,154206
2022-02-27,"IT","Italy","Europe",39360,12732680,210,154416
2022-02-28,"IT","Italy","Europe",31878,12764558,144,154560
2022-03-01,"IT","Italy","Europe",19366,12783924,207,154767
2022-03-02,"IT","Italy","Europe",47136,12831060,233,155000
2022-03-03,"IT","Italy","Europe",37946,12869006,214,155214
2022-03-04,"IT","Italy","Europe",41500,12910506,185,155399
2022-03-05,"IT","Italy","Europe",38353,12948859,210,155609
2022-03-06,"IT","Italy","Europe",41364,12990223,173,155782
2021-12-06,"JM","Jamaica","Americas",48,91469,3,2410
2021-12-07,"JM","Jamaica","Americas",67,91536,0,2410
2021-12-08,"JM","Jamaica","Americas",18,91554,1,2411
2021-12-09,"JM","Jamaica","Americas",24,91578,4,2415
2021-12-10,"JM","Jamaica","Americas",23,91601,1,2416
2021-12-11,"JM","Jamaica","Americas",51,91652,2,2418
2021-12-12,"JM","Jamaica","Americas",73,91725,6,2424
2021-12-13,"JM","Jamaica","Americas",40,91765,1,2425
2021-12-14,"JM","Jamaica","Americas",37,91802,3,2428
2021-12-15,"JM","Jamaica","Americas",41,91843,1,2429
2021-12-16,"JM","Jamaica","Americas",25,91868,3,2432
2021-12-17,"JM","Jamaica","Americas",59,91927,1,2433
2021-12-18,"JM","Jamaica","Americas",45,91972,8,2441
2021-12-19,"JM","Jamaica","Americas",46,92018,3,2444
2021-12-20,"JM","Jamaica","Americas",0,92018,0,2444
2021-12-21,"JM","Jamaica","Americas",71,92089,5,2449
2021-12-22,"JM","Jamaica","Americas",40,92129,1,2450
2021-12-23,"JM","Jamaica","Americas",97,92226,0,2450
2021-12-24,"JM","Jamaica","Americas",53,92279,11,2461
2021-12-25,"JM","Jamaica","Americas",76,92355,1,2462
2021-12-26,"JM","Jamaica","Americas",0,92355,0,2462
2021-12-27,"JM","Jamaica","Americas",350,92705,1,2463
2021-12-28,"JM","Jamaica","Americas",84,92789,1,2464
2021-12-29,"JM","Jamaica","Americas",161,92950,0,2464
2021-12-30,"JM","Jamaica","Americas",276,93226,5,2469
2021-12-31,"JM","Jamaica","Americas",365,93591,1,2470
2022-01-01,"JM","Jamaica","Americas",329,93920,3,2473
2022-01-02,"JM","Jamaica","Americas",729,94649,3,2476
2022-01-03,"JM","Jamaica","Americas",528,95177,0,2476
2022-01-04,"JM","Jamaica","Americas",0,95177,0,2476
2022-01-05,"JM","Jamaica","Americas",1154,96331,3,2479
2022-01-06,"JM","Jamaica","Americas",735,97066,4,2483
2022-01-07,"JM","Jamaica","Americas",1128,98194,3,2486
2022-01-08,"JM","Jamaica","Americas",1269,99463,3,2489
2022-01-09,"JM","Jamaica","Americas",1593,101056,6,2495
2022-01-10,"JM","Jamaica","Americas",1449,102505,4,2499
2022-01-11,"JM","Jamaica","Americas",953,103458,2,2501
2022-01-12,"JM","Jamaica","Americas",1714,105172,1,2502
2022-01-13,"JM","Jamaica","Americas",1207,106379,4,2506
2022-01-14,"JM","Jamaica","Americas",1342,107721,8,2514
2022-01-15,"JM","Jamaica","Americas",1262,108983,3,2517
2022-01-16,"JM","Jamaica","Americas",1267,110250,5,2522
2022-01-17,"JM","Jamaica","Americas",0,110250,0,2522
2022-01-18,"JM","Jamaica","Americas",3188,113438,14,2536
2022-01-19,"JM","Jamaica","Americas",1548,114986,15,2551
2022-01-20,"JM","Jamaica","Americas",1098,116084,4,2555
2022-01-21,"JM","Jamaica","Americas",860,116944,6,2561
2022-01-22,"JM","Jamaica","Americas",773,117717,7,2568
2022-01-23,"JM","Jamaica","Americas",1010,118727,4,2572
2022-01-24,"JM","Jamaica","Americas",838,119565,22,2594
2022-01-25,"JM","Jamaica","Americas",1117,120682,5,2599
2022-01-26,"JM","Jamaica","Americas",754,121436,10,2609
2022-01-27,"JM","Jamaica","Americas",527,121963,6,2615
2022-01-28,"JM","Jamaica","Americas",500,122463,2,2617
2022-01-29,"JM","Jamaica","Americas",584,123047,18,2635
2022-01-30,"JM","Jamaica","Americas",0,123047,0,2635
2022-01-31,"JM","Jamaica","Americas",1055,124102,15,2650
2022-02-01,"JM","Jamaica","Americas",410,124512,8,2658
2022-02-02,"JM","Jamaica","Americas",294,124806,5,2663
2022-02-03,"JM","Jamaica","Americas",161,124967,12,2675
2022-02-04,"JM","Jamaica","Americas",283,125250,2,2677
2022-02-05,"JM","Jamaica","Americas",267,125517,10,2687
2022-02-06,"JM","Jamaica","Americas",264,125781,4,2691
2022-02-07,"JM","Jamaica","Americas",212,125993,3,2694
2022-02-08,"JM","Jamaica","Americas",229,126222,4,2698
2022-02-09,"JM","Jamaica","Americas",128,126350,1,2699
2022-02-10,"JM","Jamaica","Americas",87,126437,7,2706
2022-02-11,"JM","Jamaica","Americas",152,126589,2,2708
2022-02-12,"JM","Jamaica","Americas",143,126732,12,2720
2022-02-13,"JM","Jamaica","Americas",154,126886,18,2738
2022-02-14,"JM","Jamaica","Americas",0,126886,0,2738
2022-02-15,"JM","Jamaica","Americas",277,127163,12,2750
2022-02-16,"JM","Jamaica","Americas",70,127233,0,2750
2022-02-17,"JM","Jamaica","Americas",61,127294,5,2755
2022-02-18,"JM","Jamaica","Americas",83,127377,14,2769
2022-02-19,"JM","Jamaica","Americas",59,127436,2,2771
2022-02-20,"JM","Jamaica","Americas",0,127436,0,2771
2022-02-21,"JM","Jamaica","Americas",0,127436,0,2771
2022-02-22,"JM","Jamaica","Americas",229,127665,16,2787
2022-02-23,"JM","Jamaica","Americas",41,127706,8,2795
2022-02-24,"JM","Jamaica","Americas",35,127741,3,2798
2022-02-25,"JM","Jamaica","Americas",58,127799,10,2808
2022-02-26,"JM","Jamaica","Americas",57,127856,2,2810
2022-02-27,"JM","Jamaica","Americas",60,127916,1,2811
2022-02-28,"JM","Jamaica","Americas",0,127916,0,2811
2022-03-01,"JM","Jamaica","Americas",70,127986,2,2813
2022-03-02,"JM","Jamaica","Americas",67,128053,1,2814
2022-03-03,"JM","Jamaica","Americas",26,128079,0,2814
2022-03-04,"JM","Jamaica","Americas",29,128108,1,2815
2022-03-05,"JM","Jamaica","Americas",34,128142,10,2825
2022-03-06,"JM","Jamaica","Americas",0,128142,0,2825
2021-12-06,"JP","Japan","Western Pacific",114,1727942,0,18364
2021-12-07,"JP","Japan","Western Pacific",73,1728015,1,18365
2021-12-08,"JP","Japan","Western Pacific",98,1728113,2,18367
2021-12-09,"JP","Japan","Western Pacific",124,1728237,2,18369
2021-12-10,"JP","Japan","Western Pacific",173,1728410,2,18371
2021-12-11,"JP","Japan","Western Pacific",138,1728548,1,18372
2021-12-12,"JP","Japan","Western Pacific",141,1728689,1,18373
2021-12-13,"JP","Japan","Western Pacific",131,1728820,0,18373
2021-12-14,"JP","Japan","Western Pacific",87,1728907,1,18374
2021-12-15,"JP","Japan","Western Pacific",128,1729035,1,18375
2021-12-16,"JP","Japan","Western Pacific",173,1729208,1,18376
2021-12-17,"JP","Japan","Western Pacific",193,1729401,2,18378
2021-12-18,"JP","Japan","Western Pacific",181,1729582,1,18379
2021-12-19,"JP","Japan","Western Pacific",195,1729777,0,18379
2021-12-20,"JP","Japan","Western Pacific",187,1729964,0,18379
2021-12-21,"JP","Japan","Western Pacific",148,1730112,0,18379
2021-12-22,"JP","Japan","Western Pacific",223,1730335,2,18381
2021-12-23,"JP","Japan","Western Pacific",267,1730602,2,18383
2021-12-24,"JP","Japan","Western Pacific",303,1730905,41,18424
2021-12-25,"JP","Japan","Western Pacific",294,1731199,-38,18386
2021-12-26,"JP","Japan","Western Pacific",316,1731515,1,18387
2021-12-27,"JP","Japan","Western Pacific",274,1731789,0,18387
2021-12-28,"JP","Japan","Western Pacific",218,1732007,0,18387
2021-12-29,"JP","Japan","Western Pacific",362,1732369,2,18389
2021-12-30,"JP","Japan","Western Pacific",466,1732835,4,18393
2021-12-31,"JP","Japan","Western Pacific",490,1733325,0,18393
2022-01-01,"JP","Japan","Western Pacific",463,1733788,0,18393
2022-01-02,"JP","Japan","Western Pacific",504,1734292,0,18393
2022-01-03,"JP","Japan","Western Pacific",516,1734808,2,18395
2022-01-04,"JP","Japan","Western Pacific",783,1735591,1,18396
2022-01-05,"JP","Japan","Western Pacific",1256,1736847,1,18397
2022-01-06,"JP","Japan","Western Pacific",2506,1739353,1,18398
2022-01-07,"JP","Japan","Western Pacific",4194,1743547,0,18398
2022-01-08,"JP","Japan","Western Pacific",5983,1749530,2,18400
2022-01-09,"JP","Japan","Western Pacific",7930,1757460,2,18402
2022-01-10,"JP","Japan","Western Pacific",8144,1765604,1,18403
2022-01-11,"JP","Japan","Western Pacific",6394,1771998,2,18405
2022-01-12,"JP","Japan","Western Pacific",6829,1778827,2,18407
2022-01-13,"JP","Japan","Western Pacific",12243,1791070,5,18412
2022-01-14,"JP","Japan","Western Pacific",17940,1809010,2,18414
2022-01-15,"JP","Japan","Western Pacific",21241,1830251,11,18425
2022-01-16,"JP","Japan","Western Pacific",22707,1852958,6,18431
2022-01-17,"JP","Japan","Western Pacific",26881,1879839,2,18433
2022-01-18,"JP","Japan","Western Pacific",23351,1903190,1,18434
2022-01-19,"JP","Japan","Western Pacific",29862,1933052,10,18444
2022-01-20,"JP","Japan","Western Pacific",39841,1972893,13,18457
2022-01-21,"JP","Japan","Western Pacific",44638,2017531,12,18469
2022-01-22,"JP","Japan","Western Pacific",49531,2067062,9,18478
2022-01-23,"JP","Japan","Western Pacific",54180,2121242,12,18490
2022-01-24,"JP","Japan","Western Pacific",48411,2169653,16,18506
2022-01-25,"JP","Japan","Western Pacific",47176,2216829,17,18523
2022-01-26,"JP","Japan","Western Pacific",60933,2277762,36,18559
2022-01-27,"JP","Japan","Western Pacific",69736,2347498,40,18599
2022-01-28,"JP","Japan","Western Pacific",73945,2421443,43,18642
2022-01-29,"JP","Japan","Western Pacific",80994,2502437,44,18686
2022-01-30,"JP","Japan","Western Pacific",82159,2584596,43,18729
2022-01-31,"JP","Japan","Western Pacific",85042,2669638,35,18764
2022-02-01,"JP","Japan","Western Pacific",61190,2730828,28,18792
2022-02-02,"JP","Japan","Western Pacific",80222,2811050,79,18871
2022-02-03,"JP","Japan","Western Pacific",93388,2904438,78,18949
2022-02-04,"JP","Japan","Western Pacific",103038,3007476,90,19039
2022-02-05,"JP","Japan","Western Pacific",99299,3106775,92,19131
2022-02-06,"JP","Japan","Western Pacific",100949,3207724,126,19257
2022-02-07,"JP","Japan","Western Pacific",92865,3300589,67,19324
2022-02-08,"JP","Japan","Western Pacific",71708,3372297,122,19446
2022-02-09,"JP","Japan","Western Pacific",95945,3468242,141,19587
2022-02-10,"JP","Japan","Western Pacific",97946,3566188,155,19742
2022-02-11,"JP","Japan","Western Pacific",100097,3666285,175,19917
2022-02-12,"JP","Japan","Western Pacific",98173,3764458,142,20059
2022-02-13,"JP","Japan","Western Pacific",67506,3831964,143,20202
2022-02-14,"JP","Japan","Western Pacific",80234,3912198,157,20359
2022-02-15,"JP","Japan","Western Pacific",63581,3975779,135,20494
2022-02-16,"JP","Japan","Western Pacific",79896,4055675,207,20701
2022-02-17,"JP","Japan","Western Pacific",90522,4146197,253,20954
2022-02-18,"JP","Japan","Western Pacific",95603,4241800,244,21198
2022-02-19,"JP","Japan","Western Pacific",92939,4334739,235,21433
2022-02-20,"JP","Japan","Western Pacific",77153,4411892,203,21636
2022-02-21,"JP","Japan","Western Pacific",72861,4484753,185,21821
2022-02-22,"JP","Japan","Western Pacific",55903,4540656,179,22000
2022-02-23,"JP","Japan","Western Pacific",66373,4607029,272,22272
2022-02-24,"JP","Japan","Western Pacific",77810,4684839,257,22529
2022-02-25,"JP","Japan","Western Pacific",65657,4750496,226,22755
2022-02-26,"JP","Japan","Western Pacific",65196,4815692,256,23011
2022-02-27,"JP","Japan","Western Pacific",69661,4885353,259,23270
2022-02-28,"JP","Japan","Western Pacific",69267,4954620,0,23270
2022-03-01,"JP","Japan","Western Pacific",51272,5005892,363,23633
2022-03-02,"JP","Japan","Western Pacific",61843,5067735,227,23860
2022-03-03,"JP","Japan","Western Pacific",71570,5139305,232,24092
2022-03-04,"JP","Japan","Western Pacific",70958,5210263,257,24349
2022-03-05,"JP","Japan","Western Pacific",64333,5274596,255,24604
2022-03-06,"JP","Japan","Western Pacific",63520,5338116,185,24789
2021-12-06,"JE","Jersey","Europe",110,14757,0,81
2021-12-07,"JE","Jersey","Europe",84,14841,0,81
2021-12-08,"JE","Jersey","Europe",132,14973,1,82
2021-12-09,"JE","Jersey","Europe",116,15089,0,82
2021-12-10,"JE","Jersey","Europe",134,15223,2,84
2021-12-11,"JE","Jersey","Europe",118,15341,0,84
2021-12-12,"JE","Jersey","Europe",98,15439,0,84
2021-12-13,"JE","Jersey","Europe",94,15533,0,84
2021-12-14,"JE","Jersey","Europe",82,15615,0,84
2021-12-15,"JE","Jersey","Europe",116,15731,0,84
2021-12-16,"JE","Jersey","Europe",118,15849,0,84
2021-12-17,"JE","Jersey","Europe",149,15998,0,84
2021-12-18,"JE","Jersey","Europe",118,16116,1,85
2021-12-19,"JE","Jersey","Europe",110,16226,2,87
2021-12-20,"JE","Jersey","Europe",116,16342,0,87
2021-12-21,"JE","Jersey","Europe",144,16486,0,87
2021-12-22,"JE","Jersey","Europe",145,16631,0,87
2021-12-23,"JE","Jersey","Europe",167,16798,1,88
2021-12-24,"JE","Jersey","Europe",208,17006,1,89
2021-12-25,"JE","Jersey","Europe",216,17222,0,89
2021-12-26,"JE","Jersey","Europe",190,17412,0,89
2021-12-27,"JE","Jersey","Europe",72,17484,0,89
2021-12-28,"JE","Jersey","Europe",121,17605,0,89
2021-12-29,"JE","Jersey","Europe",462,18067,0,89
2021-12-30,"JE","Jersey","Europe",522,18589,0,89
2021-12-31,"JE","Jersey","Europe",413,19002,0,89
2022-01-01,"JE","Jersey","Europe",426,19428,0,89
2022-01-02,"JE","Jersey","Europe",323,19751,0,89
2022-01-03,"JE","Jersey","Europe",503,20254,0,89
2022-01-04,"JE","Jersey","Europe",423,20677,0,89
2022-01-05,"JE","Jersey","Europe",377,21054,0,89
2022-01-06,"JE","Jersey","Europe",504,21558,0,89
2022-01-07,"JE","Jersey","Europe",652,22210,0,89
2022-01-08,"JE","Jersey","Europe",663,22873,0,89
2022-01-09,"JE","Jersey","Europe",465,23338,1,90
2022-01-10,"JE","Jersey","Europe",451,23789,0,90
2022-01-11,"JE","Jersey","Europe",428,24217,0,90
2022-01-12,"JE","Jersey","Europe",449,24666,0,90
2022-01-13,"JE","Jersey","Europe",327,24993,0,90
2022-01-14,"JE","Jersey","Europe",334,25327,2,92
2022-01-15,"JE","Jersey","Europe",291,25618,0,92
2022-01-16,"JE","Jersey","Europe",290,25908,0,92
2022-01-17,"JE","Jersey","Europe",256,26164,0,92
2022-01-18,"JE","Jersey","Europe",242,26406,0,92
2022-01-19,"JE","Jersey","Europe",325,26731,0,92
2022-01-20,"JE","Jersey","Europe",314,27045,2,94
2022-01-21,"JE","Jersey","Europe",299,27344,0,94
2022-01-22,"JE","Jersey","Europe",278,27622,0,94
2022-01-23,"JE","Jersey","Europe",277,27899,2,96
2022-01-24,"JE","Jersey","Europe",210,28109,0,96
2022-01-25,"JE","Jersey","Europe",287,28396,0,96
2022-01-26,"JE","Jersey","Europe",400,28796,0,96
2022-01-27,"JE","Jersey","Europe",391,29187,3,99
2022-01-28,"JE","Jersey","Europe",355,29542,0,99
2022-01-29,"JE","Jersey","Europe",345,29887,0,99
2022-01-30,"JE","Jersey","Europe",348,30235,1,100
2022-01-31,"JE","Jersey","Europe",255,30490,0,100
2022-02-01,"JE","Jersey","Europe",299,30789,0,100
2022-02-02,"JE","Jersey","Europe",413,31202,1,101
2022-02-03,"JE","Jersey","Europe",356,31558,2,103
2022-02-04,"JE","Jersey","Europe",325,31883,0,103
2022-02-05,"JE","Jersey","Europe",265,32148,1,104
2022-02-06,"JE","Jersey","Europe",216,32364,0,104
2022-02-07,"JE","Jersey","Europe",248,32612,0,104
2022-02-08,"JE","Jersey","Europe",240,32852,0,104
2022-02-09,"JE","Jersey","Europe",310,33162,0,104
2022-02-10,"JE","Jersey","Europe",271,33433,2,106
2022-02-11,"JE","Jersey","Europe",284,33717,0,106
2022-02-12,"JE","Jersey","Europe",245,33962,0,106
2022-02-13,"JE","Jersey","Europe",232,34194,0,106
2022-02-14,"JE","Jersey","Europe",165,34359,0,106
2022-02-15,"JE","Jersey","Europe",190,34549,0,106
2022-02-16,"JE","Jersey","Europe",266,34815,2,108
2022-02-17,"JE","Jersey","Europe",255,35070,0,108
2022-02-18,"JE","Jersey","Europe",228,35298,0,108
2022-02-19,"JE","Jersey","Europe",212,35510,0,108
2022-02-20,"JE","Jersey","Europe",164,35674,1,109
2022-02-21,"JE","Jersey","Europe",140,35814,0,109
2022-02-22,"JE","Jersey","Europe",168,35982,0,109
2022-02-23,"JE","Jersey","Europe",255,36237,0,109
2022-02-24,"JE","Jersey","Europe",212,36449,1,110
2022-02-25,"JE","Jersey","Europe",254,36703,1,111
2022-02-26,"JE","Jersey","Europe",193,36896,1,112
2022-02-27,"JE","Jersey","Europe",213,37109,0,112
2022-02-28,"JE","Jersey","Europe",164,37273,0,112
2022-03-01,"JE","Jersey","Europe",234,37507,0,112
2022-03-02,"JE","Jersey","Europe",344,37851,0,112
2022-03-03,"JE","Jersey","Europe",311,38162,1,113
2022-03-04,"JE","Jersey","Europe",319,38481,0,113
2022-03-05,"JE","Jersey","Europe",318,38799,0,113
2022-03-06,"JE","Jersey","Europe",247,39046,1,114
2021-12-06,"JO","Jordan","Eastern Mediterranean",4555,975956,46,11761
2021-12-07,"JO","Jordan","Eastern Mediterranean",5811,981767,26,11787
2021-12-08,"JO","Jordan","Eastern Mediterranean",6392,988159,30,11817
2021-12-09,"JO","Jordan","Eastern Mediterranean",5180,993339,33,11850
2021-12-10,"JO","Jordan","Eastern Mediterranean",5153,998492,29,11879
2021-12-11,"JO","Jordan","Eastern Mediterranean",4936,1003428,38,11917
2021-12-12,"JO","Jordan","Eastern Mediterranean",2708,1006136,24,11941
2021-12-13,"JO","Jordan","Eastern Mediterranean",3897,1010033,41,11982
2021-12-14,"JO","Jordan","Eastern Mediterranean",5256,1015289,42,12024
2021-12-15,"JO","Jordan","Eastern Mediterranean",4402,1019691,24,12048
2021-12-16,"JO","Jordan","Eastern Mediterranean",4341,1024032,30,12078
2021-12-17,"JO","Jordan","Eastern Mediterranean",3812,1027844,40,12118
2021-12-18,"JO","Jordan","Eastern Mediterranean",3705,1031549,33,12151
2021-12-19,"JO","Jordan","Eastern Mediterranean",1920,1033469,40,12191
2021-12-20,"JO","Jordan","Eastern Mediterranean",3196,1036665,39,12230
2021-12-21,"JO","Jordan","Eastern Mediterranean",3578,1040243,38,12268
2021-12-22,"JO","Jordan","Eastern Mediterranean",3023,1043266,32,12300
2021-12-23,"JO","Jordan","Eastern Mediterranean",2448,1045714,29,12329
2021-12-24,"JO","Jordan","Eastern Mediterranean",2239,1047953,43,12372
2021-12-25,"JO","Jordan","Eastern Mediterranean",2304,1050257,31,12403
2021-12-26,"JO","Jordan","Eastern Mediterranean",1164,1051421,41,12444
2021-12-27,"JO","Jordan","Eastern Mediterranean",1447,1052868,43,12487
2021-12-28,"JO","Jordan","Eastern Mediterranean",2024,1054892,31,12518
2021-12-29,"JO","Jordan","Eastern Mediterranean",2403,1057295,38,12556
2021-12-30,"JO","Jordan","Eastern Mediterranean",2220,1059515,34,12590
2021-12-31,"JO","Jordan","Eastern Mediterranean",2045,1061560,30,12620
2022-01-01,"JO","Jordan","Eastern Mediterranean",1845,1063405,33,12653
2022-01-02,"JO","Jordan","Eastern Mediterranean",872,1064277,31,12684
2022-01-03,"JO","Jordan","Eastern Mediterranean",1294,1065571,26,12710
2022-01-04,"JO","Jordan","Eastern Mediterranean",1682,1067253,32,12742
2022-01-05,"JO","Jordan","Eastern Mediterranean",2296,1069549,23,12765
2022-01-06,"JO","Jordan","Eastern Mediterranean",2288,1071837,26,12791
2022-01-07,"JO","Jordan","Eastern Mediterranean",2170,1074007,19,12810
2022-01-08,"JO","Jordan","Eastern Mediterranean",2033,1076040,21,12831
2022-01-09,"JO","Jordan","Eastern Mediterranean",1392,1077432,25,12856
2022-01-10,"JO","Jordan","Eastern Mediterranean",2349,1079781,20,12876
2022-01-11,"JO","Jordan","Eastern Mediterranean",2789,1082570,17,12893
2022-01-12,"JO","Jordan","Eastern Mediterranean",2930,1085500,16,12909
2022-01-13,"JO","Jordan","Eastern Mediterranean",2829,1088329,23,12932
2022-01-14,"JO","Jordan","Eastern Mediterranean",3362,1091691,13,12945
2022-01-15,"JO","Jordan","Eastern Mediterranean",3396,1095087,14,12959
2022-01-16,"JO","Jordan","Eastern Mediterranean",2387,1097474,15,12974
2022-01-17,"JO","Jordan","Eastern Mediterranean",3493,1100967,12,12986
2022-01-18,"JO","Jordan","Eastern Mediterranean",5039,1106006,18,13004
2022-01-19,"JO","Jordan","Eastern Mediterranean",5175,1111181,10,13014
2022-01-20,"JO","Jordan","Eastern Mediterranean",6216,1117397,14,13028
2022-01-21,"JO","Jordan","Eastern Mediterranean",6289,1123686,15,13043
2022-01-22,"JO","Jordan","Eastern Mediterranean",6309,1129995,6,13049
2022-01-23,"JO","Jordan","Eastern Mediterranean",4102,1134097,13,13062
2022-01-24,"JO","Jordan","Eastern Mediterranean",6951,1141048,11,13073
2022-01-25,"JO","Jordan","Eastern Mediterranean",11478,1152526,15,13088
2022-01-26,"JO","Jordan","Eastern Mediterranean",11813,1164339,14,13102
2022-01-27,"JO","Jordan","Eastern Mediterranean",12826,1177165,22,13124
2022-01-28,"JO","Jordan","Eastern Mediterranean",7691,1184856,18,13142
2022-01-29,"JO","Jordan","Eastern Mediterranean",4224,1189080,15,13157
2022-01-30,"JO","Jordan","Eastern Mediterranean",8170,1197250,17,13174
2022-01-31,"JO","Jordan","Eastern Mediterranean",11833,1209083,19,13193
2022-02-01,"JO","Jordan","Eastern Mediterranean",16226,1225309,24,13217
2022-02-02,"JO","Jordan","Eastern Mediterranean",17781,1243090,18,13235
2022-02-03,"JO","Jordan","Eastern Mediterranean",17893,1260983,13,13248
2022-02-04,"JO","Jordan","Eastern Mediterranean",19123,1280106,23,13271
2022-02-05,"JO","Jordan","Eastern Mediterranean",21386,1301492,17,13288
2022-02-06,"JO","Jordan","Eastern Mediterranean",12751,1314243,12,13300
2022-02-07,"JO","Jordan","Eastern Mediterranean",15864,1330107,20,13320
2022-02-08,"JO","Jordan","Eastern Mediterranean",21626,1351733,27,13347
2022-02-09,"JO","Jordan","Eastern Mediterranean",22720,1374453,35,13382
2022-02-10,"JO","Jordan","Eastern Mediterranean",21977,1396430,27,13409
2022-02-11,"JO","Jordan","Eastern Mediterranean",21460,1417890,22,13431
2022-02-12,"JO","Jordan","Eastern Mediterranean",18872,1436762,25,13456
2022-02-13,"JO","Jordan","Eastern Mediterranean",14048,1450810,21,13477
2022-02-14,"JO","Jordan","Eastern Mediterranean",17550,1468360,31,13508
2022-02-15,"JO","Jordan","Eastern Mediterranean",22113,1490473,24,13532
2022-02-16,"JO","Jordan","Eastern Mediterranean",18477,1508950,22,13554
2022-02-17,"JO","Jordan","Eastern Mediterranean",17322,1526272,31,13585
2022-02-18,"JO","Jordan","Eastern Mediterranean",15107,1541379,23,13608
2022-02-19,"JO","Jordan","Eastern Mediterranean",12379,1553758,21,13629
2022-02-20,"JO","Jordan","Eastern Mediterranean",7064,1560822,28,13657
2022-02-21,"JO","Jordan","Eastern Mediterranean",10085,1570907,25,13682
2022-02-22,"JO","Jordan","Eastern Mediterranean",11254,1582161,31,13713
2022-02-23,"JO","Jordan","Eastern Mediterranean",9117,1591278,18,13731
2022-02-24,"JO","Jordan","Eastern Mediterranean",8144,1599422,20,13751
2022-02-25,"JO","Jordan","Eastern Mediterranean",7415,1606837,16,13767
2022-02-26,"JO","Jordan","Eastern Mediterranean",7861,1614698,18,13785
2022-02-27,"JO","Jordan","Eastern Mediterranean",2480,1617178,13,13798
2022-02-28,"JO","Jordan","Eastern Mediterranean",6296,1623474,16,13814
2022-03-01,"JO","Jordan","Eastern Mediterranean",8234,1631708,21,13835
2022-03-02,"JO","Jordan","Eastern Mediterranean",6520,1638228,14,13849
2022-03-03,"JO","Jordan","Eastern Mediterranean",0,1638228,0,13849
2022-03-04,"JO","Jordan","Eastern Mediterranean",0,1638228,0,13849
2022-03-05,"JO","Jordan","Eastern Mediterranean",0,1638228,0,13849
2022-03-06,"JO","Jordan","Eastern Mediterranean",0,1638228,0,13849
2021-12-06,"KZ","Kazakhstan","Europe",653,1058758,16,17948
2021-12-07,"KZ","Kazakhstan","Europe",551,1059309,10,17958
2021-12-08,"KZ","Kazakhstan","Europe",816,1060125,14,17972
2021-12-09,"KZ","Kazakhstan","Europe",798,1060923,13,17985
2021-12-10,"KZ","Kazakhstan","Europe",722,1061645,20,18005
2021-12-11,"KZ","Kazakhstan","Europe",634,1062279,11,18016
2021-12-12,"KZ","Kazakhstan","Europe",619,1062898,20,18036
2021-12-13,"KZ","Kazakhstan","Europe",512,1063410,13,18049
2021-12-14,"KZ","Kazakhstan","Europe",399,1063809,15,18064
2021-12-15,"KZ","Kazakhstan","Europe",556,1064365,14,18078
2021-12-16,"KZ","Kazakhstan","Europe",627,1064992,10,18088
2021-12-17,"KZ","Kazakhstan","Europe",605,1065597,10,18098
2021-12-18,"KZ","Kazakhstan","Europe",497,1066094,14,18112
2021-12-19,"KZ","Kazakhstan","Europe",453,1066547,4,18116
2021-12-20,"KZ","Kazakhstan","Europe",387,1066934,3,18119
2021-12-21,"KZ","Kazakhstan","Europe",375,1067309,18,18137
2021-12-22,"KZ","Kazakhstan","Europe",502,1067811,8,18145
2021-12-23,"KZ","Kazakhstan","Europe",552,1068363,15,18160
2021-12-24,"KZ","Kazakhstan","Europe",536,1068899,3,18163
2021-12-25,"KZ","Kazakhstan","Europe",510,1069409,13,18176
2021-12-26,"KZ","Kazakhstan","Europe",455,1069864,9,18185
2021-12-27,"KZ","Kazakhstan","Europe",351,1070215,5,18190
2021-12-28,"KZ","Kazakhstan","Europe",355,1070570,9,18199
2021-12-29,"KZ","Kazakhstan","Europe",465,1071035,12,18211
2021-12-30,"KZ","Kazakhstan","Europe",480,1071515,8,18219
2021-12-31,"KZ","Kazakhstan","Europe",522,1072037,8,18227
2022-01-01,"KZ","Kazakhstan","Europe",481,1072518,4,18231
2022-01-02,"KZ","Kazakhstan","Europe",481,1072999,5,18236
2022-01-03,"KZ","Kazakhstan","Europe",374,1073373,8,18244
2022-01-04,"KZ","Kazakhstan","Europe",416,1073789,12,18256
2022-01-05,"KZ","Kazakhstan","Europe",494,1074283,11,18267
2022-01-06,"KZ","Kazakhstan","Europe",741,1075024,6,18273
2022-01-07,"KZ","Kazakhstan","Europe",1192,1076216,1,18274
2022-01-08,"KZ","Kazakhstan","Europe",1510,1077726,0,18274
2022-01-09,"KZ","Kazakhstan","Europe",1945,1079671,4,18278
2022-01-10,"KZ","Kazakhstan","Europe",2087,1081758,6,18284
2022-01-11,"KZ","Kazakhstan","Europe",2230,1083988,2,18286
2022-01-12,"KZ","Kazakhstan","Europe",4889,1088877,2,18288
2022-01-13,"KZ","Kazakhstan","Europe",9183,1098060,3,18291
2022-01-14,"KZ","Kazakhstan","Europe",10507,1108567,2,18293
2022-01-15,"KZ","Kazakhstan","Europe",12423,1120990,12,18305
2022-01-16,"KZ","Kazakhstan","Europe",13608,1134598,7,18312
2022-01-17,"KZ","Kazakhstan","Europe",11567,1146165,6,18318
2022-01-18,"KZ","Kazakhstan","Europe",9706,1155871,8,18326
2022-01-19,"KZ","Kazakhstan","Europe",14061,1169932,12,18338
2022-01-20,"KZ","Kazakhstan","Europe",15995,1185927,12,18350
2022-01-21,"KZ","Kazakhstan","Europe",16442,1202369,7,18357
2022-01-22,"KZ","Kazakhstan","Europe",15315,1217684,13,18370
2022-01-23,"KZ","Kazakhstan","Europe",14172,1231856,12,18382
2022-01-24,"KZ","Kazakhstan","Europe",11364,1243220,9,18391
2022-01-25,"KZ","Kazakhstan","Europe",9045,1252265,12,18403
2022-01-26,"KZ","Kazakhstan","Europe",12034,1264299,12,18415
2022-01-27,"KZ","Kazakhstan","Europe",13758,1278057,15,18430
2022-01-28,"KZ","Kazakhstan","Europe",12706,1290763,24,18454
2022-01-29,"KZ","Kazakhstan","Europe",11897,1302660,18,18472
2022-01-30,"KZ","Kazakhstan","Europe",9648,1312308,18,18490
2022-01-31,"KZ","Kazakhstan","Europe",7506,1319814,18,18508
2022-02-01,"KZ","Kazakhstan","Europe",5479,1325293,20,18528
2022-02-02,"KZ","Kazakhstan","Europe",7350,1332643,19,18547
2022-02-03,"KZ","Kazakhstan","Europe",7767,1340410,23,18570
2022-02-04,"KZ","Kazakhstan","Europe",6773,1347183,30,18600
2022-02-05,"KZ","Kazakhstan","Europe",5865,1353048,22,18622
2022-02-06,"KZ","Kazakhstan","Europe",4926,1357974,19,18641
2022-02-07,"KZ","Kazakhstan","Europe",3689,1361663,19,18660
2022-02-08,"KZ","Kazakhstan","Europe",2019,1363682,12,18672
2022-02-09,"KZ","Kazakhstan","Europe",3372,1367054,21,18693
2022-02-10,"KZ","Kazakhstan","Europe",3412,1370466,23,18716
2022-02-11,"KZ","Kazakhstan","Europe",2581,1373047,20,18736
2022-02-12,"KZ","Kazakhstan","Europe",2386,1375433,20,18756
2022-02-13,"KZ","Kazakhstan","Europe",2027,1377460,15,18771
2022-02-14,"KZ","Kazakhstan","Europe",1335,1378795,10,18781
2022-02-15,"KZ","Kazakhstan","Europe",1177,1379972,15,18796
2022-02-16,"KZ","Kazakhstan","Europe",1586,1381558,11,18807
2022-02-17,"KZ","Kazakhstan","Europe",1408,1382966,29,18836
2022-02-18,"KZ","Kazakhstan","Europe",1412,1384378,15,18851
2022-02-19,"KZ","Kazakhstan","Europe",1066,1385444,6,18857
2022-02-20,"KZ","Kazakhstan","Europe",886,1386330,9,18866
2022-02-21,"KZ","Kazakhstan","Europe",633,1386963,1,18867
2022-02-22,"KZ","Kazakhstan","Europe",483,1387446,5,18872
2022-02-23,"KZ","Kazakhstan","Europe",655,1388101,10,18882
2022-02-24,"KZ","Kazakhstan","Europe",612,1388713,11,18893
2022-02-25,"KZ","Kazakhstan","Europe",575,1389288,13,18906
2022-02-26,"KZ","Kazakhstan","Europe",496,1389784,9,18915
2022-02-27,"KZ","Kazakhstan","Europe",389,1390173,14,18929
2022-02-28,"KZ","Kazakhstan","Europe",268,1390441,8,18937
2022-03-01,"KZ","Kazakhstan","Europe",229,1390670,10,18947
2022-03-02,"KZ","Kazakhstan","Europe",296,1390966,11,18958
2022-03-03,"KZ","Kazakhstan","Europe",311,1391277,5,18963
2022-03-04,"KZ","Kazakhstan","Europe",286,1391563,4,18967
2022-03-05,"KZ","Kazakhstan","Europe",250,1391813,3,18970
2022-03-06,"KZ","Kazakhstan","Europe",198,1392011,3,18973
2021-12-06,"KE","Kenya","Africa",29,255437,0,5335
2021-12-07,"KE","Kenya","Africa",32,255469,0,5335
2021-12-08,"KE","Kenya","Africa",75,255544,2,5337
2021-12-09,"KE","Kenya","Africa",108,255652,0,5337
2021-12-10,"KE","Kenya","Africa",144,255796,2,5339
2021-12-11,"KE","Kenya","Africa",136,255932,3,5342
2021-12-12,"KE","Kenya","Africa",202,256134,4,5346
2021-12-13,"KE","Kenya","Africa",201,256335,2,5348
2021-12-14,"KE","Kenya","Africa",149,256484,1,5349
2021-12-15,"KE","Kenya","Africa",331,256815,0,5349
2021-12-16,"KE","Kenya","Africa",799,257614,1,5350
2021-12-17,"KE","Kenya","Africa",943,258557,0,5350
2021-12-18,"KE","Kenya","Africa",1609,260166,3,5353
2021-12-19,"KE","Kenya","Africa",2169,262335,0,5353
2021-12-20,"KE","Kenya","Africa",1372,263707,0,5353
2021-12-21,"KE","Kenya","Africa",1020,264727,0,5353
2021-12-22,"KE","Kenya","Africa",2844,267571,1,5354
2021-12-23,"KE","Kenya","Africa",3328,270899,1,5355
2021-12-24,"KE","Kenya","Africa",3746,274645,1,5356
2021-12-25,"KE","Kenya","Africa",2964,277609,1,5357
2021-12-26,"KE","Kenya","Africa",3749,281358,2,5359
2021-12-27,"KE","Kenya","Africa",1196,282554,2,5361
2021-12-28,"KE","Kenya","Africa",1596,284150,3,5364
2021-12-29,"KE","Kenya","Africa",1504,285654,0,5364
2021-12-30,"KE","Kenya","Africa",3297,288951,8,5372
2021-12-31,"KE","Kenya","Africa",3286,292237,4,5376
2022-01-01,"KE","Kenya","Africa",0,292237,0,5376
2022-01-02,"KE","Kenya","Africa",4918,297155,5,5381
2022-01-03,"KE","Kenya","Africa",1354,298509,3,5384
2022-01-04,"KE","Kenya","Africa",1223,299732,10,5394
2022-01-05,"KE","Kenya","Africa",2402,302134,7,5401
2022-01-06,"KE","Kenya","Africa",2216,304350,3,5404
2022-01-07,"KE","Kenya","Africa",2336,306686,7,5411
2022-01-08,"KE","Kenya","Africa",2444,309130,14,5425
2022-01-09,"KE","Kenya","Africa",0,309130,0,5425
2022-01-10,"KE","Kenya","Africa",0,309130,0,5425
2022-01-11,"KE","Kenya","Africa",3442,312572,29,5454
2022-01-12,"KE","Kenya","Africa",1105,313677,8,5462
2022-01-13,"KE","Kenya","Africa",813,314490,7,5469
2022-01-14,"KE","Kenya","Africa",1175,315665,3,5472
2022-01-15,"KE","Kenya","Africa",1035,316700,10,5482
2022-01-16,"KE","Kenya","Africa",624,317324,6,5488
2022-01-17,"KE","Kenya","Africa",310,317634,0,5488
2022-01-18,"KE","Kenya","Africa",223,317857,11,5499
2022-01-19,"KE","Kenya","Africa",392,318249,5,5504
2022-01-20,"KE","Kenya","Africa",762,319011,16,5520
2022-01-21,"KE","Kenya","Africa",368,319379,0,5520
2022-01-22,"KE","Kenya","Africa",459,319838,8,5528
2022-01-23,"KE","Kenya","Africa",300,320138,3,5531
2022-01-24,"KE","Kenya","Africa",91,320229,23,5554
2022-01-25,"KE","Kenya","Africa",170,320399,4,5558
2022-01-26,"KE","Kenya","Africa",185,320584,4,5562
2022-01-27,"KE","Kenya","Africa",182,320766,3,5565
2022-01-28,"KE","Kenya","Africa",152,320918,2,5567
2022-01-29,"KE","Kenya","Africa",193,321111,11,5578
2022-01-30,"KE","Kenya","Africa",123,321234,0,5578
2022-01-31,"KE","Kenya","Africa",101,321335,2,5580
2022-02-01,"KE","Kenya","Africa",46,321381,3,5583
2022-02-02,"KE","Kenya","Africa",171,321552,4,5587
2022-02-03,"KE","Kenya","Africa",119,321671,6,5593
2022-02-04,"KE","Kenya","Africa",93,321764,11,5604
2022-02-05,"KE","Kenya","Africa",158,321922,0,5604
2022-02-06,"KE","Kenya","Africa",121,322043,3,5607
2022-02-07,"KE","Kenya","Africa",53,322096,14,5621
2022-02-08,"KE","Kenya","Africa",55,322151,0,5621
2022-02-09,"KE","Kenya","Africa",63,322214,0,5621
2022-02-10,"KE","Kenya","Africa",60,322274,1,5622
2022-02-11,"KE","Kenya","Africa",60,322334,4,5626
2022-02-12,"KE","Kenya","Africa",54,322388,0,5626
2022-02-13,"KE","Kenya","Africa",48,322436,3,5629
2022-02-14,"KE","Kenya","Africa",37,322473,2,5631
2022-02-15,"KE","Kenya","Africa",24,322497,1,5632
2022-02-16,"KE","Kenya","Africa",20,322517,0,5632
2022-02-17,"KE","Kenya","Africa",28,322545,1,5633
2022-02-18,"KE","Kenya","Africa",69,322614,0,5633
2022-02-19,"KE","Kenya","Africa",26,322640,0,5633
2022-02-20,"KE","Kenya","Africa",29,322669,2,5635
2022-02-21,"KE","Kenya","Africa",27,322696,0,5635
2022-02-22,"KE","Kenya","Africa",6,322702,3,5638
2022-02-23,"KE","Kenya","Africa",34,322736,0,5638
2022-02-24,"KE","Kenya","Africa",45,322781,0,5638
2022-02-25,"KE","Kenya","Africa",0,322781,0,5638
2022-02-26,"KE","Kenya","Africa",88,322869,0,5638
2022-02-27,"KE","Kenya","Africa",37,322906,1,5639
2022-02-28,"KE","Kenya","Africa",24,322930,0,5639
2022-03-01,"KE","Kenya","Africa",16,322946,0,5639
2022-03-02,"KE","Kenya","Africa",32,322978,0,5639
2022-03-03,"KE","Kenya","Africa",24,323002,1,5640
2022-03-04,"KE","Kenya","Africa",23,323025,0,5640
2022-03-05,"KE","Kenya","Africa",32,323057,0,5640
2022-03-06,"KE","Kenya","Africa",14,323071,0,5640
2021-12-06,"KI","Kiribati","Western Pacific",0,0,0,0
2021-12-07,"KI","Kiribati","Western Pacific",0,0,0,0
2021-12-08,"KI","Kiribati","Western Pacific",0,0,0,0
2021-12-09,"KI","Kiribati","Western Pacific",0,0,0,0
2021-12-10,"KI","Kiribati","Western Pacific",0,0,0,0
2021-12-11,"KI","Kiribati","Western Pacific",0,0,0,0
2021-12-12,"KI","Kiribati","Western Pacific",0,0,0,0
2021-12-13,"KI","Kiribati","Western Pacific",0,0,0,0
2021-12-14,"KI","Kiribati","Western Pacific",0,0,0,0
2021-12-15,"KI","Kiribati","Western Pacific",0,0,0,0
2021-12-16,"KI","Kiribati","Western Pacific",0,0,0,0
2021-12-17,"KI","Kiribati","Western Pacific",0,0,0,0
2021-12-18,"KI","Kiribati","Western Pacific",0,0,0,0
2021-12-19,"KI","Kiribati","Western Pacific",0,0,0,0
2021-12-20,"KI","Kiribati","Western Pacific",0,0,0,0
2021-12-21,"KI","Kiribati","Western Pacific",0,0,0,0
2021-12-22,"KI","Kiribati","Western Pacific",0,0,0,0
2021-12-23,"KI","Kiribati","Western Pacific",0,0,0,0
2021-12-24,"KI","Kiribati","Western Pacific",0,0,0,0
2021-12-25,"KI","Kiribati","Western Pacific",0,0,0,0
2021-12-26,"KI","Kiribati","Western Pacific",0,0,0,0
2021-12-27,"KI","Kiribati","Western Pacific",0,0,0,0
2021-12-28,"KI","Kiribati","Western Pacific",0,0,0,0
2021-12-29,"KI","Kiribati","Western Pacific",0,0,0,0
2021-12-30,"KI","Kiribati","Western Pacific",0,0,0,0
2021-12-31,"KI","Kiribati","Western Pacific",0,0,0,0
2022-01-01,"KI","Kiribati","Western Pacific",0,0,0,0
2022-01-02,"KI","Kiribati","Western Pacific",0,0,0,0
2022-01-03,"KI","Kiribati","Western Pacific",0,0,0,0
2022-01-04,"KI","Kiribati","Western Pacific",0,0,0,0
2022-01-05,"KI","Kiribati","Western Pacific",0,0,0,0
2022-01-06,"KI","Kiribati","Western Pacific",0,0,0,0
2022-01-07,"KI","Kiribati","Western Pacific",0,0,0,0
2022-01-08,"KI","Kiribati","Western Pacific",0,0,0,0
2022-01-09,"KI","Kiribati","Western Pacific",0,0,0,0
2022-01-10,"KI","Kiribati","Western Pacific",0,0,0,0
2022-01-11,"KI","Kiribati","Western Pacific",0,0,0,0
2022-01-12,"KI","Kiribati","Western Pacific",0,0,0,0
2022-01-13,"KI","Kiribati","Western Pacific",0,0,0,0
2022-01-14,"KI","Kiribati","Western Pacific",0,0,0,0
2022-01-15,"KI","Kiribati","Western Pacific",0,0,0,0
2022-01-16,"KI","Kiribati","Western Pacific",0,0,0,0
2022-01-17,"KI","Kiribati","Western Pacific",0,0,0,0
2022-01-18,"KI","Kiribati","Western Pacific",0,0,0,0
2022-01-19,"KI","Kiribati","Western Pacific",37,37,0,0
2022-01-20,"KI","Kiribati","Western Pacific",0,37,0,0
2022-01-21,"KI","Kiribati","Western Pacific",2,39,0,0
2022-01-22,"KI","Kiribati","Western Pacific",0,39,0,0
2022-01-23,"KI","Kiribati","Western Pacific",0,39,0,0
2022-01-24,"KI","Kiribati","Western Pacific",20,59,0,0
2022-01-25,"KI","Kiribati","Western Pacific",7,66,0,0
2022-01-26,"KI","Kiribati","Western Pacific",13,79,0,0
2022-01-27,"KI","Kiribati","Western Pacific",37,116,0,0
2022-01-28,"KI","Kiribati","Western Pacific",65,181,0,0
2022-01-29,"KI","Kiribati","Western Pacific",0,181,0,0
2022-01-30,"KI","Kiribati","Western Pacific",0,181,0,0
2022-01-31,"KI","Kiribati","Western Pacific",183,364,0,0
2022-02-01,"KI","Kiribati","Western Pacific",96,460,0,0
2022-02-02,"KI","Kiribati","Western Pacific",169,629,0,0
2022-02-03,"KI","Kiribati","Western Pacific",138,767,0,0
2022-02-04,"KI","Kiribati","Western Pacific",146,913,0,0
2022-02-05,"KI","Kiribati","Western Pacific",124,1037,0,0
2022-02-06,"KI","Kiribati","Western Pacific",350,1387,0,0
2022-02-07,"KI","Kiribati","Western Pacific",156,1543,0,0
2022-02-08,"KI","Kiribati","Western Pacific",201,1744,0,0
2022-02-09,"KI","Kiribati","Western Pacific",207,1951,1,1
2022-02-10,"KI","Kiribati","Western Pacific",222,2173,0,1
2022-02-11,"KI","Kiribati","Western Pacific",62,2235,1,2
2022-02-12,"KI","Kiribati","Western Pacific",0,2235,0,2
2022-02-13,"KI","Kiribati","Western Pacific",0,2235,0,2
2022-02-14,"KI","Kiribati","Western Pacific",313,2548,1,3
2022-02-15,"KI","Kiribati","Western Pacific",34,2582,0,3
2022-02-16,"KI","Kiribati","Western Pacific",83,2665,5,8
2022-02-17,"KI","Kiribati","Western Pacific",72,2737,1,9
2022-02-18,"KI","Kiribati","Western Pacific",20,2757,0,9
2022-02-19,"KI","Kiribati","Western Pacific",53,2810,0,9
2022-02-20,"KI","Kiribati","Western Pacific",13,2823,0,9
2022-02-21,"KI","Kiribati","Western Pacific",10,2833,2,11
2022-02-22,"KI","Kiribati","Western Pacific",14,2847,0,11
2022-02-23,"KI","Kiribati","Western Pacific",14,2861,0,11
2022-02-24,"KI","Kiribati","Western Pacific",6,2867,0,11
2022-02-25,"KI","Kiribati","Western Pacific",16,2883,0,11
2022-02-26,"KI","Kiribati","Western Pacific",0,2883,0,11
2022-02-27,"KI","Kiribati","Western Pacific",0,2883,0,11
2022-02-28,"KI","Kiribati","Western Pacific",31,2914,0,11
2022-03-01,"KI","Kiribati","Western Pacific",0,2914,0,11
2022-03-02,"KI","Kiribati","Western Pacific",26,2940,0,11
2022-03-03,"KI","Kiribati","Western Pacific",13,2953,0,11
2022-03-04,"KI","Kiribati","Western Pacific",11,2964,0,11
2022-03-05,"KI","Kiribati","Western Pacific",0,2964,0,11
2022-03-06,"KI","Kiribati","Western Pacific",0,2964,0,11
2021-12-06,"XK","Kosovo[1]","Europe",3,161092,1,2975
2021-12-07,"XK","Kosovo[1]","Europe",4,161096,0,2975
2021-12-08,"XK","Kosovo[1]","Europe",8,161104,0,2975
2021-12-09,"XK","Kosovo[1]","Europe",10,161114,0,2975
2021-12-10,"XK","Kosovo[1]","Europe",19,161133,1,2976
2021-12-11,"XK","Kosovo[1]","Europe",7,161140,1,2977
2021-12-12,"XK","Kosovo[1]","Europe",10,161150,0,2977
2021-12-13,"XK","Kosovo[1]","Europe",7,161157,0,2977
2021-12-14,"XK","Kosovo[1]","Europe",8,161165,0,2977
2021-12-15,"XK","Kosovo[1]","Europe",8,161173,1,2978
2021-12-16,"XK","Kosovo[1]","Europe",11,161184,0,2978
2021-12-17,"XK","Kosovo[1]","Europe",8,161192,0,2978
2021-12-18,"XK","Kosovo[1]","Europe",11,161203,0,2978
2021-12-19,"XK","Kosovo[1]","Europe",12,161215,1,2979
2021-12-20,"XK","Kosovo[1]","Europe",4,161219,0,2979
2021-12-21,"XK","Kosovo[1]","Europe",3,161222,0,2979
2021-12-22,"XK","Kosovo[1]","Europe",9,161231,0,2979
2021-12-23,"XK","Kosovo[1]","Europe",20,161251,0,2979
2021-12-24,"XK","Kosovo[1]","Europe",4,161255,0,2979
2021-12-25,"XK","Kosovo[1]","Europe",13,161268,0,2979
2021-12-26,"XK","Kosovo[1]","Europe",16,161284,0,2979
2021-12-27,"XK","Kosovo[1]","Europe",12,161296,1,2980
2021-12-28,"XK","Kosovo[1]","Europe",4,161300,0,2980
2021-12-29,"XK","Kosovo[1]","Europe",13,161313,0,2980
2021-12-30,"XK","Kosovo[1]","Europe",33,161346,0,2980
2021-12-31,"XK","Kosovo[1]","Europe",53,161399,0,2980
2022-01-01,"XK","Kosovo[1]","Europe",42,161441,0,2980
2022-01-02,"XK","Kosovo[1]","Europe",47,161488,1,2981
2022-01-03,"XK","Kosovo[1]","Europe",29,161517,0,2981
2022-01-04,"XK","Kosovo[1]","Europe",38,161555,0,2981
2022-01-05,"XK","Kosovo[1]","Europe",108,161663,0,2981
2022-01-06,"XK","Kosovo[1]","Europe",107,161770,0,2981
2022-01-07,"XK","Kosovo[1]","Europe",152,161922,0,2981
2022-01-08,"XK","Kosovo[1]","Europe",144,162066,0,2981
2022-01-09,"XK","Kosovo[1]","Europe",264,162330,0,2981
2022-01-10,"XK","Kosovo[1]","Europe",304,162634,0,2981
2022-01-11,"XK","Kosovo[1]","Europe",236,162870,0,2981
2022-01-12,"XK","Kosovo[1]","Europe",356,163226,0,2981
2022-01-13,"XK","Kosovo[1]","Europe",424,163650,1,2982
2022-01-14,"XK","Kosovo[1]","Europe",427,164077,2,2984
2022-01-15,"XK","Kosovo[1]","Europe",585,164662,0,2984
2022-01-16,"XK","Kosovo[1]","Europe",658,165320,0,2984
2022-01-17,"XK","Kosovo[1]","Europe",771,166091,0,2984
2022-01-18,"XK","Kosovo[1]","Europe",728,166819,0,2984
2022-01-19,"XK","Kosovo[1]","Europe",720,167539,1,2985
2022-01-20,"XK","Kosovo[1]","Europe",2050,169589,0,2985
2022-01-21,"XK","Kosovo[1]","Europe",2708,172297,1,2986
2022-01-22,"XK","Kosovo[1]","Europe",2943,175240,1,2987
2022-01-23,"XK","Kosovo[1]","Europe",3206,178446,0,2987
2022-01-24,"XK","Kosovo[1]","Europe",2957,181403,1,2988
2022-01-25,"XK","Kosovo[1]","Europe",2243,183646,2,2990
2022-01-26,"XK","Kosovo[1]","Europe",2707,186353,2,2992
2022-01-27,"XK","Kosovo[1]","Europe",4397,190750,0,2992
2022-01-28,"XK","Kosovo[1]","Europe",3917,194667,6,2998
2022-01-29,"XK","Kosovo[1]","Europe",3617,198284,4,3002
2022-01-30,"XK","Kosovo[1]","Europe",3628,201912,0,3002
2022-01-31,"XK","Kosovo[1]","Europe",2390,204302,0,3002
2022-02-01,"XK","Kosovo[1]","Europe",1593,205895,3,3005
2022-02-02,"XK","Kosovo[1]","Europe",2033,207928,6,3011
2022-02-03,"XK","Kosovo[1]","Europe",2590,210518,6,3017
2022-02-04,"XK","Kosovo[1]","Europe",2110,212628,5,3022
2022-02-05,"XK","Kosovo[1]","Europe",1853,214481,1,3023
2022-02-06,"XK","Kosovo[1]","Europe",1721,216202,4,3027
2022-02-07,"XK","Kosovo[1]","Europe",1283,217485,6,3033
2022-02-08,"XK","Kosovo[1]","Europe",754,218239,8,3041
2022-02-09,"XK","Kosovo[1]","Europe",787,219026,2,3043
2022-02-10,"XK","Kosovo[1]","Europe",1140,220166,5,3048
2022-02-11,"XK","Kosovo[1]","Europe",717,220883,4,3052
2022-02-12,"XK","Kosovo[1]","Europe",770,221653,2,3054
2022-02-13,"XK","Kosovo[1]","Europe",643,222296,4,3058
2022-02-14,"XK","Kosovo[1]","Europe",602,222898,6,3064
2022-02-15,"XK","Kosovo[1]","Europe",247,223145,2,3066
2022-02-16,"XK","Kosovo[1]","Europe",373,223518,2,3068
2022-02-17,"XK","Kosovo[1]","Europe",508,224026,3,3071
2022-02-18,"XK","Kosovo[1]","Europe",411,224437,5,3076
2022-02-19,"XK","Kosovo[1]","Europe",236,224673,4,3080
2022-02-20,"XK","Kosovo[1]","Europe",249,224922,8,3088
2022-02-21,"XK","Kosovo[1]","Europe",183,225105,2,3090
2022-02-22,"XK","Kosovo[1]","Europe",101,225206,1,3091
2022-02-23,"XK","Kosovo[1]","Europe",158,225364,1,3092
2022-02-24,"XK","Kosovo[1]","Europe",257,225621,3,3095
2022-02-25,"XK","Kosovo[1]","Europe",189,225810,3,3098
2022-02-26,"XK","Kosovo[1]","Europe",140,225950,3,3101
2022-02-27,"XK","Kosovo[1]","Europe",119,226069,1,3102
2022-02-28,"XK","Kosovo[1]","Europe",81,226150,1,3103
2022-03-01,"XK","Kosovo[1]","Europe",55,226205,1,3104
2022-03-02,"XK","Kosovo[1]","Europe",61,226266,1,3105
2022-03-03,"XK","Kosovo[1]","Europe",83,226349,1,3106
2022-03-04,"XK","Kosovo[1]","Europe",69,226418,0,3106
2022-03-05,"XK","Kosovo[1]","Europe",52,226470,1,3107
2022-03-06,"XK","Kosovo[1]","Europe",66,226536,0,3107
2021-12-06,"KW","Kuwait","Eastern Mediterranean",27,413491,0,2465
2021-12-07,"KW","Kuwait","Eastern Mediterranean",33,413524,0,2465
2021-12-08,"KW","Kuwait","Eastern Mediterranean",31,413555,0,2465
2021-12-09,"KW","Kuwait","Eastern Mediterranean",33,413588,1,2466
2021-12-10,"KW","Kuwait","Eastern Mediterranean",20,413608,0,2466
2021-12-11,"KW","Kuwait","Eastern Mediterranean",29,413637,0,2466
2021-12-12,"KW","Kuwait","Eastern Mediterranean",35,413672,0,2466
2021-12-13,"KW","Kuwait","Eastern Mediterranean",39,413711,0,2466
2021-12-14,"KW","Kuwait","Eastern Mediterranean",49,413760,0,2466
2021-12-15,"KW","Kuwait","Eastern Mediterranean",30,413790,0,2466
2021-12-16,"KW","Kuwait","Eastern Mediterranean",57,413847,0,2466
2021-12-17,"KW","Kuwait","Eastern Mediterranean",44,413891,0,2466
2021-12-18,"KW","Kuwait","Eastern Mediterranean",81,413972,0,2466
2021-12-19,"KW","Kuwait","Eastern Mediterranean",51,414023,0,2466
2021-12-20,"KW","Kuwait","Eastern Mediterranean",75,414098,0,2466
2021-12-21,"KW","Kuwait","Eastern Mediterranean",80,414178,0,2466
2021-12-22,"KW","Kuwait","Eastern Mediterranean",92,414270,0,2466
2021-12-23,"KW","Kuwait","Eastern Mediterranean",143,414413,0,2466
2021-12-24,"KW","Kuwait","Eastern Mediterranean",178,414591,1,2467
2021-12-25,"KW","Kuwait","Eastern Mediterranean",0,414591,0,2467
2021-12-26,"KW","Kuwait","Eastern Mediterranean",320,414911,1,2468
2021-12-27,"KW","Kuwait","Eastern Mediterranean",240,415151,0,2468
2021-12-28,"KW","Kuwait","Eastern Mediterranean",198,415349,0,2468
2021-12-29,"KW","Kuwait","Eastern Mediterranean",329,415678,0,2468
2021-12-30,"KW","Kuwait","Eastern Mediterranean",399,416077,0,2468
2021-12-31,"KW","Kuwait","Eastern Mediterranean",554,416631,0,2468
2022-01-01,"KW","Kuwait","Eastern Mediterranean",504,417135,0,2468
2022-01-02,"KW","Kuwait","Eastern Mediterranean",588,417723,0,2468
2022-01-03,"KW","Kuwait","Eastern Mediterranean",609,418332,0,2468
2022-01-04,"KW","Kuwait","Eastern Mediterranean",982,419314,0,2468
2022-01-05,"KW","Kuwait","Eastern Mediterranean",1482,420796,0,2468
2022-01-06,"KW","Kuwait","Eastern Mediterranean",2246,423042,1,2469
2022-01-07,"KW","Kuwait","Eastern Mediterranean",2413,425455,0,2469
2022-01-08,"KW","Kuwait","Eastern Mediterranean",2645,428100,0,2469
2022-01-09,"KW","Kuwait","Eastern Mediterranean",2820,430920,2,2471
2022-01-10,"KW","Kuwait","Eastern Mediterranean",2999,433919,0,2471
2022-01-11,"KW","Kuwait","Eastern Mediterranean",3683,437602,1,2472
2022-01-12,"KW","Kuwait","Eastern Mediterranean",4397,441999,1,2473
2022-01-13,"KW","Kuwait","Eastern Mediterranean",4548,446547,0,2473
2022-01-14,"KW","Kuwait","Eastern Mediterranean",4883,451430,1,2474
2022-01-15,"KW","Kuwait","Eastern Mediterranean",4881,456311,0,2474
2022-01-16,"KW","Kuwait","Eastern Mediterranean",4517,460828,1,2475
2022-01-17,"KW","Kuwait","Eastern Mediterranean",4503,465331,1,2476
2022-01-18,"KW","Kuwait","Eastern Mediterranean",5147,470478,1,2477
2022-01-19,"KW","Kuwait","Eastern Mediterranean",4825,475303,2,2479
2022-01-20,"KW","Kuwait","Eastern Mediterranean",4337,479640,1,2480
2022-01-21,"KW","Kuwait","Eastern Mediterranean",4510,484150,2,2482
2022-01-22,"KW","Kuwait","Eastern Mediterranean",4809,488959,1,2483
2022-01-23,"KW","Kuwait","Eastern Mediterranean",4148,493107,2,2485
2022-01-24,"KW","Kuwait","Eastern Mediterranean",4347,497454,1,2486
2022-01-25,"KW","Kuwait","Eastern Mediterranean",5176,502630,1,2487
2022-01-26,"KW","Kuwait","Eastern Mediterranean",5742,508372,1,2488
2022-01-27,"KW","Kuwait","Eastern Mediterranean",6454,514826,1,2489
2022-01-28,"KW","Kuwait","Eastern Mediterranean",6515,521341,1,2490
2022-01-29,"KW","Kuwait","Eastern Mediterranean",6913,528254,2,2492
2022-01-30,"KW","Kuwait","Eastern Mediterranean",5808,534062,2,2494
2022-01-31,"KW","Kuwait","Eastern Mediterranean",5592,539654,2,2496
2022-02-01,"KW","Kuwait","Eastern Mediterranean",6063,545717,1,2497
2022-02-02,"KW","Kuwait","Eastern Mediterranean",6436,552153,2,2499
2022-02-03,"KW","Kuwait","Eastern Mediterranean",6592,558745,2,2501
2022-02-04,"KW","Kuwait","Eastern Mediterranean",5990,564735,2,2503
2022-02-05,"KW","Kuwait","Eastern Mediterranean",5407,570142,2,2505
2022-02-06,"KW","Kuwait","Eastern Mediterranean",4445,574587,3,2508
2022-02-07,"KW","Kuwait","Eastern Mediterranean",4232,578819,2,2510
2022-02-08,"KW","Kuwait","Eastern Mediterranean",4294,583113,1,2511
2022-02-09,"KW","Kuwait","Eastern Mediterranean",3989,587102,2,2513
2022-02-10,"KW","Kuwait","Eastern Mediterranean",3463,590565,1,2514
2022-02-11,"KW","Kuwait","Eastern Mediterranean",3324,593889,3,2517
2022-02-12,"KW","Kuwait","Eastern Mediterranean",2896,596785,1,2518
2022-02-13,"KW","Kuwait","Eastern Mediterranean",2254,599039,1,2519
2022-02-14,"KW","Kuwait","Eastern Mediterranean",2268,601307,1,2520
2022-02-15,"KW","Kuwait","Eastern Mediterranean",2562,603869,1,2521
2022-02-16,"KW","Kuwait","Eastern Mediterranean",2166,606035,1,2522
2022-02-17,"KW","Kuwait","Eastern Mediterranean",1917,607952,2,2524
2022-02-18,"KW","Kuwait","Eastern Mediterranean",1501,609453,1,2525
2022-02-19,"KW","Kuwait","Eastern Mediterranean",1348,610801,2,2527
2022-02-20,"KW","Kuwait","Eastern Mediterranean",1019,611820,1,2528
2022-02-21,"KW","Kuwait","Eastern Mediterranean",1195,613015,1,2529
2022-02-22,"KW","Kuwait","Eastern Mediterranean",1329,614344,1,2530
2022-02-23,"KW","Kuwait","Eastern Mediterranean",1053,615397,1,2531
2022-02-24,"KW","Kuwait","Eastern Mediterranean",1012,616409,2,2533
2022-02-25,"KW","Kuwait","Eastern Mediterranean",866,617275,1,2534
2022-02-26,"KW","Kuwait","Eastern Mediterranean",846,618121,1,2535
2022-02-27,"KW","Kuwait","Eastern Mediterranean",582,618703,1,2536
2022-02-28,"KW","Kuwait","Eastern Mediterranean",607,619310,1,2537
2022-03-01,"KW","Kuwait","Eastern Mediterranean",584,619894,1,2538
2022-03-02,"KW","Kuwait","Eastern Mediterranean",558,620452,1,2539
2022-03-03,"KW","Kuwait","Eastern Mediterranean",528,620980,1,2540
2022-03-04,"KW","Kuwait","Eastern Mediterranean",486,621466,1,2541
2022-03-05,"KW","Kuwait","Eastern Mediterranean",499,621965,2,2543
2022-03-06,"KW","Kuwait","Eastern Mediterranean",524,622489,1,2544
2021-12-06,"KG","Kyrgyzstan","Europe",34,183649,2,2760
2021-12-07,"KG","Kyrgyzstan","Europe",63,183712,2,2762
2021-12-08,"KG","Kyrgyzstan","Europe",32,183744,0,2762
2021-12-09,"KG","Kyrgyzstan","Europe",66,183810,2,2764
2021-12-10,"KG","Kyrgyzstan","Europe",53,183863,2,2766
2021-12-11,"KG","Kyrgyzstan","Europe",68,183931,2,2768
2021-12-12,"KG","Kyrgyzstan","Europe",34,183965,2,2770
2021-12-13,"KG","Kyrgyzstan","Europe",26,183991,0,2770
2021-12-14,"KG","Kyrgyzstan","Europe",36,184027,3,2773
2021-12-15,"KG","Kyrgyzstan","Europe",28,184055,2,2775
2021-12-16,"KG","Kyrgyzstan","Europe",39,184094,2,2777
2021-12-17,"KG","Kyrgyzstan","Europe",29,184123,2,2779
2021-12-18,"KG","Kyrgyzstan","Europe",40,184163,2,2781
2021-12-19,"KG","Kyrgyzstan","Europe",32,184195,2,2783
2021-12-20,"KG","Kyrgyzstan","Europe",23,184218,1,2784
2021-12-21,"KG","Kyrgyzstan","Europe",51,184269,2,2786
2021-12-22,"KG","Kyrgyzstan","Europe",50,184319,1,2787
2021-12-23,"KG","Kyrgyzstan","Europe",37,184356,1,2788
2021-12-24,"KG","Kyrgyzstan","Europe",39,184395,2,2790
2021-12-25,"KG","Kyrgyzstan","Europe",44,184439,2,2792
2021-12-26,"KG","Kyrgyzstan","Europe",38,184477,3,2795
2021-12-27,"KG","Kyrgyzstan","Europe",29,184506,2,2797
2021-12-28,"KG","Kyrgyzstan","Europe",46,184552,1,2798
2021-12-29,"KG","Kyrgyzstan","Europe",40,184592,1,2799
2021-12-30,"KG","Kyrgyzstan","Europe",41,184633,1,2800
2021-12-31,"KG","Kyrgyzstan","Europe",56,184689,2,2802
2022-01-01,"KG","Kyrgyzstan","Europe",59,184748,0,2802
2022-01-02,"KG","Kyrgyzstan","Europe",38,184786,2,2804
2022-01-03,"KG","Kyrgyzstan","Europe",41,184827,1,2805
2022-01-04,"KG","Kyrgyzstan","Europe",52,184879,2,2807
2022-01-05,"KG","Kyrgyzstan","Europe",152,185031,2,2809
2022-01-06,"KG","Kyrgyzstan","Europe",206,185237,2,2811
2022-01-07,"KG","Kyrgyzstan","Europe",247,185484,3,2814
2022-01-08,"KG","Kyrgyzstan","Europe",193,185677,2,2816
2022-01-09,"KG","Kyrgyzstan","Europe",190,185867,2,2818
2022-01-10,"KG","Kyrgyzstan","Europe",198,186065,1,2819
2022-01-11,"KG","Kyrgyzstan","Europe",348,186413,2,2821
2022-01-12,"KG","Kyrgyzstan","Europe",465,186878,2,2823
2022-01-13,"KG","Kyrgyzstan","Europe",742,187620,3,2826
2022-01-14,"KG","Kyrgyzstan","Europe",586,188206,1,2827
2022-01-15,"KG","Kyrgyzstan","Europe",607,188813,1,2828
2022-01-16,"KG","Kyrgyzstan","Europe",874,189687,2,2830
2022-01-17,"KG","Kyrgyzstan","Europe",781,190468,3,2833
2022-01-18,"KG","Kyrgyzstan","Europe",820,191288,3,2836
2022-01-19,"KG","Kyrgyzstan","Europe",870,192158,2,2838
2022-01-20,"KG","Kyrgyzstan","Europe",870,193028,4,2842
2022-01-21,"KG","Kyrgyzstan","Europe",788,193816,1,2843
2022-01-22,"KG","Kyrgyzstan","Europe",791,194607,3,2846
2022-01-23,"KG","Kyrgyzstan","Europe",787,195394,3,2849
2022-01-24,"KG","Kyrgyzstan","Europe",426,195820,2,2851
2022-01-25,"KG","Kyrgyzstan","Europe",412,196232,3,2854
2022-01-26,"KG","Kyrgyzstan","Europe",370,196602,4,2858
2022-01-27,"KG","Kyrgyzstan","Europe",479,197081,4,2862
2022-01-28,"KG","Kyrgyzstan","Europe",356,197437,5,2867
2022-01-29,"KG","Kyrgyzstan","Europe",398,197835,5,2872
2022-01-30,"KG","Kyrgyzstan","Europe",276,198111,4,2876
2022-01-31,"KG","Kyrgyzstan","Europe",205,198316,4,2880
2022-02-01,"KG","Kyrgyzstan","Europe",202,198518,4,2884
2022-02-02,"KG","Kyrgyzstan","Europe",201,198719,5,2889
2022-02-03,"KG","Kyrgyzstan","Europe",243,198962,4,2893
2022-02-04,"KG","Kyrgyzstan","Europe",202,199164,3,2896
2022-02-05,"KG","Kyrgyzstan","Europe",162,199326,3,2899
2022-02-06,"KG","Kyrgyzstan","Europe",110,199436,3,2902
2022-02-07,"KG","Kyrgyzstan","Europe",83,199519,3,2905
2022-02-08,"KG","Kyrgyzstan","Europe",98,199617,4,2909
2022-02-09,"KG","Kyrgyzstan","Europe",97,199714,4,2913
2022-02-10,"KG","Kyrgyzstan","Europe",107,199821,4,2917
2022-02-11,"KG","Kyrgyzstan","Europe",69,199890,3,2920
2022-02-12,"KG","Kyrgyzstan","Europe",81,199971,4,2924
2022-02-13,"KG","Kyrgyzstan","Europe",49,200020,3,2927
2022-02-14,"KG","Kyrgyzstan","Europe",46,200066,3,2930
2022-02-15,"KG","Kyrgyzstan","Europe",55,200121,2,2932
2022-02-16,"KG","Kyrgyzstan","Europe",54,200175,3,2935
2022-02-17,"KG","Kyrgyzstan","Europe",39,200214,2,2937
2022-02-18,"KG","Kyrgyzstan","Europe",41,200255,2,2939
2022-02-19,"KG","Kyrgyzstan","Europe",32,200287,3,2942
2022-02-20,"KG","Kyrgyzstan","Europe",35,200322,2,2944
2022-02-21,"KG","Kyrgyzstan","Europe",15,200337,2,2946
2022-02-22,"KG","Kyrgyzstan","Europe",31,200368,1,2947
2022-02-23,"KG","Kyrgyzstan","Europe",20,200388,1,2948
2022-02-24,"KG","Kyrgyzstan","Europe",14,200402,2,2950
2022-02-25,"KG","Kyrgyzstan","Europe",25,200427,2,2952
2022-02-26,"KG","Kyrgyzstan","Europe",31,200458,2,2954
2022-02-27,"KG","Kyrgyzstan","Europe",20,200478,2,2956
2022-02-28,"KG","Kyrgyzstan","Europe",22,200500,1,2957
2022-03-01,"KG","Kyrgyzstan","Europe",27,200527,1,2958
2022-03-02,"KG","Kyrgyzstan","Europe",29,200556,2,2960
2022-03-03,"KG","Kyrgyzstan","Europe",20,200576,0,2960
2022-03-04,"KG","Kyrgyzstan","Europe",23,200599,2,2962
2022-03-05,"KG","Kyrgyzstan","Europe",16,200615,1,2963
2022-03-06,"KG","Kyrgyzstan","Europe",16,200631,2,2965
2021-12-06,"LA","Lao People's Democratic Republic","Western Pacific",1364,79833,6,207
2021-12-07,"LA","Lao People's Democratic Republic","Western Pacific",871,80704,3,210
2021-12-08,"LA","Lao People's Democratic Republic","Western Pacific",1378,82082,4,214
2021-12-09,"LA","Lao People's Democratic Republic","Western Pacific",1209,83291,5,219
2021-12-10,"LA","Lao People's Democratic Republic","Western Pacific",1212,84503,5,224
2021-12-11,"LA","Lao People's Democratic Republic","Western Pacific",1645,86148,7,231
2021-12-12,"LA","Lao People's Democratic Republic","Western Pacific",1898,88046,5,236
2021-12-13,"LA","Lao People's Democratic Republic","Western Pacific",1274,89320,11,247
2021-12-14,"LA","Lao People's Democratic Republic","Western Pacific",1138,90458,3,250
2021-12-15,"LA","Lao People's Democratic Republic","Western Pacific",1358,91816,0,250
2021-12-16,"LA","Lao People's Democratic Republic","Western Pacific",1245,93061,6,256
2021-12-17,"LA","Lao People's Democratic Republic","Western Pacific",1493,94554,6,262
2021-12-18,"LA","Lao People's Democratic Republic","Western Pacific",1702,96256,4,266
2021-12-19,"LA","Lao People's Democratic Republic","Western Pacific",1249,97505,2,268
2021-12-20,"LA","Lao People's Democratic Republic","Western Pacific",1067,98572,5,273
2021-12-21,"LA","Lao People's Democratic Republic","Western Pacific",824,99396,1,274
2021-12-22,"LA","Lao People's Democratic Republic","Western Pacific",1128,100524,10,284
2021-12-23,"LA","Lao People's Democratic Republic","Western Pacific",1341,101865,4,288
2021-12-24,"LA","Lao People's Democratic Republic","Western Pacific",1471,103336,11,299
2021-12-25,"LA","Lao People's Democratic Republic","Western Pacific",1037,104373,6,305
2021-12-26,"LA","Lao People's Democratic Republic","Western Pacific",1007,105380,12,317
2021-12-27,"LA","Lao People's Democratic Republic","Western Pacific",851,106231,8,325
2021-12-28,"LA","Lao People's Democratic Republic","Western Pacific",547,106778,3,328
2021-12-29,"LA","Lao People's Democratic Republic","Western Pacific",962,107740,14,342
2021-12-30,"LA","Lao People's Democratic Republic","Western Pacific",1042,108782,13,355
2021-12-31,"LA","Lao People's Democratic Republic","Western Pacific",1272,110054,5,360
2022-01-01,"LA","Lao People's Democratic Republic","Western Pacific",1006,111060,12,372
2022-01-02,"LA","Lao People's Democratic Republic","Western Pacific",1023,112083,2,374
2022-01-03,"LA","Lao People's Democratic Republic","Western Pacific",684,112767,6,380
2022-01-04,"LA","Lao People's Democratic Republic","Western Pacific",665,113432,11,391
2022-01-05,"LA","Lao People's Democratic Republic","Western Pacific",519,113951,12,403
2022-01-06,"LA","Lao People's Democratic Republic","Western Pacific",836,114787,6,409
2022-01-07,"LA","Lao People's Democratic Republic","Western Pacific",1083,115870,2,411
2022-01-08,"LA","Lao People's Democratic Republic","Western Pacific",1020,116890,10,421
2022-01-09,"LA","Lao People's Democratic Republic","Western Pacific",1066,117956,9,430
2022-01-10,"LA","Lao People's Democratic Republic","Western Pacific",924,118880,7,437
2022-01-11,"LA","Lao People's Democratic Republic","Western Pacific",641,119521,11,448
2022-01-12,"LA","Lao People's Democratic Republic","Western Pacific",999,120520,9,457
2022-01-13,"LA","Lao People's Democratic Republic","Western Pacific",916,121436,7,464
2022-01-14,"LA","Lao People's Democratic Republic","Western Pacific",805,122241,7,471
2022-01-15,"LA","Lao People's Democratic Republic","Western Pacific",1052,123293,5,476
2022-01-16,"LA","Lao People's Democratic Republic","Western Pacific",900,124193,12,488
2022-01-17,"LA","Lao People's Democratic Republic","Western Pacific",538,124731,7,495
2022-01-18,"LA","Lao People's Democratic Republic","Western Pacific",602,125333,2,497
2022-01-19,"LA","Lao People's Democratic Republic","Western Pacific",733,126066,3,500
2022-01-20,"LA","Lao People's Democratic Republic","Western Pacific",1281,127347,7,507
2022-01-21,"LA","Lao People's Democratic Republic","Western Pacific",901,128248,1,508
2022-01-22,"LA","Lao People's Democratic Republic","Western Pacific",676,128924,10,518
2022-01-23,"LA","Lao People's Democratic Republic","Western Pacific",612,129536,6,524
2022-01-24,"LA","Lao People's Democratic Republic","Western Pacific",417,129953,2,526
2022-01-25,"LA","Lao People's Democratic Republic","Western Pacific",340,130293,1,527
2022-01-26,"LA","Lao People's Democratic Republic","Western Pacific",560,130853,2,529
2022-01-27,"LA","Lao People's Democratic Republic","Western Pacific",582,131435,4,533
2022-01-28,"LA","Lao People's Democratic Republic","Western Pacific",695,132130,1,534
2022-01-29,"LA","Lao People's Democratic Republic","Western Pacific",551,132681,4,538
2022-01-30,"LA","Lao People's Democratic Republic","Western Pacific",537,133218,0,538
2022-01-31,"LA","Lao People's Democratic Republic","Western Pacific",306,133524,6,544
2022-02-01,"LA","Lao People's Democratic Republic","Western Pacific",329,133853,3,547
2022-02-02,"LA","Lao People's Democratic Republic","Western Pacific",585,134438,4,551
2022-02-03,"LA","Lao People's Democratic Republic","Western Pacific",463,134901,2,553
2022-02-04,"LA","Lao People's Democratic Republic","Western Pacific",400,135301,5,558
2022-02-05,"LA","Lao People's Democratic Republic","Western Pacific",359,135660,4,562
2022-02-06,"LA","Lao People's Democratic Republic","Western Pacific",488,136148,3,565
2022-02-07,"LA","Lao People's Democratic Republic","Western Pacific",290,136438,9,574
2022-02-08,"LA","Lao People's Democratic Republic","Western Pacific",341,136779,0,574
2022-02-09,"LA","Lao People's Democratic Republic","Western Pacific",324,137103,3,577
2022-02-10,"LA","Lao People's Democratic Republic","Western Pacific",454,137557,6,583
2022-02-11,"LA","Lao People's Democratic Republic","Western Pacific",450,138007,1,584
2022-02-12,"LA","Lao People's Democratic Republic","Western Pacific",424,138431,4,588
2022-02-13,"LA","Lao People's Democratic Republic","Western Pacific",334,138765,3,591
2022-02-14,"LA","Lao People's Democratic Republic","Western Pacific",263,139028,3,594
2022-02-15,"LA","Lao People's Democratic Republic","Western Pacific",214,139242,3,597
2022-02-16,"LA","Lao People's Democratic Republic","Western Pacific",443,139685,4,601
2022-02-17,"LA","Lao People's Democratic Republic","Western Pacific",345,140030,1,602
2022-02-18,"LA","Lao People's Democratic Republic","Western Pacific",323,140353,0,602
2022-02-19,"LA","Lao People's Democratic Republic","Western Pacific",251,140604,3,605
2022-02-20,"LA","Lao People's Democratic Republic","Western Pacific",285,140889,3,608
2022-02-21,"LA","Lao People's Democratic Republic","Western Pacific",194,141083,2,610
2022-02-22,"LA","Lao People's Democratic Republic","Western Pacific",218,141301,2,612
2022-02-23,"LA","Lao People's Democratic Republic","Western Pacific",140,141441,1,613
2022-02-24,"LA","Lao People's Democratic Republic","Western Pacific",253,141694,3,616
2022-02-25,"LA","Lao People's Democratic Republic","Western Pacific",239,141933,1,617
2022-02-26,"LA","Lao People's Democratic Republic","Western Pacific",304,142237,2,619
2022-02-27,"LA","Lao People's Democratic Republic","Western Pacific",237,142474,0,619
2022-02-28,"LA","Lao People's Democratic Republic","Western Pacific",135,142609,2,621
2022-03-01,"LA","Lao People's Democratic Republic","Western Pacific",134,142743,0,621
2022-03-02,"LA","Lao People's Democratic Republic","Western Pacific",224,142967,2,623
2022-03-03,"LA","Lao People's Democratic Republic","Western Pacific",273,143240,0,623
2022-03-04,"LA","Lao People's Democratic Republic","Western Pacific",246,143486,3,626
2022-03-05,"LA","Lao People's Democratic Republic","Western Pacific",224,143710,2,628
2022-03-06,"LA","Lao People's Democratic Republic","Western Pacific",259,143969,0,628
2021-12-06,"LV","Latvia","Europe",477,257329,6,4267
2021-12-07,"LV","Latvia","Europe",230,257559,10,4277
2021-12-08,"LV","Latvia","Europe",860,258419,23,4300
2021-12-09,"LV","Latvia","Europe",796,259215,25,4325
2021-12-10,"LV","Latvia","Europe",793,260008,24,4349
2021-12-11,"LV","Latvia","Europe",650,260658,11,4360
2021-12-12,"LV","Latvia","Europe",805,261463,6,4366
2021-12-13,"LV","Latvia","Europe",481,261944,9,4375
2021-12-14,"LV","Latvia","Europe",271,262215,1,4376
2021-12-15,"LV","Latvia","Europe",930,263145,14,4390
2021-12-16,"LV","Latvia","Europe",886,264031,18,4408
2021-12-17,"LV","Latvia","Europe",934,264965,11,4419
2021-12-18,"LV","Latvia","Europe",841,265806,11,4430
2021-12-19,"LV","Latvia","Europe",910,266716,8,4438
2021-12-20,"LV","Latvia","Europe",423,267139,6,4444
2021-12-21,"LV","Latvia","Europe",326,267465,10,4454
2021-12-22,"LV","Latvia","Europe",991,268456,12,4466
2021-12-23,"LV","Latvia","Europe",748,269204,11,4477
2021-12-24,"LV","Latvia","Europe",954,270158,12,4489
2021-12-25,"LV","Latvia","Europe",948,271106,5,4494
2021-12-26,"LV","Latvia","Europe",122,271228,6,4500
2021-12-27,"LV","Latvia","Europe",203,271431,3,4503
2021-12-28,"LV","Latvia","Europe",335,271766,4,4507
2021-12-29,"LV","Latvia","Europe",1186,272952,22,4529
2021-12-30,"LV","Latvia","Europe",1319,274271,24,4553
2021-12-31,"LV","Latvia","Europe",1246,275517,8,4561
2022-01-01,"LV","Latvia","Europe",1157,276674,9,4570
2022-01-02,"LV","Latvia","Europe",167,276841,7,4577
2022-01-03,"LV","Latvia","Europe",180,277021,2,4579
2022-01-04,"LV","Latvia","Europe",671,277692,15,4594
2022-01-05,"LV","Latvia","Europe",1628,279320,6,4600
2022-01-06,"LV","Latvia","Europe",1835,281155,13,4613
2022-01-07,"LV","Latvia","Europe",1994,283149,12,4625
2022-01-08,"LV","Latvia","Europe",1877,285026,17,4642
2022-01-09,"LV","Latvia","Europe",1815,286841,8,4650
2022-01-10,"LV","Latvia","Europe",1010,287851,8,4658
2022-01-11,"LV","Latvia","Europe",864,288715,3,4661
2022-01-12,"LV","Latvia","Europe",2241,290956,7,4668
2022-01-13,"LV","Latvia","Europe",2439,293395,22,4690
2022-01-14,"LV","Latvia","Europe",2566,295961,10,4700
2022-01-15,"LV","Latvia","Europe",2628,298589,12,4712
2022-01-16,"LV","Latvia","Europe",3065,301654,14,4726
2022-01-17,"LV","Latvia","Europe",2140,303794,4,4730
2022-01-18,"LV","Latvia","Europe",1560,305354,4,4734
2022-01-19,"LV","Latvia","Europe",3706,309060,8,4742
2022-01-20,"LV","Latvia","Europe",5082,314142,17,4759
2022-01-21,"LV","Latvia","Europe",4885,319027,14,4773
2022-01-22,"LV","Latvia","Europe",5789,324816,11,4784
2022-01-23,"LV","Latvia","Europe",4753,329569,2,4786
2022-01-24,"LV","Latvia","Europe",5972,335541,9,4795
2022-01-25,"LV","Latvia","Europe",3953,339494,4,4799
2022-01-26,"LV","Latvia","Europe",6097,345591,15,4814
2022-01-27,"LV","Latvia","Europe",9143,354734,14,4828
2022-01-28,"LV","Latvia","Europe",9087,363821,18,4846
2022-01-29,"LV","Latvia","Europe",8682,372503,9,4855
2022-01-30,"LV","Latvia","Europe",9626,382129,7,4862
2022-01-31,"LV","Latvia","Europe",6860,388989,6,4868
2022-02-01,"LV","Latvia","Europe",3775,392764,5,4873
2022-02-02,"LV","Latvia","Europe",9028,401792,15,4888
2022-02-03,"LV","Latvia","Europe",10610,412402,23,4911
2022-02-04,"LV","Latvia","Europe",9831,422233,12,4923
2022-02-05,"LV","Latvia","Europe",10137,432370,11,4934
2022-02-06,"LV","Latvia","Europe",10501,442871,11,4945
2022-02-07,"LV","Latvia","Europe",7234,450105,6,4951
2022-02-08,"LV","Latvia","Europe",3646,453751,9,4960
2022-02-09,"LV","Latvia","Europe",11144,464895,9,4969
2022-02-10,"LV","Latvia","Europe",11835,476730,9,4978
2022-02-11,"LV","Latvia","Europe",11599,488329,9,4987
2022-02-12,"LV","Latvia","Europe",11797,500126,20,5007
2022-02-13,"LV","Latvia","Europe",10707,510833,13,5020
2022-02-14,"LV","Latvia","Europe",7789,518622,4,5024
2022-02-15,"LV","Latvia","Europe",4144,522766,5,5029
2022-02-16,"LV","Latvia","Europe",11105,533871,12,5041
2022-02-17,"LV","Latvia","Europe",11425,545296,20,5061
2022-02-18,"LV","Latvia","Europe",11595,556891,12,5073
2022-02-19,"LV","Latvia","Europe",10285,567176,20,5093
2022-02-20,"LV","Latvia","Europe",11992,579168,6,5099
2022-02-21,"LV","Latvia","Europe",6776,585944,9,5108
2022-02-22,"LV","Latvia","Europe",3819,589763,5,5113
2022-02-23,"LV","Latvia","Europe",11837,601600,17,5130
2022-02-24,"LV","Latvia","Europe",11320,612920,15,5145
2022-02-25,"LV","Latvia","Europe",11088,624008,14,5159
2022-02-26,"LV","Latvia","Europe",9952,633960,32,5191
2022-02-27,"LV","Latvia","Europe",10117,644077,17,5208
2022-02-28,"LV","Latvia","Europe",5427,649504,7,5215
2022-03-01,"LV","Latvia","Europe",3616,653120,9,5224
2022-03-02,"LV","Latvia","Europe",9524,662644,17,5241
2022-03-03,"LV","Latvia","Europe",10574,673218,28,5269
2022-03-04,"LV","Latvia","Europe",8900,682118,15,5284
2022-03-05,"LV","Latvia","Europe",7676,689794,24,5308
2022-03-06,"LV","Latvia","Europe",7754,697548,25,5333
2021-12-06,"LB","Lebanon","Eastern Mediterranean",1627,678801,10,8775
2021-12-07,"LB","Lebanon","Eastern Mediterranean",797,679598,10,8785
2021-12-08,"LB","Lebanon","Eastern Mediterranean",1734,681332,10,8795
2021-12-09,"LB","Lebanon","Eastern Mediterranean",1994,683326,9,8804
2021-12-10,"LB","Lebanon","Eastern Mediterranean",1836,685162,10,8814
2021-12-11,"LB","Lebanon","Eastern Mediterranean",1563,686725,10,8824
2021-12-12,"LB","Lebanon","Eastern Mediterranean",1790,688515,12,8836
2021-12-13,"LB","Lebanon","Eastern Mediterranean",1539,690054,12,8848
2021-12-14,"LB","Lebanon","Eastern Mediterranean",787,690841,12,8860
2021-12-15,"LB","Lebanon","Eastern Mediterranean",1474,692315,13,8873
2021-12-16,"LB","Lebanon","Eastern Mediterranean",1941,694256,13,8886
2021-12-17,"LB","Lebanon","Eastern Mediterranean",1912,696168,14,8900
2021-12-18,"LB","Lebanon","Eastern Mediterranean",1606,697774,12,8912
2021-12-19,"LB","Lebanon","Eastern Mediterranean",1690,699464,12,8924
2021-12-20,"LB","Lebanon","Eastern Mediterranean",1479,700943,12,8936
2021-12-21,"LB","Lebanon","Eastern Mediterranean",806,701749,14,8950
2021-12-22,"LB","Lebanon","Eastern Mediterranean",1806,703555,15,8965
2021-12-23,"LB","Lebanon","Eastern Mediterranean",1922,705477,15,8980
2021-12-24,"LB","Lebanon","Eastern Mediterranean",1646,707123,16,8996
2021-12-25,"LB","Lebanon","Eastern Mediterranean",2119,709242,16,9012
2021-12-26,"LB","Lebanon","Eastern Mediterranean",2017,711259,15,9027
2021-12-27,"LB","Lebanon","Eastern Mediterranean",1311,712570,15,9042
2021-12-28,"LB","Lebanon","Eastern Mediterranean",1100,713670,15,9057
2021-12-29,"LB","Lebanon","Eastern Mediterranean",2280,715950,15,9072
2021-12-30,"LB","Lebanon","Eastern Mediterranean",3153,719103,15,9087
2021-12-31,"LB","Lebanon","Eastern Mediterranean",4537,723640,15,9102
2022-01-01,"LB","Lebanon","Eastern Mediterranean",4290,727930,17,9119
2022-01-02,"LB","Lebanon","Eastern Mediterranean",3358,731288,17,9136
2022-01-03,"LB","Lebanon","Eastern Mediterranean",1445,732733,18,9154
2022-01-04,"LB","Lebanon","Eastern Mediterranean",2994,735727,20,9174
2022-01-05,"LB","Lebanon","Eastern Mediterranean",5087,740814,19,9193
2022-01-06,"LB","Lebanon","Eastern Mediterranean",5818,746632,20,9213
2022-01-07,"LB","Lebanon","Eastern Mediterranean",7247,753879,18,9231
2022-01-08,"LB","Lebanon","Eastern Mediterranean",7974,761853,19,9250
2022-01-09,"LB","Lebanon","Eastern Mediterranean",7547,769400,17,9267
2022-01-10,"LB","Lebanon","Eastern Mediterranean",4780,774180,16,9283
2022-01-11,"LB","Lebanon","Eastern Mediterranean",6653,780833,15,9298
2022-01-12,"LB","Lebanon","Eastern Mediterranean",6665,787498,13,9311
2022-01-13,"LB","Lebanon","Eastern Mediterranean",7246,794744,14,9325
2022-01-14,"LB","Lebanon","Eastern Mediterranean",7057,801801,13,9338
2022-01-15,"LB","Lebanon","Eastern Mediterranean",6811,808612,15,9353
2022-01-16,"LB","Lebanon","Eastern Mediterranean",6019,814631,14,9367
2022-01-17,"LB","Lebanon","Eastern Mediterranean",5539,820170,16,9383
2022-01-18,"LB","Lebanon","Eastern Mediterranean",6109,826279,14,9397
2022-01-19,"LB","Lebanon","Eastern Mediterranean",7592,833871,15,9412
2022-01-20,"LB","Lebanon","Eastern Mediterranean",6643,840514,17,9429
2022-01-21,"LB","Lebanon","Eastern Mediterranean",7110,847624,16,9445
2022-01-22,"LB","Lebanon","Eastern Mediterranean",5628,853252,15,9460
2022-01-23,"LB","Lebanon","Eastern Mediterranean",5596,858848,14,9474
2022-01-24,"LB","Lebanon","Eastern Mediterranean",6381,865229,13,9487
2022-01-25,"LB","Lebanon","Eastern Mediterranean",1665,866894,12,9499
2022-01-26,"LB","Lebanon","Eastern Mediterranean",7250,874144,14,9513
2022-01-27,"LB","Lebanon","Eastern Mediterranean",8639,882783,15,9528
2022-01-28,"LB","Lebanon","Eastern Mediterranean",9199,891982,16,9544
2022-01-29,"LB","Lebanon","Eastern Mediterranean",8116,900098,17,9561
2022-01-30,"LB","Lebanon","Eastern Mediterranean",7726,907824,15,9576
2022-01-31,"LB","Lebanon","Eastern Mediterranean",7105,914929,14,9590
2022-02-01,"LB","Lebanon","Eastern Mediterranean",6279,921208,16,9606
2022-02-02,"LB","Lebanon","Eastern Mediterranean",7314,928522,15,9621
2022-02-03,"LB","Lebanon","Eastern Mediterranean",10760,939282,17,9638
2022-02-04,"LB","Lebanon","Eastern Mediterranean",9446,948728,19,9657
2022-02-05,"LB","Lebanon","Eastern Mediterranean",8427,957155,18,9675
2022-02-06,"LB","Lebanon","Eastern Mediterranean",8472,965627,19,9694
2022-02-07,"LB","Lebanon","Eastern Mediterranean",6147,971774,17,9711
2022-02-08,"LB","Lebanon","Eastern Mediterranean",6351,978125,19,9730
2022-02-09,"LB","Lebanon","Eastern Mediterranean",6482,984607,20,9750
2022-02-10,"LB","Lebanon","Eastern Mediterranean",8488,993095,19,9769
2022-02-11,"LB","Lebanon","Eastern Mediterranean",6060,999155,20,9789
2022-02-12,"LB","Lebanon","Eastern Mediterranean",6954,1006109,18,9807
2022-02-13,"LB","Lebanon","Eastern Mediterranean",5935,1012044,17,9824
2022-02-14,"LB","Lebanon","Eastern Mediterranean",4443,1016487,16,9840
2022-02-15,"LB","Lebanon","Eastern Mediterranean",3717,1020204,15,9855
2022-02-16,"LB","Lebanon","Eastern Mediterranean",3731,1023935,17,9872
2022-02-17,"LB","Lebanon","Eastern Mediterranean",6063,1029998,18,9890
2022-02-18,"LB","Lebanon","Eastern Mediterranean",5211,1035209,19,9909
2022-02-19,"LB","Lebanon","Eastern Mediterranean",4090,1039299,20,9929
2022-02-20,"LB","Lebanon","Eastern Mediterranean",3729,1043028,21,9950
2022-02-21,"LB","Lebanon","Eastern Mediterranean",3145,1046173,20,9970
2022-02-22,"LB","Lebanon","Eastern Mediterranean",3101,1049274,19,9989
2022-02-23,"LB","Lebanon","Eastern Mediterranean",3978,1053252,18,10007
2022-02-24,"LB","Lebanon","Eastern Mediterranean",3748,1057000,20,10027
2022-02-25,"LB","Lebanon","Eastern Mediterranean",3152,1060152,17,10044
2022-02-26,"LB","Lebanon","Eastern Mediterranean",2727,1062879,14,10058
2022-02-27,"LB","Lebanon","Eastern Mediterranean",2428,1065307,11,10069
2022-02-28,"LB","Lebanon","Eastern Mediterranean",1533,1066840,10,10079
2022-03-01,"LB","Lebanon","Eastern Mediterranean",1870,1068710,12,10091
2022-03-02,"LB","Lebanon","Eastern Mediterranean",1986,1070696,13,10104
2022-03-03,"LB","Lebanon","Eastern Mediterranean",1841,1072537,11,10115
2022-03-04,"LB","Lebanon","Eastern Mediterranean",1835,1074372,10,10125
2022-03-05,"LB","Lebanon","Eastern Mediterranean",1602,1075974,9,10134
2022-03-06,"LB","Lebanon","Eastern Mediterranean",1268,1077242,8,10142
2021-12-06,"LS","Lesotho","Africa",0,21838,0,663
2021-12-07,"LS","Lesotho","Africa",0,21838,0,663
2021-12-08,"LS","Lesotho","Africa",0,21838,0,663
2021-12-09,"LS","Lesotho","Africa",0,21838,0,663
2021-12-10,"LS","Lesotho","Africa",0,21838,0,663
2021-12-11,"LS","Lesotho","Africa",335,22173,1,664
2021-12-12,"LS","Lesotho","Africa",929,23102,0,664
2021-12-13,"LS","Lesotho","Africa",0,23102,0,664
2021-12-14,"LS","Lesotho","Africa",121,23223,0,664
2021-12-15,"LS","Lesotho","Africa",255,23478,1,665
2021-12-16,"LS","Lesotho","Africa",425,23903,0,665
2021-12-17,"LS","Lesotho","Africa",395,24298,0,665
2021-12-18,"LS","Lesotho","Africa",435,24733,0,665
2021-12-19,"LS","Lesotho","Africa",0,24733,0,665
2021-12-20,"LS","Lesotho","Africa",795,25528,0,665
2021-12-21,"LS","Lesotho","Africa",81,25609,0,665
2021-12-22,"LS","Lesotho","Africa",395,26004,0,665
2021-12-23,"LS","Lesotho","Africa",0,26004,0,665
2021-12-24,"LS","Lesotho","Africa",0,26004,0,665
2021-12-25,"LS","Lesotho","Africa",1591,27595,0,665
2021-12-26,"LS","Lesotho","Africa",0,27595,0,665
2021-12-27,"LS","Lesotho","Africa",531,28126,0,665
2021-12-28,"LS","Lesotho","Africa",0,28126,0,665
2021-12-29,"LS","Lesotho","Africa",69,28195,0,665
2021-12-30,"LS","Lesotho","Africa",213,28408,0,665
2021-12-31,"LS","Lesotho","Africa",0,28408,0,665
2022-01-01,"LS","Lesotho","Africa",1244,29652,6,671
2022-01-02,"LS","Lesotho","Africa",104,29756,0,671
2022-01-03,"LS","Lesotho","Africa",0,29756,0,671
2022-01-04,"LS","Lesotho","Africa",243,29999,2,673
2022-01-05,"LS","Lesotho","Africa",0,29999,0,673
2022-01-06,"LS","Lesotho","Africa",0,29999,0,673
2022-01-07,"LS","Lesotho","Africa",0,29999,0,673
2022-01-08,"LS","Lesotho","Africa",854,30853,6,679
2022-01-09,"LS","Lesotho","Africa",0,30853,0,679
2022-01-10,"LS","Lesotho","Africa",253,31106,4,683
2022-01-11,"LS","Lesotho","Africa",0,31106,0,683
2022-01-12,"LS","Lesotho","Africa",266,31372,3,686
2022-01-13,"LS","Lesotho","Africa",0,31372,0,686
2022-01-14,"LS","Lesotho","Africa",232,31604,1,687
2022-01-15,"LS","Lesotho","Africa",0,31604,0,687
2022-01-16,"LS","Lesotho","Africa",130,31734,0,687
2022-01-17,"LS","Lesotho","Africa",0,31734,0,687
2022-01-18,"LS","Lesotho","Africa",0,31734,0,687
2022-01-19,"LS","Lesotho","Africa",136,31870,1,688
2022-01-20,"LS","Lesotho","Africa",29,31899,2,690
2022-01-21,"LS","Lesotho","Africa",0,31899,0,690
2022-01-22,"LS","Lesotho","Africa",0,31899,0,690
2022-01-23,"LS","Lesotho","Africa",0,31899,0,690
2022-01-24,"LS","Lesotho","Africa",150,32049,0,690
2022-01-25,"LS","Lesotho","Africa",0,32049,0,690
2022-01-26,"LS","Lesotho","Africa",0,32049,0,690
2022-01-27,"LS","Lesotho","Africa",0,32049,0,690
2022-01-28,"LS","Lesotho","Africa",0,32049,0,690
2022-01-29,"LS","Lesotho","Africa",127,32176,3,693
2022-01-30,"LS","Lesotho","Africa",0,32176,0,693
2022-01-31,"LS","Lesotho","Africa",0,32176,0,693
2022-02-01,"LS","Lesotho","Africa",0,32176,0,693
2022-02-02,"LS","Lesotho","Africa",0,32176,0,693
2022-02-03,"LS","Lesotho","Africa",82,32258,1,694
2022-02-04,"LS","Lesotho","Africa",0,32258,0,694
2022-02-05,"LS","Lesotho","Africa",0,32258,0,694
2022-02-06,"LS","Lesotho","Africa",0,32258,0,694
2022-02-07,"LS","Lesotho","Africa",0,32258,0,694
2022-02-08,"LS","Lesotho","Africa",92,32350,1,695
2022-02-09,"LS","Lesotho","Africa",0,32350,0,695
2022-02-10,"LS","Lesotho","Africa",0,32350,0,695
2022-02-11,"LS","Lesotho","Africa",22,32372,1,696
2022-02-12,"LS","Lesotho","Africa",0,32372,0,696
2022-02-13,"LS","Lesotho","Africa",0,32372,0,696
2022-02-14,"LS","Lesotho","Africa",0,32372,0,696
2022-02-15,"LS","Lesotho","Africa",48,32420,0,696
2022-02-16,"LS","Lesotho","Africa",14,32434,0,696
2022-02-17,"LS","Lesotho","Africa",0,32434,0,696
2022-02-18,"LS","Lesotho","Africa",0,32434,0,696
2022-02-19,"LS","Lesotho","Africa",0,32434,0,696
2022-02-20,"LS","Lesotho","Africa",0,32434,0,696
2022-02-21,"LS","Lesotho","Africa",0,32434,0,696
2022-02-22,"LS","Lesotho","Africa",0,32434,0,696
2022-02-23,"LS","Lesotho","Africa",165,32599,0,696
2022-02-24,"LS","Lesotho","Africa",0,32599,0,696
2022-02-25,"LS","Lesotho","Africa",0,32599,0,696
2022-02-26,"LS","Lesotho","Africa",13,32612,0,696
2022-02-27,"LS","Lesotho","Africa",0,32612,0,696
2022-02-28,"LS","Lesotho","Africa",0,32612,0,696
2022-03-01,"LS","Lesotho","Africa",95,32707,1,697
2022-03-02,"LS","Lesotho","Africa",0,32707,0,697
2022-03-03,"LS","Lesotho","Africa",0,32707,0,697
2022-03-04,"LS","Lesotho","Africa",0,32707,0,697
2022-03-05,"LS","Lesotho","Africa",0,32707,0,697
2022-03-06,"LS","Lesotho","Africa",0,32707,0,697
2021-12-06,"LR","Liberia","Africa",6,5829,0,287
2021-12-07,"LR","Liberia","Africa",0,5829,0,287
2021-12-08,"LR","Liberia","Africa",0,5829,0,287
2021-12-09,"LR","Liberia","Africa",0,5829,0,287
2021-12-10,"LR","Liberia","Africa",6,5835,0,287
2021-12-11,"LR","Liberia","Africa",0,5835,0,287
2021-12-12,"LR","Liberia","Africa",4,5839,0,287
2021-12-13,"LR","Liberia","Africa",5,5844,0,287
2021-12-14,"LR","Liberia","Africa",0,5844,0,287
2021-12-15,"LR","Liberia","Africa",0,5844,0,287
2021-12-16,"LR","Liberia","Africa",0,5844,0,287
2021-12-17,"LR","Liberia","Africa",0,5844,0,287
2021-12-18,"LR","Liberia","Africa",0,5844,0,287
2021-12-19,"LR","Liberia","Africa",0,5844,0,287
2021-12-20,"LR","Liberia","Africa",72,5916,0,287
2021-12-21,"LR","Liberia","Africa",13,5929,0,287
2021-12-22,"LR","Liberia","Africa",0,5929,0,287
2021-12-23,"LR","Liberia","Africa",0,5929,0,287
2021-12-24,"LR","Liberia","Africa",0,5929,0,287
2021-12-25,"LR","Liberia","Africa",0,5929,0,287
2021-12-26,"LR","Liberia","Africa",0,5929,0,287
2021-12-27,"LR","Liberia","Africa",299,6228,0,287
2021-12-28,"LR","Liberia","Africa",0,6228,0,287
2021-12-29,"LR","Liberia","Africa",50,6278,0,287
2021-12-30,"LR","Liberia","Africa",126,6404,0,287
2021-12-31,"LR","Liberia","Africa",0,6404,0,287
2022-01-01,"LR","Liberia","Africa",0,6404,0,287
2022-01-02,"LR","Liberia","Africa",0,6404,0,287
2022-01-03,"LR","Liberia","Africa",0,6404,0,287
2022-01-04,"LR","Liberia","Africa",0,6404,0,287
2022-01-05,"LR","Liberia","Africa",0,6404,0,287
2022-01-06,"LR","Liberia","Africa",0,6404,0,287
2022-01-07,"LR","Liberia","Africa",447,6851,0,287
2022-01-08,"LR","Liberia","Africa",0,6851,0,287
2022-01-09,"LR","Liberia","Africa",0,6851,0,287
2022-01-10,"LR","Liberia","Africa",0,6851,0,287
2022-01-11,"LR","Liberia","Africa",203,7054,0,287
2022-01-12,"LR","Liberia","Africa",0,7054,0,287
2022-01-13,"LR","Liberia","Africa",67,7121,0,287
2022-01-14,"LR","Liberia","Africa",0,7121,0,287
2022-01-15,"LR","Liberia","Africa",0,7121,0,287
2022-01-16,"LR","Liberia","Africa",0,7121,0,287
2022-01-17,"LR","Liberia","Africa",0,7121,0,287
2022-01-18,"LR","Liberia","Africa",0,7121,0,287
2022-01-19,"LR","Liberia","Africa",0,7121,0,287
2022-01-20,"LR","Liberia","Africa",87,7208,1,288
2022-01-21,"LR","Liberia","Africa",0,7208,0,288
2022-01-22,"LR","Liberia","Africa",0,7208,0,288
2022-01-23,"LR","Liberia","Africa",0,7208,0,288
2022-01-24,"LR","Liberia","Africa",35,7243,1,289
2022-01-25,"LR","Liberia","Africa",0,7243,0,289
2022-01-26,"LR","Liberia","Africa",0,7243,0,289
2022-01-27,"LR","Liberia","Africa",0,7243,0,289
2022-01-28,"LR","Liberia","Africa",11,7254,1,290
2022-01-29,"LR","Liberia","Africa",0,7254,0,290
2022-01-30,"LR","Liberia","Africa",0,7254,0,290
2022-01-31,"LR","Liberia","Africa",0,7254,0,290
2022-02-01,"LR","Liberia","Africa",0,7254,0,290
2022-02-02,"LR","Liberia","Africa",18,7272,0,290
2022-02-03,"LR","Liberia","Africa",0,7272,0,290
2022-02-04,"LR","Liberia","Africa",0,7272,0,290
2022-02-05,"LR","Liberia","Africa",4,7276,0,290
2022-02-06,"LR","Liberia","Africa",0,7276,0,290
2022-02-07,"LR","Liberia","Africa",70,7346,0,290
2022-02-08,"LR","Liberia","Africa",0,7346,0,290
2022-02-09,"LR","Liberia","Africa",0,7346,0,290
2022-02-10,"LR","Liberia","Africa",12,7358,0,290
2022-02-11,"LR","Liberia","Africa",0,7358,0,290
2022-02-12,"LR","Liberia","Africa",0,7358,0,290
2022-02-13,"LR","Liberia","Africa",0,7358,0,290
2022-02-14,"LR","Liberia","Africa",1,7359,0,290
2022-02-15,"LR","Liberia","Africa",1,7360,0,290
2022-02-16,"LR","Liberia","Africa",0,7360,0,290
2022-02-17,"LR","Liberia","Africa",0,7360,0,290
2022-02-18,"LR","Liberia","Africa",0,7360,0,290
2022-02-19,"LR","Liberia","Africa",0,7360,0,290
2022-02-20,"LR","Liberia","Africa",0,7360,0,290
2022-02-21,"LR","Liberia","Africa",0,7360,0,290
2022-02-22,"LR","Liberia","Africa",0,7360,0,290
2022-02-23,"LR","Liberia","Africa",0,7360,0,290
2022-02-24,"LR","Liberia","Africa",0,7360,0,290
2022-02-25,"LR","Liberia","Africa",0,7360,0,290
2022-02-26,"LR","Liberia","Africa",0,7360,0,290
2022-02-27,"LR","Liberia","Africa",0,7360,0,290
2022-02-28,"LR","Liberia","Africa",24,7384,4,294
2022-03-01,"LR","Liberia","Africa",0,7384,0,294
2022-03-02,"LR","Liberia","Africa",0,7384,0,294
2022-03-03,"LR","Liberia","Africa",0,7384,0,294
2022-03-04,"LR","Liberia","Africa",0,7384,0,294
2022-03-05,"LR","Liberia","Africa",0,7384,0,294
2022-03-06,"LR","Liberia","Africa",0,7384,0,294
2021-12-06,"LY","Libya","Eastern Mediterranean",709,374989,13,5493
2021-12-07,"LY","Libya","Eastern Mediterranean",479,375468,6,5499
2021-12-08,"LY","Libya","Eastern Mediterranean",401,375869,15,5514
2021-12-09,"LY","Libya","Eastern Mediterranean",509,376378,4,5518
2021-12-10,"LY","Libya","Eastern Mediterranean",495,376873,11,5529
2021-12-11,"LY","Libya","Eastern Mediterranean",577,377450,11,5540
2021-12-12,"LY","Libya","Eastern Mediterranean",0,377450,0,5540
2021-12-13,"LY","Libya","Eastern Mediterranean",655,378105,13,5553
2021-12-14,"LY","Libya","Eastern Mediterranean",711,378816,8,5561
2021-12-15,"LY","Libya","Eastern Mediterranean",512,379328,8,5569
2021-12-16,"LY","Libya","Eastern Mediterranean",488,379816,7,5576
2021-12-17,"LY","Libya","Eastern Mediterranean",648,380464,7,5583
2021-12-18,"LY","Libya","Eastern Mediterranean",559,381023,6,5589
2021-12-19,"LY","Libya","Eastern Mediterranean",0,381023,0,5589
2021-12-20,"LY","Libya","Eastern Mediterranean",726,381749,9,5598
2021-12-21,"LY","Libya","Eastern Mediterranean",592,382341,9,5607
2021-12-22,"LY","Libya","Eastern Mediterranean",543,382884,8,5615
2021-12-23,"LY","Libya","Eastern Mediterranean",561,383445,11,5626
2021-12-24,"LY","Libya","Eastern Mediterranean",560,384005,9,5635
2021-12-25,"LY","Libya","Eastern Mediterranean",658,384663,6,5641
2021-12-26,"LY","Libya","Eastern Mediterranean",0,384663,0,5641
2021-12-27,"LY","Libya","Eastern Mediterranean",735,385398,10,5651
2021-12-28,"LY","Libya","Eastern Mediterranean",881,386279,14,5665
2021-12-29,"LY","Libya","Eastern Mediterranean",599,386878,11,5676
2021-12-30,"LY","Libya","Eastern Mediterranean",665,387543,9,5685
2021-12-31,"LY","Libya","Eastern Mediterranean",640,388183,11,5696
2022-01-01,"LY","Libya","Eastern Mediterranean",551,388734,14,5710
2022-01-02,"LY","Libya","Eastern Mediterranean",0,388734,0,5710
2022-01-03,"LY","Libya","Eastern Mediterranean",916,389650,12,5722
2022-01-04,"LY","Libya","Eastern Mediterranean",634,390284,5,5727
2022-01-05,"LY","Libya","Eastern Mediterranean",651,390935,13,5740
2022-01-06,"LY","Libya","Eastern Mediterranean",698,391633,12,5752
2022-01-07,"LY","Libya","Eastern Mediterranean",643,392276,15,5767
2022-01-08,"LY","Libya","Eastern Mediterranean",592,392868,11,5778
2022-01-09,"LY","Libya","Eastern Mediterranean",0,392868,0,5778
2022-01-10,"LY","Libya","Eastern Mediterranean",579,393447,10,5788
2022-01-11,"LY","Libya","Eastern Mediterranean",536,393983,8,5796
2022-01-12,"LY","Libya","Eastern Mediterranean",487,394470,9,5805
2022-01-13,"LY","Libya","Eastern Mediterranean",599,395069,8,5813
2022-01-14,"LY","Libya","Eastern Mediterranean",618,395687,9,5822
2022-01-15,"LY","Libya","Eastern Mediterranean",765,396452,6,5828
2022-01-16,"LY","Libya","Eastern Mediterranean",0,396452,0,5828
2022-01-17,"LY","Libya","Eastern Mediterranean",867,397319,13,5841
2022-01-18,"LY","Libya","Eastern Mediterranean",736,398055,12,5853
2022-01-19,"LY","Libya","Eastern Mediterranean",885,398940,10,5863
2022-01-20,"LY","Libya","Eastern Mediterranean",1173,400113,11,5874
2022-01-21,"LY","Libya","Eastern Mediterranean",1331,401444,15,5889
2022-01-22,"LY","Libya","Eastern Mediterranean",1700,403144,18,5907
2022-01-23,"LY","Libya","Eastern Mediterranean",0,403144,0,5907
2022-01-24,"LY","Libya","Eastern Mediterranean",2281,405425,14,5921
2022-01-25,"LY","Libya","Eastern Mediterranean",2333,407758,15,5936
2022-01-26,"LY","Libya","Eastern Mediterranean",3063,410821,14,5950
2022-01-27,"LY","Libya","Eastern Mediterranean",2245,413066,17,5967
2022-01-28,"LY","Libya","Eastern Mediterranean",3157,416223,12,5979
2022-01-29,"LY","Libya","Eastern Mediterranean",3320,419543,14,5993
2022-01-30,"LY","Libya","Eastern Mediterranean",0,419543,0,5993
2022-01-31,"LY","Libya","Eastern Mediterranean",5694,425237,14,6007
2022-02-01,"LY","Libya","Eastern Mediterranean",4429,429666,10,6017
2022-02-02,"LY","Libya","Eastern Mediterranean",4266,433932,11,6028
2022-02-03,"LY","Libya","Eastern Mediterranean",4371,438303,7,6035
2022-02-04,"LY","Libya","Eastern Mediterranean",3656,441959,9,6044
2022-02-05,"LY","Libya","Eastern Mediterranean",3917,445876,8,6052
2022-02-06,"LY","Libya","Eastern Mediterranean",0,445876,0,6052
2022-02-07,"LY","Libya","Eastern Mediterranean",4242,450118,15,6067
2022-02-08,"LY","Libya","Eastern Mediterranean",2832,452950,13,6080
2022-02-09,"LY","Libya","Eastern Mediterranean",3326,456276,7,6087
2022-02-10,"LY","Libya","Eastern Mediterranean",3272,459548,9,6096
2022-02-11,"LY","Libya","Eastern Mediterranean",3773,463321,11,6107
2022-02-12,"LY","Libya","Eastern Mediterranean",3345,466666,6,6113
2022-02-13,"LY","Libya","Eastern Mediterranean",0,466666,0,6113
2022-02-14,"LY","Libya","Eastern Mediterranean",3648,470314,12,6125
2022-02-15,"LY","Libya","Eastern Mediterranean",2800,473114,10,6135
2022-02-16,"LY","Libya","Eastern Mediterranean",2490,475604,8,6143
2022-02-17,"LY","Libya","Eastern Mediterranean",2884,478488,13,6156
2022-02-18,"LY","Libya","Eastern Mediterranean",2457,480945,13,6169
2022-02-19,"LY","Libya","Eastern Mediterranean",1208,482153,9,6178
2022-02-20,"LY","Libya","Eastern Mediterranean",0,482153,0,6178
2022-02-21,"LY","Libya","Eastern Mediterranean",2292,484445,13,6191
2022-02-22,"LY","Libya","Eastern Mediterranean",2307,486752,10,6201
2022-02-23,"LY","Libya","Eastern Mediterranean",1815,488567,9,6210
2022-02-24,"LY","Libya","Eastern Mediterranean",1373,489940,12,6222
2022-02-25,"LY","Libya","Eastern Mediterranean",1276,491216,10,6232
2022-02-26,"LY","Libya","Eastern Mediterranean",938,492154,9,6241
2022-02-27,"LY","Libya","Eastern Mediterranean",0,492154,0,6241
2022-02-28,"LY","Libya","Eastern Mediterranean",1394,493548,9,6250
2022-03-01,"LY","Libya","Eastern Mediterranean",898,494446,11,6261
2022-03-02,"LY","Libya","Eastern Mediterranean",669,495115,8,6269
2022-03-03,"LY","Libya","Eastern Mediterranean",857,495972,7,6276
2022-03-04,"LY","Libya","Eastern Mediterranean",806,496778,8,6284
2022-03-05,"LY","Libya","Eastern Mediterranean",501,497279,4,6288
2022-03-06,"LY","Libya","Eastern Mediterranean",0,497279,0,6288
2021-12-06,"LI","Liechtenstein","Europe",48,5159,3,65
2021-12-07,"LI","Liechtenstein","Europe",78,5237,0,65
2021-12-08,"LI","Liechtenstein","Europe",64,5301,0,65
2021-12-09,"LI","Liechtenstein","Europe",37,5338,1,66
2021-12-10,"LI","Liechtenstein","Europe",55,5393,1,67
2021-12-11,"LI","Liechtenstein","Europe",50,5443,0,67
2021-12-12,"LI","Liechtenstein","Europe",43,5486,0,67
2021-12-13,"LI","Liechtenstein","Europe",30,5516,0,67
2021-12-14,"LI","Liechtenstein","Europe",51,5567,1,68
2021-12-15,"LI","Liechtenstein","Europe",57,5624,0,68
2021-12-16,"LI","Liechtenstein","Europe",48,5672,1,69
2021-12-17,"LI","Liechtenstein","Europe",45,5717,0,69
2021-12-18,"LI","Liechtenstein","Europe",43,5760,0,69
2021-12-19,"LI","Liechtenstein","Europe",30,5790,0,69
2021-12-20,"LI","Liechtenstein","Europe",35,5825,0,69
2021-12-21,"LI","Liechtenstein","Europe",50,5875,0,69
2021-12-22,"LI","Liechtenstein","Europe",48,5923,0,69
2021-12-23,"LI","Liechtenstein","Europe",40,5963,0,69
2021-12-24,"LI","Liechtenstein","Europe",46,6009,0,69
2021-12-25,"LI","Liechtenstein","Europe",20,6029,0,69
2021-12-26,"LI","Liechtenstein","Europe",29,6058,0,69
2021-12-27,"LI","Liechtenstein","Europe",36,6094,0,69
2021-12-28,"LI","Liechtenstein","Europe",43,6137,0,69
2021-12-29,"LI","Liechtenstein","Europe",44,6181,0,69
2021-12-30,"LI","Liechtenstein","Europe",38,6219,0,69
2021-12-31,"LI","Liechtenstein","Europe",70,6289,0,69
2022-01-01,"LI","Liechtenstein","Europe",38,6327,0,69
2022-01-02,"LI","Liechtenstein","Europe",22,6349,0,69
2022-01-03,"LI","Liechtenstein","Europe",45,6394,0,69
2022-01-04,"LI","Liechtenstein","Europe",81,6475,0,69
2022-01-05,"LI","Liechtenstein","Europe",100,6575,0,69
2022-01-06,"LI","Liechtenstein","Europe",73,6648,0,69
2022-01-07,"LI","Liechtenstein","Europe",56,6704,0,69
2022-01-08,"LI","Liechtenstein","Europe",66,6770,0,69
2022-01-09,"LI","Liechtenstein","Europe",60,6830,0,69
2022-01-10,"LI","Liechtenstein","Europe",64,6894,0,69
2022-01-11,"LI","Liechtenstein","Europe",84,6978,1,70
2022-01-12,"LI","Liechtenstein","Europe",79,7057,0,70
2022-01-13,"LI","Liechtenstein","Europe",98,7155,0,70
2022-01-14,"LI","Liechtenstein","Europe",76,7231,0,70
2022-01-15,"LI","Liechtenstein","Europe",79,7310,0,70
2022-01-16,"LI","Liechtenstein","Europe",64,7374,0,70
2022-01-17,"LI","Liechtenstein","Europe",78,7452,0,70
2022-01-18,"LI","Liechtenstein","Europe",136,7588,0,70
2022-01-19,"LI","Liechtenstein","Europe",126,7714,0,70
2022-01-20,"LI","Liechtenstein","Europe",138,7852,0,70
2022-01-21,"LI","Liechtenstein","Europe",105,7957,0,70
2022-01-22,"LI","Liechtenstein","Europe",85,8042,0,70
2022-01-23,"LI","Liechtenstein","Europe",89,8131,1,71
2022-01-24,"LI","Liechtenstein","Europe",98,8229,0,71
2022-01-25,"LI","Liechtenstein","Europe",176,8405,0,71
2022-01-26,"LI","Liechtenstein","Europe",138,8543,0,71
2022-01-27,"LI","Liechtenstein","Europe",160,8703,0,71
2022-01-28,"LI","Liechtenstein","Europe",143,8846,0,71
2022-01-29,"LI","Liechtenstein","Europe",120,8966,0,71
2022-01-30,"LI","Liechtenstein","Europe",75,9041,0,71
2022-01-31,"LI","Liechtenstein","Europe",94,9135,0,71
2022-02-01,"LI","Liechtenstein","Europe",146,9281,0,71
2022-02-02,"LI","Liechtenstein","Europe",123,9404,0,71
2022-02-03,"LI","Liechtenstein","Europe",113,9517,0,71
2022-02-04,"LI","Liechtenstein","Europe",144,9661,0,71
2022-02-05,"LI","Liechtenstein","Europe",99,9760,0,71
2022-02-06,"LI","Liechtenstein","Europe",91,9851,0,71
2022-02-07,"LI","Liechtenstein","Europe",111,9962,0,71
2022-02-08,"LI","Liechtenstein","Europe",167,10129,0,71
2022-02-09,"LI","Liechtenstein","Europe",148,10277,0,71
2022-02-10,"LI","Liechtenstein","Europe",144,10421,0,71
2022-02-11,"LI","Liechtenstein","Europe",112,10533,0,71
2022-02-12,"LI","Liechtenstein","Europe",89,10622,0,71
2022-02-13,"LI","Liechtenstein","Europe",75,10697,0,71
2022-02-14,"LI","Liechtenstein","Europe",71,10768,2,73
2022-02-15,"LI","Liechtenstein","Europe",119,10887,0,73
2022-02-16,"LI","Liechtenstein","Europe",100,10987,0,73
2022-02-17,"LI","Liechtenstein","Europe",85,11072,1,74
2022-02-18,"LI","Liechtenstein","Europe",96,11168,0,74
2022-02-19,"LI","Liechtenstein","Europe",92,11260,0,74
2022-02-20,"LI","Liechtenstein","Europe",52,11312,0,74
2022-02-21,"LI","Liechtenstein","Europe",58,11370,0,74
2022-02-22,"LI","Liechtenstein","Europe",119,11489,1,75
2022-02-23,"LI","Liechtenstein","Europe",91,11580,0,75
2022-02-24,"LI","Liechtenstein","Europe",117,11697,0,75
2022-02-25,"LI","Liechtenstein","Europe",111,11808,0,75
2022-02-26,"LI","Liechtenstein","Europe",78,11886,0,75
2022-02-27,"LI","Liechtenstein","Europe",74,11960,0,75
2022-02-28,"LI","Liechtenstein","Europe",98,12058,0,75
2022-03-01,"LI","Liechtenstein","Europe",138,12196,0,75
2022-03-02,"LI","Liechtenstein","Europe",164,12360,0,75
2022-03-03,"LI","Liechtenstein","Europe",235,12595,0,75
2022-03-04,"LI","Liechtenstein","Europe",207,12802,0,75
2022-03-05,"LI","Liechtenstein","Europe",161,12963,0,75
2022-03-06,"LI","Liechtenstein","Europe",140,13103,1,76
2021-12-06,"LT","Lithuania","Europe",785,480578,22,6885
2021-12-07,"LT","Lithuania","Europe",1839,482417,18,6903
2021-12-08,"LT","Lithuania","Europe",2040,484457,12,6915
2021-12-09,"LT","Lithuania","Europe",1730,486187,24,6939
2021-12-10,"LT","Lithuania","Europe",1743,487930,13,6952
2021-12-11,"LT","Lithuania","Europe",1759,489689,19,6971
2021-12-12,"LT","Lithuania","Europe",1403,491092,21,6992
2021-12-13,"LT","Lithuania","Europe",809,491901,19,7011
2021-12-14,"LT","Lithuania","Europe",1519,493420,26,7037
2021-12-15,"LT","Lithuania","Europe",2184,495604,17,7054
2021-12-16,"LT","Lithuania","Europe",1919,497523,18,7072
2021-12-17,"LT","Lithuania","Europe",1695,499218,17,7089
2021-12-18,"LT","Lithuania","Europe",1717,500935,23,7112
2021-12-19,"LT","Lithuania","Europe",1374,502309,25,7137
2021-12-20,"LT","Lithuania","Europe",635,502944,25,7162
2021-12-21,"LT","Lithuania","Europe",1451,504395,24,7186
2021-12-22,"LT","Lithuania","Europe",1772,506167,27,7213
2021-12-23,"LT","Lithuania","Europe",1671,507838,24,7237
2021-12-24,"LT","Lithuania","Europe",1604,509442,23,7260
2021-12-25,"LT","Lithuania","Europe",1395,510837,18,7278
2021-12-26,"LT","Lithuania","Europe",738,511575,26,7304
2021-12-27,"LT","Lithuania","Europe",655,512230,18,7322
2021-12-28,"LT","Lithuania","Europe",1616,513846,20,7342
2021-12-29,"LT","Lithuania","Europe",2044,515890,25,7367
2021-12-30,"LT","Lithuania","Europe",1771,517661,19,7386
2021-12-31,"LT","Lithuania","Europe",1961,519622,13,7399
2022-01-01,"LT","Lithuania","Europe",2073,521695,15,7414
2022-01-02,"LT","Lithuania","Europe",1189,522884,20,7434
2022-01-03,"LT","Lithuania","Europe",1213,524097,20,7454
2022-01-04,"LT","Lithuania","Europe",2323,526420,22,7476
2022-01-05,"LT","Lithuania","Europe",3241,529661,14,7490
2022-01-06,"LT","Lithuania","Europe",3164,532825,20,7510
2022-01-07,"LT","Lithuania","Europe",3504,536329,6,7516
2022-01-08,"LT","Lithuania","Europe",3491,539820,20,7536
2022-01-09,"LT","Lithuania","Europe",2708,542528,18,7554
2022-01-10,"LT","Lithuania","Europe",1757,544285,14,7568
2022-01-11,"LT","Lithuania","Europe",2759,547044,15,7583
2022-01-12,"LT","Lithuania","Europe",4767,551811,11,7594
2022-01-13,"LT","Lithuania","Europe",4111,555922,26,7620
2022-01-14,"LT","Lithuania","Europe",4052,559974,13,7633
2022-01-15,"LT","Lithuania","Europe",4184,564158,20,7653
2022-01-16,"LT","Lithuania","Europe",3641,567799,14,7667
2022-01-17,"LT","Lithuania","Europe",2766,570565,11,7678
2022-01-18,"LT","Lithuania","Europe",4818,575383,15,7693
2022-01-19,"LT","Lithuania","Europe",6279,581662,12,7705
2022-01-20,"LT","Lithuania","Europe",7090,588752,15,7720
2022-01-21,"LT","Lithuania","Europe",6781,595533,17,7737
2022-01-22,"LT","Lithuania","Europe",7265,602798,17,7754
2022-01-23,"LT","Lithuania","Europe",5674,608472,13,7767
2022-01-24,"LT","Lithuania","Europe",4053,612525,7,7774
2022-01-25,"LT","Lithuania","Europe",5753,618278,18,7792
2022-01-26,"LT","Lithuania","Europe",10373,628651,19,7811
2022-01-27,"LT","Lithuania","Europe",11195,639846,12,7823
2022-01-28,"LT","Lithuania","Europe",11825,651671,17,7840
2022-01-29,"LT","Lithuania","Europe",11652,663323,13,7853
2022-01-30,"LT","Lithuania","Europe",9966,673289,18,7871
2022-01-31,"LT","Lithuania","Europe",6328,679617,20,7891
2022-02-01,"LT","Lithuania","Europe",8926,688543,16,7907
2022-02-02,"LT","Lithuania","Europe",12711,701254,20,7927
2022-02-03,"LT","Lithuania","Europe",13234,714488,16,7943
2022-02-04,"LT","Lithuania","Europe",12732,727220,14,7957
2022-02-05,"LT","Lithuania","Europe",12631,739851,18,7975
2022-02-06,"LT","Lithuania","Europe",9461,749312,17,7992
2022-02-07,"LT","Lithuania","Europe",6767,756079,16,8008
2022-02-08,"LT","Lithuania","Europe",8756,764835,9,8017
2022-02-09,"LT","Lithuania","Europe",12110,776945,24,8041
2022-02-10,"LT","Lithuania","Europe",10648,787593,11,8052
2022-02-11,"LT","Lithuania","Europe",10313,797906,19,8071
2022-02-12,"LT","Lithuania","Europe",9885,807791,22,8093
2022-02-13,"LT","Lithuania","Europe",7952,815743,30,8123
2022-02-14,"LT","Lithuania","Europe",4368,820111,20,8143
2022-02-15,"LT","Lithuania","Europe",6433,826544,36,8179
2022-02-16,"LT","Lithuania","Europe",8889,835433,21,8200
2022-02-17,"LT","Lithuania","Europe",6505,841938,14,8214
2022-02-18,"LT","Lithuania","Europe",5975,847913,8,8222
2022-02-19,"LT","Lithuania","Europe",8144,856057,18,8240
2022-02-20,"LT","Lithuania","Europe",5863,861920,14,8254
2022-02-21,"LT","Lithuania","Europe",3496,865416,22,8276
2022-02-22,"LT","Lithuania","Europe",6063,871479,24,8300
2022-02-23,"LT","Lithuania","Europe",7714,879193,20,8320
2022-02-24,"LT","Lithuania","Europe",6706,885899,21,8341
2022-02-25,"LT","Lithuania","Europe",5782,891681,33,8374
2022-02-26,"LT","Lithuania","Europe",5188,896869,13,8387
2022-02-27,"LT","Lithuania","Europe",3616,900485,27,8414
2022-02-28,"LT","Lithuania","Europe",2101,902586,11,8425
2022-03-01,"LT","Lithuania","Europe",4748,907334,22,8447
2022-03-02,"LT","Lithuania","Europe",5983,913317,15,8462
2022-03-03,"LT","Lithuania","Europe",5456,918773,21,8483
2022-03-04,"LT","Lithuania","Europe",5211,923984,15,8498
2022-03-05,"LT","Lithuania","Europe",4800,928784,21,8519
2022-03-06,"LT","Lithuania","Europe",3257,932041,15,8534
2021-12-06,"LU","Luxembourg","Europe",359,91604,1,884
2021-12-07,"LU","Luxembourg","Europe",105,91709,1,885
2021-12-08,"LU","Luxembourg","Europe",199,91908,3,888
2021-12-09,"LU","Luxembourg","Europe",666,92574,2,890
2021-12-10,"LU","Luxembourg","Europe",486,93060,0,890
2021-12-11,"LU","Luxembourg","Europe",369,93429,1,891
2021-12-12,"LU","Luxembourg","Europe",427,93856,3,894
2021-12-13,"LU","Luxembourg","Europe",373,94229,1,895
2021-12-14,"LU","Luxembourg","Europe",73,94302,0,895
2021-12-15,"LU","Luxembourg","Europe",209,94511,2,897
2021-12-16,"LU","Luxembourg","Europe",711,95222,0,897
2021-12-17,"LU","Luxembourg","Europe",537,95759,1,898
2021-12-18,"LU","Luxembourg","Europe",351,96110,1,899
2021-12-19,"LU","Luxembourg","Europe",428,96538,1,900
2021-12-20,"LU","Luxembourg","Europe",374,96912,3,903
2021-12-21,"LU","Luxembourg","Europe",117,97029,1,904
2021-12-22,"LU","Luxembourg","Europe",229,97258,1,905
2021-12-23,"LU","Luxembourg","Europe",600,97858,1,906
2021-12-24,"LU","Luxembourg","Europe",582,98440,1,907
2021-12-25,"LU","Luxembourg","Europe",543,98983,0,907
2021-12-26,"LU","Luxembourg","Europe",576,99559,1,908
2021-12-27,"LU","Luxembourg","Europe",129,99688,2,910
2021-12-28,"LU","Luxembourg","Europe",29,99717,2,912
2021-12-29,"LU","Luxembourg","Europe",486,100203,0,912
2021-12-30,"LU","Luxembourg","Europe",1053,101256,1,913
2021-12-31,"LU","Luxembourg","Europe",1231,102487,2,915
2022-01-01,"LU","Luxembourg","Europe",1281,103768,1,916
2022-01-02,"LU","Luxembourg","Europe",1250,105018,0,916
2022-01-03,"LU","Luxembourg","Europe",299,105317,1,917
2022-01-04,"LU","Luxembourg","Europe",43,105360,1,918
2022-01-05,"LU","Luxembourg","Europe",877,106237,1,919
2022-01-06,"LU","Luxembourg","Europe",2131,108368,2,921
2022-01-07,"LU","Luxembourg","Europe",1932,110300,1,922
2022-01-08,"LU","Luxembourg","Europe",1904,112204,0,922
2022-01-09,"LU","Luxembourg","Europe",1846,114050,3,925
2022-01-10,"LU","Luxembourg","Europe",1626,115676,2,927
2022-01-11,"LU","Luxembourg","Europe",364,116040,4,931
2022-01-12,"LU","Luxembourg","Europe",961,117001,0,931
2022-01-13,"LU","Luxembourg","Europe",1924,118925,0,931
2022-01-14,"LU","Luxembourg","Europe",2312,121237,1,932
2022-01-15,"LU","Luxembourg","Europe",2109,123346,3,935
2022-01-16,"LU","Luxembourg","Europe",2275,125621,0,935
2022-01-17,"LU","Luxembourg","Europe",1607,127228,1,936
2022-01-18,"LU","Luxembourg","Europe",546,127774,2,938
2022-01-19,"LU","Luxembourg","Europe",1325,129099,2,940
2022-01-20,"LU","Luxembourg","Europe",2560,131659,1,941
2022-01-21,"LU","Luxembourg","Europe",3073,134732,0,941
2022-01-22,"LU","Luxembourg","Europe",2838,137570,2,943
2022-01-23,"LU","Luxembourg","Europe",2495,140065,0,943
2022-01-24,"LU","Luxembourg","Europe",2773,142838,1,944
2022-01-25,"LU","Luxembourg","Europe",229,143067,1,945
2022-01-26,"LU","Luxembourg","Europe",1714,144781,0,945
2022-01-27,"LU","Luxembourg","Europe",3073,147854,2,947
2022-01-28,"LU","Luxembourg","Europe",3029,150883,0,947
2022-01-29,"LU","Luxembourg","Europe",2552,153435,1,948
2022-01-30,"LU","Luxembourg","Europe",2172,155607,1,949
2022-01-31,"LU","Luxembourg","Europe",2244,157851,2,951
2022-02-01,"LU","Luxembourg","Europe",134,157985,1,952
2022-02-02,"LU","Luxembourg","Europe",1453,159438,1,953
2022-02-03,"LU","Luxembourg","Europe",2548,161986,3,956
2022-02-04,"LU","Luxembourg","Europe",1994,163980,0,956
2022-02-05,"LU","Luxembourg","Europe",1978,165958,2,958
2022-02-06,"LU","Luxembourg","Europe",1628,167586,4,962
2022-02-07,"LU","Luxembourg","Europe",1333,168919,2,964
2022-02-08,"LU","Luxembourg","Europe",69,168988,2,966
2022-02-09,"LU","Luxembourg","Europe",1112,170100,2,968
2022-02-10,"LU","Luxembourg","Europe",1352,171452,0,968
2022-02-11,"LU","Luxembourg","Europe",1050,172502,2,970
2022-02-12,"LU","Luxembourg","Europe",917,173419,1,971
2022-02-13,"LU","Luxembourg","Europe",751,174170,1,972
2022-02-14,"LU","Luxembourg","Europe",674,174844,3,975
2022-02-15,"LU","Luxembourg","Europe",15,174859,3,978
2022-02-16,"LU","Luxembourg","Europe",549,175408,1,979
2022-02-17,"LU","Luxembourg","Europe",769,176177,0,979
2022-02-18,"LU","Luxembourg","Europe",559,176736,3,982
2022-02-19,"LU","Luxembourg","Europe",636,177372,1,983
2022-02-20,"LU","Luxembourg","Europe",511,177883,0,983
2022-02-21,"LU","Luxembourg","Europe",606,178489,1,984
2022-02-22,"LU","Luxembourg","Europe",18,178507,1,985
2022-02-23,"LU","Luxembourg","Europe",798,179305,1,986
2022-02-24,"LU","Luxembourg","Europe",1071,180376,2,988
2022-02-25,"LU","Luxembourg","Europe",819,181195,0,988
2022-02-26,"LU","Luxembourg","Europe",708,181903,1,989
2022-02-27,"LU","Luxembourg","Europe",715,182618,0,989
2022-02-28,"LU","Luxembourg","Europe",527,183145,2,991
2022-03-01,"LU","Luxembourg","Europe",32,183177,1,992
2022-03-02,"LU","Luxembourg","Europe",625,183802,0,992
2022-03-03,"LU","Luxembourg","Europe",1060,184862,1,993
2022-03-04,"LU","Luxembourg","Europe",845,185707,2,995
2022-03-05,"LU","Luxembourg","Europe",653,186360,0,995
2022-03-06,"LU","Luxembourg","Europe",901,187261,0,995
2021-12-06,"MG","Madagascar","Africa",0,44330,0,967
2021-12-07,"MG","Madagascar","Africa",0,44330,0,967
2021-12-08,"MG","Madagascar","Africa",470,44800,5,972
2021-12-09,"MG","Madagascar","Africa",0,44800,0,972
2021-12-10,"MG","Madagascar","Africa",0,44800,0,972
2021-12-11,"MG","Madagascar","Africa",0,44800,0,972
2021-12-12,"MG","Madagascar","Africa",0,44800,0,972
2021-12-13,"MG","Madagascar","Africa",0,44800,0,972
2021-12-14,"MG","Madagascar","Africa",0,44800,0,972
2021-12-15,"MG","Madagascar","Africa",994,45794,8,980
2021-12-16,"MG","Madagascar","Africa",0,45794,0,980
2021-12-17,"MG","Madagascar","Africa",0,45794,0,980
2021-12-18,"MG","Madagascar","Africa",0,45794,0,980
2021-12-19,"MG","Madagascar","Africa",0,45794,0,980
2021-12-20,"MG","Madagascar","Africa",0,45794,0,980
2021-12-21,"MG","Madagascar","Africa",0,45794,0,980
2021-12-22,"MG","Madagascar","Africa",1501,47295,16,996
2021-12-23,"MG","Madagascar","Africa",0,47295,0,996
2021-12-24,"MG","Madagascar","Africa",0,47295,0,996
2021-12-25,"MG","Madagascar","Africa",0,47295,0,996
2021-12-26,"MG","Madagascar","Africa",0,47295,0,996
2021-12-27,"MG","Madagascar","Africa",0,47295,0,996
2021-12-28,"MG","Madagascar","Africa",0,47295,0,996
2021-12-29,"MG","Madagascar","Africa",2984,50279,31,1027
2021-12-30,"MG","Madagascar","Africa",0,50279,0,1027
2021-12-31,"MG","Madagascar","Africa",0,50279,0,1027
2022-01-01,"MG","Madagascar","Africa",0,50279,0,1027
2022-01-02,"MG","Madagascar","Africa",0,50279,0,1027
2022-01-03,"MG","Madagascar","Africa",2155,52434,40,1067
2022-01-04,"MG","Madagascar","Africa",0,52434,0,1067
2022-01-05,"MG","Madagascar","Africa",0,52434,0,1067
2022-01-06,"MG","Madagascar","Africa",0,52434,0,1067
2022-01-07,"MG","Madagascar","Africa",0,52434,0,1067
2022-01-08,"MG","Madagascar","Africa",0,52434,0,1067
2022-01-09,"MG","Madagascar","Africa",1667,54101,50,1117
2022-01-10,"MG","Madagascar","Africa",0,54101,0,1117
2022-01-11,"MG","Madagascar","Africa",0,54101,0,1117
2022-01-12,"MG","Madagascar","Africa",0,54101,0,1117
2022-01-13,"MG","Madagascar","Africa",0,54101,0,1117
2022-01-14,"MG","Madagascar","Africa",0,54101,0,1117
2022-01-15,"MG","Madagascar","Africa",0,54101,0,1117
2022-01-16,"MG","Madagascar","Africa",1726,55827,52,1169
2022-01-17,"MG","Madagascar","Africa",0,55827,0,1169
2022-01-18,"MG","Madagascar","Africa",0,55827,0,1169
2022-01-19,"MG","Madagascar","Africa",0,55827,0,1169
2022-01-20,"MG","Madagascar","Africa",0,55827,0,1169
2022-01-21,"MG","Madagascar","Africa",0,55827,0,1169
2022-01-22,"MG","Madagascar","Africa",0,55827,0,1169
2022-01-23,"MG","Madagascar","Africa",1548,57375,54,1223
2022-01-24,"MG","Madagascar","Africa",0,57375,0,1223
2022-01-25,"MG","Madagascar","Africa",0,57375,0,1223
2022-01-26,"MG","Madagascar","Africa",0,57375,0,1223
2022-01-27,"MG","Madagascar","Africa",0,57375,0,1223
2022-01-28,"MG","Madagascar","Africa",0,57375,0,1223
2022-01-29,"MG","Madagascar","Africa",0,57375,0,1223
2022-01-30,"MG","Madagascar","Africa",1944,59319,51,1274
2022-01-31,"MG","Madagascar","Africa",0,59319,0,1274
2022-02-01,"MG","Madagascar","Africa",0,59319,0,1274
2022-02-02,"MG","Madagascar","Africa",0,59319,0,1274
2022-02-03,"MG","Madagascar","Africa",0,59319,0,1274
2022-02-04,"MG","Madagascar","Africa",0,59319,0,1274
2022-02-05,"MG","Madagascar","Africa",0,59319,0,1274
2022-02-06,"MG","Madagascar","Africa",2115,61434,33,1307
2022-02-07,"MG","Madagascar","Africa",0,61434,0,1307
2022-02-08,"MG","Madagascar","Africa",0,61434,0,1307
2022-02-09,"MG","Madagascar","Africa",0,61434,0,1307
2022-02-10,"MG","Madagascar","Africa",0,61434,0,1307
2022-02-11,"MG","Madagascar","Africa",0,61434,0,1307
2022-02-12,"MG","Madagascar","Africa",0,61434,0,1307
2022-02-13,"MG","Madagascar","Africa",1410,62844,28,1335
2022-02-14,"MG","Madagascar","Africa",0,62844,0,1335
2022-02-15,"MG","Madagascar","Africa",0,62844,0,1335
2022-02-16,"MG","Madagascar","Africa",0,62844,0,1335
2022-02-17,"MG","Madagascar","Africa",0,62844,0,1335
2022-02-18,"MG","Madagascar","Africa",0,62844,0,1335
2022-02-19,"MG","Madagascar","Africa",0,62844,0,1335
2022-02-20,"MG","Madagascar","Africa",589,63433,15,1350
2022-02-21,"MG","Madagascar","Africa",0,63433,0,1350
2022-02-22,"MG","Madagascar","Africa",0,63433,0,1350
2022-02-23,"MG","Madagascar","Africa",0,63433,0,1350
2022-02-24,"MG","Madagascar","Africa",0,63433,0,1350
2022-02-25,"MG","Madagascar","Africa",0,63433,0,1350
2022-02-26,"MG","Madagascar","Africa",0,63433,0,1350
2022-02-27,"MG","Madagascar","Africa",226,63659,16,1366
2022-02-28,"MG","Madagascar","Africa",0,63659,0,1366
2022-03-01,"MG","Madagascar","Africa",0,63659,0,1366
2022-03-02,"MG","Madagascar","Africa",0,63659,0,1366
2022-03-03,"MG","Madagascar","Africa",0,63659,0,1366
2022-03-04,"MG","Madagascar","Africa",0,63659,0,1366
2022-03-05,"MG","Madagascar","Africa",132,63791,7,1373
2022-03-06,"MG","Madagascar","Africa",0,63791,0,1373
2021-12-06,"MW","Malawi","Africa",15,61981,0,2307
2021-12-07,"MW","Malawi","Africa",16,61997,0,2307
2021-12-08,"MW","Malawi","Africa",18,62015,0,2307
2021-12-09,"MW","Malawi","Africa",38,62053,0,2307
2021-12-10,"MW","Malawi","Africa",35,62088,0,2307
2021-12-11,"MW","Malawi","Africa",59,62147,0,2307
2021-12-12,"MW","Malawi","Africa",83,62230,0,2307
2021-12-13,"MW","Malawi","Africa",35,62265,1,2308
2021-12-14,"MW","Malawi","Africa",115,62380,0,2308
2021-12-15,"MW","Malawi","Africa",235,62615,2,2310
2021-12-16,"MW","Malawi","Africa",318,62933,0,2310
2021-12-17,"MW","Malawi","Africa",475,63408,1,2311
2021-12-18,"MW","Malawi","Africa",536,63944,0,2311
2021-12-19,"MW","Malawi","Africa",468,64412,0,2311
2021-12-20,"MW","Malawi","Africa",329,64741,0,2311
2021-12-21,"MW","Malawi","Africa",482,65223,2,2313
2021-12-22,"MW","Malawi","Africa",943,66166,0,2313
2021-12-23,"MW","Malawi","Africa",1112,67278,4,2317
2021-12-24,"MW","Malawi","Africa",1192,68470,2,2319
2021-12-25,"MW","Malawi","Africa",1265,69735,3,2322
2021-12-26,"MW","Malawi","Africa",947,70682,6,2328
2021-12-27,"MW","Malawi","Africa",325,71007,4,2332
2021-12-28,"MW","Malawi","Africa",544,71551,5,2337
2021-12-29,"MW","Malawi","Africa",584,72135,6,2343
2021-12-30,"MW","Malawi","Africa",1103,73238,7,2350
2021-12-31,"MW","Malawi","Africa",963,74201,5,2355
2022-01-01,"MW","Malawi","Africa",874,75075,9,2364
2022-01-02,"MW","Malawi","Africa",753,75828,4,2368
2022-01-03,"MW","Malawi","Africa",238,76066,3,2371
2022-01-04,"MW","Malawi","Africa",229,76295,7,2378
2022-01-05,"MW","Malawi","Africa",506,76801,8,2386
2022-01-06,"MW","Malawi","Africa",828,77629,9,2395
2022-01-07,"MW","Malawi","Africa",776,78405,5,2400
2022-01-08,"MW","Malawi","Africa",677,79082,7,2407
2022-01-09,"MW","Malawi","Africa",631,79713,4,2411
2022-01-10,"MW","Malawi","Africa",274,79987,2,2413
2022-01-11,"MW","Malawi","Africa",282,80269,7,2420
2022-01-12,"MW","Malawi","Africa",598,80867,7,2427
2022-01-13,"MW","Malawi","Africa",547,81414,10,2437
2022-01-14,"MW","Malawi","Africa",476,81890,8,2445
2022-01-15,"MW","Malawi","Africa",372,82262,8,2453
2022-01-16,"MW","Malawi","Africa",244,82506,6,2459
2022-01-17,"MW","Malawi","Africa",213,82719,7,2466
2022-01-18,"MW","Malawi","Africa",73,82792,8,2474
2022-01-19,"MW","Malawi","Africa",183,82975,6,2480
2022-01-20,"MW","Malawi","Africa",244,83219,11,2491
2022-01-21,"MW","Malawi","Africa",184,83403,11,2502
2022-01-22,"MW","Malawi","Africa",162,83565,5,2507
2022-01-23,"MW","Malawi","Africa",200,83765,12,2519
2022-01-24,"MW","Malawi","Africa",58,83823,4,2523
2022-01-25,"MW","Malawi","Africa",104,83927,5,2528
2022-01-26,"MW","Malawi","Africa",86,84013,6,2534
2022-01-27,"MW","Malawi","Africa",92,84105,3,2537
2022-01-28,"MW","Malawi","Africa",119,84224,7,2544
2022-01-29,"MW","Malawi","Africa",85,84309,9,2553
2022-01-30,"MW","Malawi","Africa",80,84389,4,2557
2022-01-31,"MW","Malawi","Africa",31,84420,1,2558
2022-02-01,"MW","Malawi","Africa",55,84475,3,2561
2022-02-02,"MW","Malawi","Africa",97,84572,2,2563
2022-02-03,"MW","Malawi","Africa",60,84632,1,2564
2022-02-04,"MW","Malawi","Africa",61,84693,1,2565
2022-02-05,"MW","Malawi","Africa",45,84738,2,2567
2022-02-06,"MW","Malawi","Africa",57,84795,3,2570
2022-02-07,"MW","Malawi","Africa",18,84813,1,2571
2022-02-08,"MW","Malawi","Africa",31,84844,2,2573
2022-02-09,"MW","Malawi","Africa",32,84876,2,2575
2022-02-10,"MW","Malawi","Africa",39,84915,5,2580
2022-02-11,"MW","Malawi","Africa",21,84936,6,2586
2022-02-12,"MW","Malawi","Africa",38,84974,5,2591
2022-02-13,"MW","Malawi","Africa",35,85009,3,2594
2022-02-14,"MW","Malawi","Africa",16,85025,2,2596
2022-02-15,"MW","Malawi","Africa",8,85033,2,2598
2022-02-16,"MW","Malawi","Africa",32,85065,1,2599
2022-02-17,"MW","Malawi","Africa",41,85106,0,2599
2022-02-18,"MW","Malawi","Africa",28,85134,1,2600
2022-02-19,"MW","Malawi","Africa",45,85179,2,2602
2022-02-20,"MW","Malawi","Africa",26,85205,3,2605
2022-02-21,"MW","Malawi","Africa",14,85219,1,2606
2022-02-22,"MW","Malawi","Africa",9,85228,0,2606
2022-02-23,"MW","Malawi","Africa",10,85238,3,2609
2022-02-24,"MW","Malawi","Africa",19,85257,1,2610
2022-02-25,"MW","Malawi","Africa",19,85276,2,2612
2022-02-26,"MW","Malawi","Africa",19,85295,0,2612
2022-02-27,"MW","Malawi","Africa",19,85314,1,2613
2022-02-28,"MW","Malawi","Africa",14,85328,2,2615
2022-03-01,"MW","Malawi","Africa",11,85339,0,2615
2022-03-02,"MW","Malawi","Africa",8,85347,0,2615
2022-03-03,"MW","Malawi","Africa",15,85362,2,2617
2022-03-04,"MW","Malawi","Africa",21,85383,0,2617
2022-03-05,"MW","Malawi","Africa",13,85396,0,2617
2022-03-06,"MW","Malawi","Africa",15,85411,1,2618
2021-12-06,"MY","Malaysia","Western Pacific",4298,2658772,40,30614
2021-12-07,"MY","Malaysia","Western Pacific",4262,2663034,38,30652
2021-12-08,"MY","Malaysia","Western Pacific",4965,2667999,66,30718
2021-12-09,"MY","Malaysia","Western Pacific",5020,2673019,28,30746
2021-12-10,"MY","Malaysia","Western Pacific",5446,2678465,41,30787
2021-12-11,"MY","Malaysia","Western Pacific",5058,2683523,44,30831
2021-12-12,"MY","Malaysia","Western Pacific",4626,2688149,31,30862
2021-12-13,"MY","Malaysia","Western Pacific",3490,2691639,17,30879
2021-12-14,"MY","Malaysia","Western Pacific",3504,2695143,29,30908
2021-12-15,"MY","Malaysia","Western Pacific",4097,2699240,48,30956
2021-12-16,"MY","Malaysia","Western Pacific",3900,2703140,33,30989
2021-12-17,"MY","Malaysia","Western Pacific",4262,2707402,37,31026
2021-12-18,"MY","Malaysia","Western Pacific",4362,2711764,18,31044
2021-12-19,"MY","Malaysia","Western Pacific",4083,2715847,29,31073
2021-12-20,"MY","Malaysia","Western Pacific",3108,2718955,19,31092
2021-12-21,"MY","Malaysia","Western Pacific",2589,2721544,43,31135
2021-12-22,"MY","Malaysia","Western Pacific",3140,2724684,57,31192
2021-12-23,"MY","Malaysia","Western Pacific",3519,2728203,29,31221
2021-12-24,"MY","Malaysia","Western Pacific",3510,2731713,44,31265
2021-12-25,"MY","Malaysia","Western Pacific",3528,2735241,43,31308
2021-12-26,"MY","Malaysia","Western Pacific",3160,2738401,7,31315
2021-12-27,"MY","Malaysia","Western Pacific",2778,2741179,19,31334
2021-12-28,"MY","Malaysia","Western Pacific",2757,2743936,35,31369
2021-12-29,"MY","Malaysia","Western Pacific",2897,2746833,23,31392
2021-12-30,"MY","Malaysia","Western Pacific",3683,2750516,36,31428
2021-12-31,"MY","Malaysia","Western Pacific",3997,2754513,34,31462
2022-01-01,"MY","Malaysia","Western Pacific",3573,2758086,25,31487
2022-01-02,"MY","Malaysia","Western Pacific",3386,2761472,26,31513
2022-01-03,"MY","Malaysia","Western Pacific",2882,2764354,19,31532
2022-01-04,"MY","Malaysia","Western Pacific",2690,2767044,28,31560
2022-01-05,"MY","Malaysia","Western Pacific",2842,2769886,31,31591
2022-01-06,"MY","Malaysia","Western Pacific",3270,2773156,18,31609
2022-01-07,"MY","Malaysia","Western Pacific",3543,2776699,19,31628
2022-01-08,"MY","Malaysia","Western Pacific",3381,2780080,14,31642
2022-01-09,"MY","Malaysia","Western Pacific",3251,2783331,13,31655
2022-01-10,"MY","Malaysia","Western Pacific",2888,2786219,23,31678
2022-01-11,"MY","Malaysia","Western Pacific",2641,2788860,18,31696
2022-01-12,"MY","Malaysia","Western Pacific",3175,2792035,27,31723
2022-01-13,"MY","Malaysia","Western Pacific",3198,2795233,15,31738
2022-01-14,"MY","Malaysia","Western Pacific",3684,2798917,12,31750
2022-01-15,"MY","Malaysia","Western Pacific",3346,2802263,12,31762
2022-01-16,"MY","Malaysia","Western Pacific",3074,2805337,19,31781
2022-01-17,"MY","Malaysia","Western Pacific",3010,2808347,12,31793
2022-01-18,"MY","Malaysia","Western Pacific",2342,2810689,16,31809
2022-01-19,"MY","Malaysia","Western Pacific",3245,2813934,9,31818
2022-01-20,"MY","Malaysia","Western Pacific",3229,2817163,13,31831
2022-01-21,"MY","Malaysia","Western Pacific",3764,2820927,22,31853
2022-01-22,"MY","Malaysia","Western Pacific",4046,2824973,15,31868
2022-01-23,"MY","Malaysia","Western Pacific",4116,2829089,15,31883
2022-01-24,"MY","Malaysia","Western Pacific",3856,2832945,9,31892
2022-01-25,"MY","Malaysia","Western Pacific",3214,2836159,10,31902
2022-01-26,"MY","Malaysia","Western Pacific",4066,2840225,16,31918
2022-01-27,"MY","Malaysia","Western Pacific",4744,2844969,12,31930
2022-01-28,"MY","Malaysia","Western Pacific",5439,2850408,10,31940
2022-01-29,"MY","Malaysia","Western Pacific",5522,2855930,12,31952
2022-01-30,"MY","Malaysia","Western Pacific",5139,2861069,5,31957
2022-01-31,"MY","Malaysia","Western Pacific",4915,2865984,8,31965
2022-02-01,"MY","Malaysia","Western Pacific",4774,2870758,13,31978
2022-02-02,"MY","Malaysia","Western Pacific",5566,2876324,7,31985
2022-02-03,"MY","Malaysia","Western Pacific",5736,2882060,7,31992
2022-02-04,"MY","Malaysia","Western Pacific",5720,2887780,8,32000
2022-02-05,"MY","Malaysia","Western Pacific",7234,2895014,11,32011
2022-02-06,"MY","Malaysia","Western Pacific",9117,2904131,14,32025
2022-02-07,"MY","Malaysia","Western Pacific",10089,2914220,9,32034
2022-02-08,"MY","Malaysia","Western Pacific",11034,2925254,9,32043
2022-02-09,"MY","Malaysia","Western Pacific",13944,2939198,13,32056
2022-02-10,"MY","Malaysia","Western Pacific",17134,2956332,9,32065
2022-02-11,"MY","Malaysia","Western Pacific",19090,2975422,10,32075
2022-02-12,"MY","Malaysia","Western Pacific",20939,2996361,24,32099
2022-02-13,"MY","Malaysia","Western Pacific",22802,3019163,15,32114
2022-02-14,"MY","Malaysia","Western Pacific",21072,3040235,11,32125
2022-02-15,"MY","Malaysia","Western Pacific",21315,3061550,24,32149
2022-02-16,"MY","Malaysia","Western Pacific",22133,3083683,31,32180
2022-02-17,"MY","Malaysia","Western Pacific",27831,3111514,21,32201
2022-02-18,"MY","Malaysia","Western Pacific",26701,3138215,39,32240
2022-02-19,"MY","Malaysia","Western Pacific",27808,3166023,24,32264
2022-02-20,"MY","Malaysia","Western Pacific",28825,3194848,46,32310
2022-02-21,"MY","Malaysia","Western Pacific",26832,3221680,37,32347
2022-02-22,"MY","Malaysia","Western Pacific",25099,3246779,43,32390
2022-02-23,"MY","Malaysia","Western Pacific",27179,3273958,43,32433
2022-02-24,"MY","Malaysia","Western Pacific",31199,3305157,55,32488
2022-02-25,"MY","Malaysia","Western Pacific",32070,3337227,46,32534
2022-02-26,"MY","Malaysia","Western Pacific",30644,3367871,57,32591
2022-02-27,"MY","Malaysia","Western Pacific",27299,3395170,43,32634
2022-02-28,"MY","Malaysia","Western Pacific",24466,3419636,40,32674
2022-03-01,"MY","Malaysia","Western Pacific",23100,3442736,75,32749
2022-03-02,"MY","Malaysia","Western Pacific",25854,3468590,78,32827
2022-03-03,"MY","Malaysia","Western Pacific",27500,3496090,115,32942
2022-03-04,"MY","Malaysia","Western Pacific",32467,3528557,86,33028
2022-03-05,"MY","Malaysia","Western Pacific",33209,3561766,78,33106
2022-03-06,"MY","Malaysia","Western Pacific",33406,3595172,67,33173
2021-12-06,"MV","Maldives","South-East Asia",157,92368,1,255
2021-12-07,"MV","Maldives","South-East Asia",133,92501,0,255
2021-12-08,"MV","Maldives","South-East Asia",128,92629,0,255
2021-12-09,"MV","Maldives","South-East Asia",125,92754,0,255
2021-12-10,"MV","Maldives","South-East Asia",92,92846,1,256
2021-12-11,"MV","Maldives","South-East Asia",218,93064,0,256
2021-12-12,"MV","Maldives","South-East Asia",55,93119,2,258
2021-12-13,"MV","Maldives","South-East Asia",127,93246,0,258
2021-12-14,"MV","Maldives","South-East Asia",124,93370,0,258
2021-12-15,"MV","Maldives","South-East Asia",162,93532,1,259
2021-12-16,"MV","Maldives","South-East Asia",97,93629,0,259
2021-12-17,"MV","Maldives","South-East Asia",104,93733,0,259
2021-12-18,"MV","Maldives","South-East Asia",131,93864,0,259
2021-12-19,"MV","Maldives","South-East Asia",93,93957,0,259
2021-12-20,"MV","Maldives","South-East Asia",100,94057,1,260
2021-12-21,"MV","Maldives","South-East Asia",121,94178,0,260
2021-12-22,"MV","Maldives","South-East Asia",121,94299,0,260
2021-12-23,"MV","Maldives","South-East Asia",145,94444,1,261
2021-12-24,"MV","Maldives","South-East Asia",120,94564,0,261
2021-12-25,"MV","Maldives","South-East Asia",168,94732,0,261
2021-12-26,"MV","Maldives","South-East Asia",132,94864,0,261
2021-12-27,"MV","Maldives","South-East Asia",168,95032,0,261
2021-12-28,"MV","Maldives","South-East Asia",190,95222,1,262
2021-12-29,"MV","Maldives","South-East Asia",198,95420,0,262
2021-12-30,"MV","Maldives","South-East Asia",120,95540,0,262
2021-12-31,"MV","Maldives","South-East Asia",160,95700,0,262
2022-01-01,"MV","Maldives","South-East Asia",191,95891,0,262
2022-01-02,"MV","Maldives","South-East Asia",161,96052,0,262
2022-01-03,"MV","Maldives","South-East Asia",242,96294,0,262
2022-01-04,"MV","Maldives","South-East Asia",228,96522,1,263
2022-01-05,"MV","Maldives","South-East Asia",224,96746,0,263
2022-01-06,"MV","Maldives","South-East Asia",304,97050,1,264
2022-01-07,"MV","Maldives","South-East Asia",281,97331,0,264
2022-01-08,"MV","Maldives","South-East Asia",337,97668,0,264
2022-01-09,"MV","Maldives","South-East Asia",384,98052,0,264
2022-01-10,"MV","Maldives","South-East Asia",454,98506,0,264
2022-01-11,"MV","Maldives","South-East Asia",593,99099,0,264
2022-01-12,"MV","Maldives","South-East Asia",536,99635,0,264
2022-01-13,"MV","Maldives","South-East Asia",816,100451,0,264
2022-01-14,"MV","Maldives","South-East Asia",967,101418,1,265
2022-01-15,"MV","Maldives","South-East Asia",954,102372,0,265
2022-01-16,"MV","Maldives","South-East Asia",1209,103581,0,265
2022-01-17,"MV","Maldives","South-East Asia",1420,105001,0,265
2022-01-18,"MV","Maldives","South-East Asia",1594,106595,0,265
2022-01-19,"MV","Maldives","South-East Asia",2137,108732,0,265
2022-01-20,"MV","Maldives","South-East Asia",2199,110931,4,269
2022-01-21,"MV","Maldives","South-East Asia",1697,112628,0,269
2022-01-22,"MV","Maldives","South-East Asia",2349,114977,0,269
2022-01-23,"MV","Maldives","South-East Asia",2484,117461,1,270
2022-01-24,"MV","Maldives","South-East Asia",2707,120168,0,270
2022-01-25,"MV","Maldives","South-East Asia",2609,122777,1,271
2022-01-26,"MV","Maldives","South-East Asia",2813,125590,1,272
2022-01-27,"MV","Maldives","South-East Asia",2499,128089,2,274
2022-01-28,"MV","Maldives","South-East Asia",2510,130599,0,274
2022-01-29,"MV","Maldives","South-East Asia",2689,133288,0,274
2022-01-30,"MV","Maldives","South-East Asia",2838,136126,1,275
2022-01-31,"MV","Maldives","South-East Asia",2754,138880,1,276
2022-02-01,"MV","Maldives","South-East Asia",2180,141060,1,277
2022-02-02,"MV","Maldives","South-East Asia",2142,143202,1,278
2022-02-03,"MV","Maldives","South-East Asia",1834,145036,2,280
2022-02-04,"MV","Maldives","South-East Asia",1955,146991,0,280
2022-02-05,"MV","Maldives","South-East Asia",1589,148580,1,281
2022-02-06,"MV","Maldives","South-East Asia",1757,150337,2,283
2022-02-07,"MV","Maldives","South-East Asia",1576,151913,1,284
2022-02-08,"MV","Maldives","South-East Asia",1502,153415,1,285
2022-02-09,"MV","Maldives","South-East Asia",1096,154511,1,286
2022-02-10,"MV","Maldives","South-East Asia",1406,155917,1,287
2022-02-11,"MV","Maldives","South-East Asia",986,156903,0,287
2022-02-12,"MV","Maldives","South-East Asia",1128,158031,1,288
2022-02-13,"MV","Maldives","South-East Asia",1030,159061,1,289
2022-02-14,"MV","Maldives","South-East Asia",1015,160076,0,289
2022-02-15,"MV","Maldives","South-East Asia",1037,161113,0,289
2022-02-16,"MV","Maldives","South-East Asia",1056,162169,0,289
2022-02-17,"MV","Maldives","South-East Asia",805,162974,1,290
2022-02-18,"MV","Maldives","South-East Asia",607,163581,0,290
2022-02-19,"MV","Maldives","South-East Asia",648,164229,0,290
2022-02-20,"MV","Maldives","South-East Asia",844,165073,1,291
2022-02-21,"MV","Maldives","South-East Asia",656,165729,1,292
2022-02-22,"MV","Maldives","South-East Asia",796,166525,0,292
2022-02-23,"MV","Maldives","South-East Asia",971,167496,1,293
2022-02-24,"MV","Maldives","South-East Asia",628,168124,1,294
2022-02-25,"MV","Maldives","South-East Asia",507,168631,0,294
2022-02-26,"MV","Maldives","South-East Asia",517,169148,2,296
2022-02-27,"MV","Maldives","South-East Asia",484,169632,1,297
2022-02-28,"MV","Maldives","South-East Asia",560,170192,0,297
2022-03-01,"MV","Maldives","South-East Asia",463,170655,0,297
2022-03-02,"MV","Maldives","South-East Asia",459,171114,0,297
2022-03-03,"MV","Maldives","South-East Asia",535,171649,0,297
2022-03-04,"MV","Maldives","South-East Asia",298,171947,0,297
2022-03-05,"MV","Maldives","South-East Asia",323,172270,0,297
2022-03-06,"MV","Maldives","South-East Asia",306,172576,0,297
2021-12-06,"ML","Mali","Africa",103,17916,1,618
2021-12-07,"ML","Mali","Africa",56,17972,0,618
2021-12-08,"ML","Mali","Africa",141,18113,1,619
2021-12-09,"ML","Mali","Africa",141,18254,2,621
2021-12-10,"ML","Mali","Africa",76,18330,1,622
2021-12-11,"ML","Mali","Africa",75,18405,1,623
2021-12-12,"ML","Mali","Africa",100,18505,5,628
2021-12-13,"ML","Mali","Africa",87,18592,1,629
2021-12-14,"ML","Mali","Africa",36,18628,1,630
2021-12-15,"ML","Mali","Africa",91,18719,3,633
2021-12-16,"ML","Mali","Africa",137,18856,1,634
2021-12-17,"ML","Mali","Africa",83,18939,0,634
2021-12-18,"ML","Mali","Africa",126,19065,3,637
2021-12-19,"ML","Mali","Africa",128,19193,2,639
2021-12-20,"ML","Mali","Africa",114,19307,0,639
2021-12-21,"ML","Mali","Africa",59,19366,7,646
2021-12-22,"ML","Mali","Africa",105,19471,1,647
2021-12-23,"ML","Mali","Africa",83,19554,1,648
2021-12-24,"ML","Mali","Africa",205,19759,4,652
2021-12-25,"ML","Mali","Africa",108,19867,0,652
2021-12-26,"ML","Mali","Africa",145,20012,1,653
2021-12-27,"ML","Mali","Africa",68,20080,1,654
2021-12-28,"ML","Mali","Africa",41,20121,4,658
2021-12-29,"ML","Mali","Africa",167,20288,0,658
2021-12-30,"ML","Mali","Africa",181,20469,0,658
2021-12-31,"ML","Mali","Africa",202,20671,0,658
2022-01-01,"ML","Mali","Africa",338,21009,2,660
2022-01-02,"ML","Mali","Africa",370,21379,8,668
2022-01-03,"ML","Mali","Africa",171,21550,0,668
2022-01-04,"ML","Mali","Africa",257,21807,0,668
2022-01-05,"ML","Mali","Africa",577,22384,2,670
2022-01-06,"ML","Mali","Africa",451,22835,0,670
2022-01-07,"ML","Mali","Africa",766,23601,0,670
2022-01-08,"ML","Mali","Africa",380,23981,1,671
2022-01-09,"ML","Mali","Africa",0,23981,0,671
2022-01-10,"ML","Mali","Africa",1217,25198,1,672
2022-01-11,"ML","Mali","Africa",814,26012,3,675
2022-01-12,"ML","Mali","Africa",502,26514,0,675
2022-01-13,"ML","Mali","Africa",636,27150,2,677
2022-01-14,"ML","Mali","Africa",504,27654,1,678
2022-01-15,"ML","Mali","Africa",327,27981,5,683
2022-01-16,"ML","Mali","Africa",341,28322,5,688
2022-01-17,"ML","Mali","Africa",264,28586,3,691
2022-01-18,"ML","Mali","Africa",170,28756,1,692
2022-01-19,"ML","Mali","Africa",284,29040,0,692
2022-01-20,"ML","Mali","Africa",218,29258,9,701
2022-01-21,"ML","Mali","Africa",102,29360,3,704
2022-01-22,"ML","Mali","Africa",71,29431,0,704
2022-01-23,"ML","Mali","Africa",167,29598,0,704
2022-01-24,"ML","Mali","Africa",80,29678,1,705
2022-01-25,"ML","Mali","Africa",65,29743,2,707
2022-01-26,"ML","Mali","Africa",116,29859,2,709
2022-01-27,"ML","Mali","Africa",0,29859,0,709
2022-01-28,"ML","Mali","Africa",91,29950,2,711
2022-01-29,"ML","Mali","Africa",34,29984,0,711
2022-01-30,"ML","Mali","Africa",25,30009,0,711
2022-01-31,"ML","Mali","Africa",37,30046,0,711
2022-02-01,"ML","Mali","Africa",7,30053,3,714
2022-02-02,"ML","Mali","Africa",49,30102,1,715
2022-02-03,"ML","Mali","Africa",0,30102,0,715
2022-02-04,"ML","Mali","Africa",0,30102,0,715
2022-02-05,"ML","Mali","Africa",0,30102,0,715
2022-02-06,"ML","Mali","Africa",55,30157,0,715
2022-02-07,"ML","Mali","Africa",0,30157,0,715
2022-02-08,"ML","Mali","Africa",59,30216,0,715
2022-02-09,"ML","Mali","Africa",12,30228,0,715
2022-02-10,"ML","Mali","Africa",0,30228,0,715
2022-02-11,"ML","Mali","Africa",0,30228,0,715
2022-02-12,"ML","Mali","Africa",24,30252,0,715
2022-02-13,"ML","Mali","Africa",0,30252,0,715
2022-02-14,"ML","Mali","Africa",14,30266,1,716
2022-02-15,"ML","Mali","Africa",0,30266,0,716
2022-02-16,"ML","Mali","Africa",0,30266,0,716
2022-02-17,"ML","Mali","Africa",38,30304,1,717
2022-02-18,"ML","Mali","Africa",0,30304,0,717
2022-02-19,"ML","Mali","Africa",30,30334,0,717
2022-02-20,"ML","Mali","Africa",5,30339,0,717
2022-02-21,"ML","Mali","Africa",2,30341,3,720
2022-02-22,"ML","Mali","Africa",6,30347,0,720
2022-02-23,"ML","Mali","Africa",6,30353,2,722
2022-02-24,"ML","Mali","Africa",3,30356,0,722
2022-02-25,"ML","Mali","Africa",3,30359,0,722
2022-02-26,"ML","Mali","Africa",7,30366,0,722
2022-02-27,"ML","Mali","Africa",6,30372,0,722
2022-02-28,"ML","Mali","Africa",7,30379,0,722
2022-03-01,"ML","Mali","Africa",2,30381,0,722
2022-03-02,"ML","Mali","Africa",2,30383,0,722
2022-03-03,"ML","Mali","Africa",8,30391,0,722
2022-03-04,"ML","Mali","Africa",1,30392,2,724
2022-03-05,"ML","Mali","Africa",4,30396,0,724
2022-03-06,"ML","Mali","Africa",2,30398,0,724
2021-12-06,"MT","Malta","Europe",69,39931,0,468
2021-12-07,"MT","Malta","Europe",81,40012,0,468
2021-12-08,"MT","Malta","Europe",86,40098,0,468
2021-12-09,"MT","Malta","Europe",87,40185,0,468
2021-12-10,"MT","Malta","Europe",81,40266,1,469
2021-12-11,"MT","Malta","Europe",88,40354,1,470
2021-12-12,"MT","Malta","Europe",111,40465,0,470
2021-12-13,"MT","Malta","Europe",78,40543,1,471
2021-12-14,"MT","Malta","Europe",78,40621,0,471
2021-12-15,"MT","Malta","Europe",100,40721,0,471
2021-12-16,"MT","Malta","Europe",168,40889,0,471
2021-12-17,"MT","Malta","Europe",167,41056,0,471
2021-12-18,"MT","Malta","Europe",221,41277,0,471
2021-12-19,"MT","Malta","Europe",291,41568,0,471
2021-12-20,"MT","Malta","Europe",282,41850,0,471
2021-12-21,"MT","Malta","Europe",252,42102,0,471
2021-12-22,"MT","Malta","Europe",386,42488,0,471
2021-12-23,"MT","Malta","Europe",582,43070,2,473
2021-12-24,"MT","Malta","Europe",733,43803,0,473
2021-12-25,"MT","Malta","Europe",955,44758,0,473
2021-12-26,"MT","Malta","Europe",917,45675,1,474
2021-12-27,"MT","Malta","Europe",572,46247,1,475
2021-12-28,"MT","Malta","Europe",832,47079,1,476
2021-12-29,"MT","Malta","Europe",1298,48377,0,476
2021-12-30,"MT","Malta","Europe",1337,49714,0,476
2021-12-31,"MT","Malta","Europe",1353,51067,0,476
2022-01-01,"MT","Malta","Europe",1403,52470,1,477
2022-01-02,"MT","Malta","Europe",1030,53500,0,477
2022-01-03,"MT","Malta","Europe",747,54247,2,479
2022-01-04,"MT","Malta","Europe",812,55059,0,479
2022-01-05,"MT","Malta","Europe",1147,56206,1,480
2022-01-06,"MT","Malta","Europe",922,57128,2,482
2022-01-07,"MT","Malta","Europe",1144,58272,2,484
2022-01-08,"MT","Malta","Europe",786,59058,1,485
2022-01-09,"MT","Malta","Europe",762,59820,2,487
2022-01-10,"MT","Malta","Europe",563,60383,1,488
2022-01-11,"MT","Malta","Europe",437,60820,1,489
2022-01-12,"MT","Malta","Europe",432,61252,3,492
2022-01-13,"MT","Malta","Europe",673,61925,4,496
2022-01-14,"MT","Malta","Europe",462,62387,4,500
2022-01-15,"MT","Malta","Europe",516,62903,1,501
2022-01-16,"MT","Malta","Europe",503,63406,3,504
2022-01-17,"MT","Malta","Europe",301,63707,2,506
2022-01-18,"MT","Malta","Europe",288,63995,0,506
2022-01-19,"MT","Malta","Europe",379,64374,3,509
2022-01-20,"MT","Malta","Europe",342,64716,5,514
2022-01-21,"MT","Malta","Europe",286,65002,6,520
2022-01-22,"MT","Malta","Europe",306,65308,1,521
2022-01-23,"MT","Malta","Europe",285,65593,4,525
2022-01-24,"MT","Malta","Europe",273,65866,7,532
2022-01-25,"MT","Malta","Europe",202,66068,2,534
2022-01-26,"MT","Malta","Europe",323,66391,2,536
2022-01-27,"MT","Malta","Europe",314,66705,2,538
2022-01-28,"MT","Malta","Europe",230,66935,3,541
2022-01-29,"MT","Malta","Europe",229,67164,3,544
2022-01-30,"MT","Malta","Europe",190,67354,1,545
2022-01-31,"MT","Malta","Europe",191,67545,2,547
2022-02-01,"MT","Malta","Europe",169,67714,3,550
2022-02-02,"MT","Malta","Europe",249,67963,1,551
2022-02-03,"MT","Malta","Europe",227,68190,5,556
2022-02-04,"MT","Malta","Europe",240,68430,3,559
2022-02-05,"MT","Malta","Europe",214,68644,1,560
2022-02-06,"MT","Malta","Europe",195,68839,5,565
2022-02-07,"MT","Malta","Europe",158,68997,4,569
2022-02-08,"MT","Malta","Europe",175,69172,1,570
2022-02-09,"MT","Malta","Europe",186,69358,1,571
2022-02-10,"MT","Malta","Europe",172,69530,1,572
2022-02-11,"MT","Malta","Europe",118,69648,4,576
2022-02-12,"MT","Malta","Europe",143,69791,3,579
2022-02-13,"MT","Malta","Europe",107,69898,6,585
2022-02-14,"MT","Malta","Europe",116,70014,4,589
2022-02-15,"MT","Malta","Europe",72,70086,3,592
2022-02-16,"MT","Malta","Europe",122,70208,1,593
2022-02-17,"MT","Malta","Europe",117,70325,1,594
2022-02-18,"MT","Malta","Europe",109,70434,0,594
2022-02-19,"MT","Malta","Europe",79,70513,0,594
2022-02-20,"MT","Malta","Europe",72,70585,0,594
2022-02-21,"MT","Malta","Europe",77,70662,2,596
2022-02-22,"MT","Malta","Europe",74,70736,2,598
2022-02-23,"MT","Malta","Europe",90,70826,1,599
2022-02-24,"MT","Malta","Europe",79,70905,2,601
2022-02-25,"MT","Malta","Europe",95,71000,0,601
2022-02-26,"MT","Malta","Europe",80,71080,0,601
2022-02-27,"MT","Malta","Europe",96,71176,1,602
2022-02-28,"MT","Malta","Europe",56,71232,2,604
2022-03-01,"MT","Malta","Europe",40,71272,1,605
2022-03-02,"MT","Malta","Europe",86,71358,0,605
2022-03-03,"MT","Malta","Europe",94,71452,1,606
2022-03-04,"MT","Malta","Europe",126,71578,1,607
2022-03-05,"MT","Malta","Europe",98,71676,0,607
2022-03-06,"MT","Malta","Europe",121,71797,1,608
2021-12-06,"MH","Marshall Islands","Western Pacific",0,4,0,0
2021-12-07,"MH","Marshall Islands","Western Pacific",0,4,0,0
2021-12-08,"MH","Marshall Islands","Western Pacific",0,4,0,0
2021-12-09,"MH","Marshall Islands","Western Pacific",0,4,0,0
2021-12-10,"MH","Marshall Islands","Western Pacific",0,4,0,0
2021-12-11,"MH","Marshall Islands","Western Pacific",0,4,0,0
2021-12-12,"MH","Marshall Islands","Western Pacific",0,4,0,0
2021-12-13,"MH","Marshall Islands","Western Pacific",0,4,0,0
2021-12-14,"MH","Marshall Islands","Western Pacific",0,4,0,0
2021-12-15,"MH","Marshall Islands","Western Pacific",0,4,0,0
2021-12-16,"MH","Marshall Islands","Western Pacific",0,4,0,0
2021-12-17,"MH","Marshall Islands","Western Pacific",0,4,0,0
2021-12-18,"MH","Marshall Islands","Western Pacific",0,4,0,0
2021-12-19,"MH","Marshall Islands","Western Pacific",0,4,0,0
2021-12-20,"MH","Marshall Islands","Western Pacific",0,4,0,0
2021-12-21,"MH","Marshall Islands","Western Pacific",0,4,0,0
2021-12-22,"MH","Marshall Islands","Western Pacific",0,4,0,0
2021-12-23,"MH","Marshall Islands","Western Pacific",0,4,0,0
2021-12-24,"MH","Marshall Islands","Western Pacific",0,4,0,0
2021-12-25,"MH","Marshall Islands","Western Pacific",0,4,0,0
2021-12-26,"MH","Marshall Islands","Western Pacific",0,4,0,0
2021-12-27,"MH","Marshall Islands","Western Pacific",0,4,0,0
2021-12-28,"MH","Marshall Islands","Western Pacific",0,4,0,0
2021-12-29,"MH","Marshall Islands","Western Pacific",0,4,0,0
2021-12-30,"MH","Marshall Islands","Western Pacific",0,4,0,0
2021-12-31,"MH","Marshall Islands","Western Pacific",0,4,0,0
2022-01-01,"MH","Marshall Islands","Western Pacific",0,4,0,0
2022-01-02,"MH","Marshall Islands","Western Pacific",0,4,0,0
2022-01-03,"MH","Marshall Islands","Western Pacific",0,4,0,0
2022-01-04,"MH","Marshall Islands","Western Pacific",0,4,0,0
2022-01-05,"MH","Marshall Islands","Western Pacific",0,4,0,0
2022-01-06,"MH","Marshall Islands","Western Pacific",0,4,0,0
2022-01-07,"MH","Marshall Islands","Western Pacific",0,4,0,0
2022-01-08,"MH","Marshall Islands","Western Pacific",0,4,0,0
2022-01-09,"MH","Marshall Islands","Western Pacific",0,4,0,0
2022-01-10,"MH","Marshall Islands","Western Pacific",0,4,0,0
2022-01-11,"MH","Marshall Islands","Western Pacific",0,4,0,0
2022-01-12,"MH","Marshall Islands","Western Pacific",0,4,0,0
2022-01-13,"MH","Marshall Islands","Western Pacific",0,4,0,0
2022-01-14,"MH","Marshall Islands","Western Pacific",0,4,0,0
2022-01-15,"MH","Marshall Islands","Western Pacific",0,4,0,0
2022-01-16,"MH","Marshall Islands","Western Pacific",0,4,0,0
2022-01-17,"MH","Marshall Islands","Western Pacific",0,4,0,0
2022-01-18,"MH","Marshall Islands","Western Pacific",0,4,0,0
2022-01-19,"MH","Marshall Islands","Western Pacific",0,4,0,0
2022-01-20,"MH","Marshall Islands","Western Pacific",0,4,0,0
2022-01-21,"MH","Marshall Islands","Western Pacific",0,4,0,0
2022-01-22,"MH","Marshall Islands","Western Pacific",0,4,0,0
2022-01-23,"MH","Marshall Islands","Western Pacific",0,4,0,0
2022-01-24,"MH","Marshall Islands","Western Pacific",0,4,0,0
2022-01-25,"MH","Marshall Islands","Western Pacific",0,4,0,0
2022-01-26,"MH","Marshall Islands","Western Pacific",0,4,0,0
2022-01-27,"MH","Marshall Islands","Western Pacific",0,4,0,0
2022-01-28,"MH","Marshall Islands","Western Pacific",0,4,0,0
2022-01-29,"MH","Marshall Islands","Western Pacific",0,4,0,0
2022-01-30,"MH","Marshall Islands","Western Pacific",0,4,0,0
2022-01-31,"MH","Marshall Islands","Western Pacific",0,4,0,0
2022-02-01,"MH","Marshall Islands","Western Pacific",0,4,0,0
2022-02-02,"MH","Marshall Islands","Western Pacific",0,4,0,0
2022-02-03,"MH","Marshall Islands","Western Pacific",0,4,0,0
2022-02-04,"MH","Marshall Islands","Western Pacific",0,4,0,0
2022-02-05,"MH","Marshall Islands","Western Pacific",0,4,0,0
2022-02-06,"MH","Marshall Islands","Western Pacific",0,4,0,0
2022-02-07,"MH","Marshall Islands","Western Pacific",0,4,0,0
2022-02-08,"MH","Marshall Islands","Western Pacific",0,4,0,0
2022-02-09,"MH","Marshall Islands","Western Pacific",0,4,0,0
2022-02-10,"MH","Marshall Islands","Western Pacific",0,4,0,0
2022-02-11,"MH","Marshall Islands","Western Pacific",0,4,0,0
2022-02-12,"MH","Marshall Islands","Western Pacific",0,4,0,0
2022-02-13,"MH","Marshall Islands","Western Pacific",0,4,0,0
2022-02-14,"MH","Marshall Islands","Western Pacific",0,4,0,0
2022-02-15,"MH","Marshall Islands","Western Pacific",0,4,0,0
2022-02-16,"MH","Marshall Islands","Western Pacific",0,4,0,0
2022-02-17,"MH","Marshall Islands","Western Pacific",0,4,0,0
2022-02-18,"MH","Marshall Islands","Western Pacific",0,4,0,0
2022-02-19,"MH","Marshall Islands","Western Pacific",0,4,0,0
2022-02-20,"MH","Marshall Islands","Western Pacific",0,4,0,0
2022-02-21,"MH","Marshall Islands","Western Pacific",0,4,0,0
2022-02-22,"MH","Marshall Islands","Western Pacific",0,4,0,0
2022-02-23,"MH","Marshall Islands","Western Pacific",0,4,0,0
2022-02-24,"MH","Marshall Islands","Western Pacific",0,4,0,0
2022-02-25,"MH","Marshall Islands","Western Pacific",0,4,0,0
2022-02-26,"MH","Marshall Islands","Western Pacific",0,4,0,0
2022-02-27,"MH","Marshall Islands","Western Pacific",0,4,0,0
2022-02-28,"MH","Marshall Islands","Western Pacific",0,4,0,0
2022-03-01,"MH","Marshall Islands","Western Pacific",0,4,0,0
2022-03-02,"MH","Marshall Islands","Western Pacific",0,4,0,0
2022-03-03,"MH","Marshall Islands","Western Pacific",0,4,0,0
2022-03-04,"MH","Marshall Islands","Western Pacific",0,4,0,0
2022-03-05,"MH","Marshall Islands","Western Pacific",0,4,0,0
2022-03-06,"MH","Marshall Islands","Western Pacific",0,4,0,0
2021-12-06,"MQ","Martinique","Americas",0,45811,0,724
2021-12-07,"MQ","Martinique","Americas",0,45811,0,724
2021-12-08,"MQ","Martinique","Americas",164,45975,1,725
2021-12-09,"MQ","Martinique","Americas",149,46124,9,734
2021-12-10,"MQ","Martinique","Americas",127,46251,1,735
2021-12-11,"MQ","Martinique","Americas",86,46337,2,737
2021-12-12,"MQ","Martinique","Americas",73,46410,0,737
2021-12-13,"MQ","Martinique","Americas",0,46410,0,737
2021-12-14,"MQ","Martinique","Americas",187,46597,3,740
2021-12-15,"MQ","Martinique","Americas",103,46700,9,749
2021-12-16,"MQ","Martinique","Americas",127,46827,7,756
2021-12-17,"MQ","Martinique","Americas",77,46904,5,761
2021-12-18,"MQ","Martinique","Americas",0,46904,0,761
2021-12-19,"MQ","Martinique","Americas",85,46989,2,763
2021-12-20,"MQ","Martinique","Americas",0,46989,0,763
2021-12-21,"MQ","Martinique","Americas",219,47208,1,764
2021-12-22,"MQ","Martinique","Americas",129,47337,5,769
2021-12-23,"MQ","Martinique","Americas",0,47337,0,769
2021-12-24,"MQ","Martinique","Americas",203,47540,3,772
2021-12-25,"MQ","Martinique","Americas",182,47722,0,772
2021-12-26,"MQ","Martinique","Americas",106,47828,3,775
2021-12-27,"MQ","Martinique","Americas",0,47828,0,775
2021-12-28,"MQ","Martinique","Americas",295,48123,2,777
2021-12-29,"MQ","Martinique","Americas",0,48123,0,777
2021-12-30,"MQ","Martinique","Americas",0,48123,0,777
2021-12-31,"MQ","Martinique","Americas",1246,49369,6,783
2022-01-01,"MQ","Martinique","Americas",636,50005,1,784
2022-01-02,"MQ","Martinique","Americas",0,50005,0,784
2022-01-03,"MQ","Martinique","Americas",0,50005,0,784
2022-01-04,"MQ","Martinique","Americas",1063,51068,1,785
2022-01-05,"MQ","Martinique","Americas",772,51840,3,788
2022-01-06,"MQ","Martinique","Americas",0,51840,0,788
2022-01-07,"MQ","Martinique","Americas",0,51840,0,788
2022-01-08,"MQ","Martinique","Americas",0,51840,0,788
2022-01-09,"MQ","Martinique","Americas",0,51840,0,788
2022-01-10,"MQ","Martinique","Americas",0,51840,0,788
2022-01-11,"MQ","Martinique","Americas",0,51840,0,788
2022-01-12,"MQ","Martinique","Americas",6497,58337,6,794
2022-01-13,"MQ","Martinique","Americas",1246,59583,1,795
2022-01-14,"MQ","Martinique","Americas",3472,63055,0,795
2022-01-15,"MQ","Martinique","Americas",2325,65380,10,805
2022-01-16,"MQ","Martinique","Americas",0,65380,0,805
2022-01-17,"MQ","Martinique","Americas",0,65380,0,805
2022-01-18,"MQ","Martinique","Americas",0,65380,0,805
2022-01-19,"MQ","Martinique","Americas",3551,68931,8,813
2022-01-20,"MQ","Martinique","Americas",2262,71193,0,813
2022-01-21,"MQ","Martinique","Americas",2162,73355,3,816
2022-01-22,"MQ","Martinique","Americas",1872,75227,3,819
2022-01-23,"MQ","Martinique","Americas",1848,77075,2,821
2022-01-24,"MQ","Martinique","Americas",0,77075,0,821
2022-01-25,"MQ","Martinique","Americas",0,77075,0,821
2022-01-26,"MQ","Martinique","Americas",0,77075,0,821
2022-01-27,"MQ","Martinique","Americas",5738,82813,5,826
2022-01-28,"MQ","Martinique","Americas",1658,84471,1,827
2022-01-29,"MQ","Martinique","Americas",1513,85984,0,827
2022-01-30,"MQ","Martinique","Americas",1650,87634,5,832
2022-01-31,"MQ","Martinique","Americas",0,87634,0,832
2022-02-01,"MQ","Martinique","Americas",0,87634,0,832
2022-02-02,"MQ","Martinique","Americas",3111,90745,1,833
2022-02-03,"MQ","Martinique","Americas",3514,94259,9,842
2022-02-04,"MQ","Martinique","Americas",0,94259,0,842
2022-02-05,"MQ","Martinique","Americas",1184,95443,0,842
2022-02-06,"MQ","Martinique","Americas",1176,96619,0,842
2022-02-07,"MQ","Martinique","Americas",0,96619,0,842
2022-02-08,"MQ","Martinique","Americas",0,96619,0,842
2022-02-09,"MQ","Martinique","Americas",3134,99753,3,845
2022-02-10,"MQ","Martinique","Americas",2993,102746,11,856
2022-02-11,"MQ","Martinique","Americas",0,102746,0,856
2022-02-12,"MQ","Martinique","Americas",1314,104060,0,856
2022-02-13,"MQ","Martinique","Americas",1037,105097,1,857
2022-02-14,"MQ","Martinique","Americas",0,105097,0,857
2022-02-15,"MQ","Martinique","Americas",0,105097,0,857
2022-02-16,"MQ","Martinique","Americas",2047,107144,2,859
2022-02-17,"MQ","Martinique","Americas",0,107144,0,859
2022-02-18,"MQ","Martinique","Americas",0,107144,0,859
2022-02-19,"MQ","Martinique","Americas",0,107144,0,859
2022-02-20,"MQ","Martinique","Americas",3590,110734,2,861
2022-02-21,"MQ","Martinique","Americas",0,110734,0,861
2022-02-22,"MQ","Martinique","Americas",0,110734,0,861
2022-02-23,"MQ","Martinique","Americas",1381,112115,10,871
2022-02-24,"MQ","Martinique","Americas",0,112115,0,871
2022-02-25,"MQ","Martinique","Americas",0,112115,0,871
2022-02-26,"MQ","Martinique","Americas",0,112115,0,871
2022-02-27,"MQ","Martinique","Americas",2353,114468,23,894
2022-02-28,"MQ","Martinique","Americas",0,114468,0,894
2022-03-01,"MQ","Martinique","Americas",0,114468,0,894
2022-03-02,"MQ","Martinique","Americas",0,114468,0,894
2022-03-03,"MQ","Martinique","Americas",1483,115951,1,895
2022-03-04,"MQ","Martinique","Americas",217,116168,0,895
2022-03-05,"MQ","Martinique","Americas",287,116455,0,895
2022-03-06,"MQ","Martinique","Americas",1229,117684,0,895
2021-12-06,"MR","Mauritania","Africa",48,39558,2,840
2021-12-07,"MR","Mauritania","Africa",26,39584,2,842
2021-12-08,"MR","Mauritania","Africa",37,39621,2,844
2021-12-09,"MR","Mauritania","Africa",48,39669,0,844
2021-12-10,"MR","Mauritania","Africa",35,39704,2,846
2021-12-11,"MR","Mauritania","Africa",38,39742,2,848
2021-12-12,"MR","Mauritania","Africa",36,39778,1,849
2021-12-13,"MR","Mauritania","Africa",0,39778,0,849
2021-12-14,"MR","Mauritania","Africa",54,39832,1,850
2021-12-15,"MR","Mauritania","Africa",46,39878,2,852
2021-12-16,"MR","Mauritania","Africa",46,39924,0,852
2021-12-17,"MR","Mauritania","Africa",40,39964,0,852
2021-12-18,"MR","Mauritania","Africa",26,39990,0,852
2021-12-19,"MR","Mauritania","Africa",37,40027,0,852
2021-12-20,"MR","Mauritania","Africa",56,40083,1,853
2021-12-21,"MR","Mauritania","Africa",43,40126,2,855
2021-12-22,"MR","Mauritania","Africa",56,40182,2,857
2021-12-23,"MR","Mauritania","Africa",57,40239,2,859
2021-12-24,"MR","Mauritania","Africa",69,40308,1,860
2021-12-25,"MR","Mauritania","Africa",81,40389,1,861
2021-12-26,"MR","Mauritania","Africa",64,40453,1,862
2021-12-27,"MR","Mauritania","Africa",51,40504,0,862
2021-12-28,"MR","Mauritania","Africa",110,40614,0,862
2021-12-29,"MR","Mauritania","Africa",123,40737,0,862
2021-12-30,"MR","Mauritania","Africa",169,40906,0,862
2021-12-31,"MR","Mauritania","Africa",248,41154,1,863
2022-01-01,"MR","Mauritania","Africa",0,41154,0,863
2022-01-02,"MR","Mauritania","Africa",0,41154,0,863
2022-01-03,"MR","Mauritania","Africa",1028,42182,9,872
2022-01-04,"MR","Mauritania","Africa",0,42182,0,872
2022-01-05,"MR","Mauritania","Africa",0,42182,0,872
2022-01-06,"MR","Mauritania","Africa",0,42182,0,872
2022-01-07,"MR","Mauritania","Africa",3643,45825,8,880
2022-01-08,"MR","Mauritania","Africa",0,45825,0,880
2022-01-09,"MR","Mauritania","Africa",2280,48105,5,885
2022-01-10,"MR","Mauritania","Africa",901,49006,1,886
2022-01-11,"MR","Mauritania","Africa",667,49673,2,888
2022-01-12,"MR","Mauritania","Africa",1029,50702,3,891
2022-01-13,"MR","Mauritania","Africa",1093,51795,2,893
2022-01-14,"MR","Mauritania","Africa",977,52772,2,895
2022-01-15,"MR","Mauritania","Africa",871,53643,5,900
2022-01-16,"MR","Mauritania","Africa",750,54393,3,903
2022-01-17,"MR","Mauritania","Africa",598,54991,5,908
2022-01-18,"MR","Mauritania","Africa",404,55395,1,909
2022-01-19,"MR","Mauritania","Africa",463,55858,2,911
2022-01-20,"MR","Mauritania","Africa",438,56296,3,914
2022-01-21,"MR","Mauritania","Africa",370,56666,2,916
2022-01-22,"MR","Mauritania","Africa",280,56946,4,920
2022-01-23,"MR","Mauritania","Africa",226,57172,4,924
2022-01-24,"MR","Mauritania","Africa",212,57384,3,927
2022-01-25,"MR","Mauritania","Africa",96,57480,5,932
2022-01-26,"MR","Mauritania","Africa",168,57648,2,934
2022-01-27,"MR","Mauritania","Africa",146,57794,3,937
2022-01-28,"MR","Mauritania","Africa",125,57919,3,940
2022-01-29,"MR","Mauritania","Africa",122,58041,5,945
2022-01-30,"MR","Mauritania","Africa",88,58129,4,949
2022-01-31,"MR","Mauritania","Africa",69,58198,4,953
2022-02-01,"MR","Mauritania","Africa",0,58198,0,953
2022-02-02,"MR","Mauritania","Africa",100,58298,3,956
2022-02-03,"MR","Mauritania","Africa",37,58335,3,959
2022-02-04,"MR","Mauritania","Africa",46,58381,3,962
2022-02-05,"MR","Mauritania","Africa",26,58407,0,962
2022-02-06,"MR","Mauritania","Africa",36,58443,2,964
2022-02-07,"MR","Mauritania","Africa",15,58458,3,967
2022-02-08,"MR","Mauritania","Africa",32,58490,2,969
2022-02-09,"MR","Mauritania","Africa",18,58508,0,969
2022-02-10,"MR","Mauritania","Africa",19,58527,2,971
2022-02-11,"MR","Mauritania","Africa",15,58542,0,971
2022-02-12,"MR","Mauritania","Africa",15,58557,0,971
2022-02-13,"MR","Mauritania","Africa",6,58563,1,972
2022-02-14,"MR","Mauritania","Africa",6,58569,0,972
2022-02-15,"MR","Mauritania","Africa",6,58575,1,973
2022-02-16,"MR","Mauritania","Africa",2,58577,0,973
2022-02-17,"MR","Mauritania","Africa",7,58584,0,973
2022-02-18,"MR","Mauritania","Africa",9,58593,2,975
2022-02-19,"MR","Mauritania","Africa",0,58593,0,975
2022-02-20,"MR","Mauritania","Africa",11,58604,1,976
2022-02-21,"MR","Mauritania","Africa",12,58616,0,976
2022-02-22,"MR","Mauritania","Africa",0,58616,1,977
2022-02-23,"MR","Mauritania","Africa",2,58618,0,977
2022-02-24,"MR","Mauritania","Africa",3,58621,0,977
2022-02-25,"MR","Mauritania","Africa",0,58621,0,977
2022-02-26,"MR","Mauritania","Africa",5,58626,1,978
2022-02-27,"MR","Mauritania","Africa",3,58629,1,979
2022-02-28,"MR","Mauritania","Africa",3,58632,0,979
2022-03-01,"MR","Mauritania","Africa",1,58633,0,979
2022-03-02,"MR","Mauritania","Africa",5,58638,0,979
2022-03-03,"MR","Mauritania","Africa",0,58638,0,979
2022-03-04,"MR","Mauritania","Africa",0,58638,0,979
2022-03-05,"MR","Mauritania","Africa",7,58645,1,980
2022-03-06,"MR","Mauritania","Africa",1,58646,0,980
2021-12-06,"MU","Mauritius","Africa",374,84457,44,638
2021-12-07,"MU","Mauritius","Africa",680,85137,14,652
2021-12-08,"MU","Mauritius","Africa",437,85574,14,666
2021-12-09,"MU","Mauritius","Africa",396,85970,0,666
2021-12-10,"MU","Mauritius","Africa",370,86340,0,666
2021-12-11,"MU","Mauritius","Africa",385,86725,0,666
2021-12-12,"MU","Mauritius","Africa",308,87033,0,666
2021-12-13,"MU","Mauritius","Africa",282,87315,53,719
2021-12-14,"MU","Mauritius","Africa",367,87682,8,727
2021-12-15,"MU","Mauritius","Africa",284,87966,5,732
2021-12-16,"MU","Mauritius","Africa",226,88192,3,735
2021-12-17,"MU","Mauritius","Africa",240,88432,6,741
2021-12-18,"MU","Mauritius","Africa",203,88635,5,746
2021-12-19,"MU","Mauritius","Africa",239,88874,0,746
2021-12-20,"MU","Mauritius","Africa",170,89044,16,762
2021-12-21,"MU","Mauritius","Africa",193,89237,0,762
2021-12-22,"MU","Mauritius","Africa",164,89401,0,762
2021-12-23,"MU","Mauritius","Africa",184,89585,0,762
2021-12-24,"MU","Mauritius","Africa",152,89737,0,762
2021-12-25,"MU","Mauritius","Africa",180,89917,0,762
2021-12-26,"MU","Mauritius","Africa",173,90090,0,762
2021-12-27,"MU","Mauritius","Africa",174,90264,0,762
2021-12-28,"MU","Mauritius","Africa",195,90459,24,786
2021-12-29,"MU","Mauritius","Africa",262,90721,0,786
2021-12-30,"MU","Mauritius","Africa",178,90899,0,786
2021-12-31,"MU","Mauritius","Africa",195,91094,0,786
2022-01-01,"MU","Mauritius","Africa",220,91314,0,786
2022-01-02,"MU","Mauritius","Africa",163,91477,0,786
2022-01-03,"MU","Mauritius","Africa",186,91663,0,786
2022-01-04,"MU","Mauritius","Africa",169,91832,12,798
2022-01-05,"MU","Mauritius","Africa",244,92076,0,798
2022-01-06,"MU","Mauritius","Africa",318,92394,0,798
2022-01-07,"MU","Mauritius","Africa",339,92733,0,798
2022-01-08,"MU","Mauritius","Africa",312,93045,0,798
2022-01-09,"MU","Mauritius","Africa",327,93372,0,798
2022-01-10,"MU","Mauritius","Africa",294,93666,0,798
2022-01-11,"MU","Mauritius","Africa",339,94005,0,798
2022-01-12,"MU","Mauritius","Africa",297,94302,0,798
2022-01-13,"MU","Mauritius","Africa",348,94650,15,813
2022-01-14,"MU","Mauritius","Africa",421,95071,0,813
2022-01-15,"MU","Mauritius","Africa",381,95452,0,813
2022-01-16,"MU","Mauritius","Africa",358,95810,0,813
2022-01-17,"MU","Mauritius","Africa",295,96105,0,813
2022-01-18,"MU","Mauritius","Africa",392,96497,0,813
2022-01-19,"MU","Mauritius","Africa",411,96908,9,822
2022-01-20,"MU","Mauritius","Africa",452,97360,0,822
2022-01-21,"MU","Mauritius","Africa",552,97912,0,822
2022-01-22,"MU","Mauritius","Africa",549,98461,0,822
2022-01-23,"MU","Mauritius","Africa",514,98975,0,822
2022-01-24,"MU","Mauritius","Africa",559,99534,0,822
2022-01-25,"MU","Mauritius","Africa",690,100224,0,822
2022-01-26,"MU","Mauritius","Africa",737,100961,0,822
2022-01-27,"MU","Mauritius","Africa",859,101820,0,822
2022-01-28,"MU","Mauritius","Africa",953,102773,0,822
2022-01-29,"MU","Mauritius","Africa",989,103762,0,822
2022-01-30,"MU","Mauritius","Africa",1040,104802,0,822
2022-01-31,"MU","Mauritius","Africa",1133,105935,0,822
2022-02-01,"MU","Mauritius","Africa",1358,107293,0,822
2022-02-02,"MU","Mauritius","Africa",1193,108486,0,822
2022-02-03,"MU","Mauritius","Africa",656,109142,0,822
2022-02-04,"MU","Mauritius","Africa",1825,110967,0,822
2022-02-05,"MU","Mauritius","Africa",1877,112844,0,822
2022-02-06,"MU","Mauritius","Africa",1726,114570,0,822
2022-02-07,"MU","Mauritius","Africa",1745,116315,19,841
2022-02-08,"MU","Mauritius","Africa",2220,118535,0,841
2022-02-09,"MU","Mauritius","Africa",2161,120696,0,841
2022-02-10,"MU","Mauritius","Africa",2049,122745,0,841
2022-02-11,"MU","Mauritius","Africa",2217,124962,0,841
2022-02-12,"MU","Mauritius","Africa",2203,127165,0,841
2022-02-13,"MU","Mauritius","Africa",2280,129445,0,841
2022-02-14,"MU","Mauritius","Africa",2398,131843,0,841
2022-02-15,"MU","Mauritius","Africa",3027,134870,0,841
2022-02-16,"MU","Mauritius","Africa",3503,138373,37,878
2022-02-17,"MU","Mauritius","Africa",3061,141434,0,878
2022-02-18,"MU","Mauritius","Africa",3054,144488,0,878
2022-02-19,"MU","Mauritius","Africa",2885,147373,0,878
2022-02-20,"MU","Mauritius","Africa",1759,149132,0,878
2022-02-21,"MU","Mauritius","Africa",1043,150175,0,878
2022-02-22,"MU","Mauritius","Africa",3351,153526,17,895
2022-02-23,"MU","Mauritius","Africa",2936,156462,0,895
2022-02-24,"MU","Mauritius","Africa",2862,159324,0,895
2022-02-25,"MU","Mauritius","Africa",2422,161746,0,895
2022-02-26,"MU","Mauritius","Africa",2155,163901,0,895
2022-02-27,"MU","Mauritius","Africa",1762,165663,0,895
2022-02-28,"MU","Mauritius","Africa",1981,167644,9,904
2022-03-01,"MU","Mauritius","Africa",2152,169796,0,904
2022-03-02,"MU","Mauritius","Africa",0,169796,0,904
2022-03-03,"MU","Mauritius","Africa",0,169796,0,904
2022-03-04,"MU","Mauritius","Africa",0,169796,0,904
2022-03-05,"MU","Mauritius","Africa",0,169796,0,904
2022-03-06,"MU","Mauritius","Africa",0,169796,0,904
2021-12-06,"YT","Mayotte","Africa",30,21003,0,185
2021-12-07,"YT","Mayotte","Africa",40,21043,0,185
2021-12-08,"YT","Mayotte","Africa",0,21043,0,185
2021-12-09,"YT","Mayotte","Africa",0,21043,0,185
2021-12-10,"YT","Mayotte","Africa",45,21088,0,185
2021-12-11,"YT","Mayotte","Africa",0,21088,0,185
2021-12-12,"YT","Mayotte","Africa",0,21088,0,185
2021-12-13,"YT","Mayotte","Africa",0,21088,0,185
2021-12-14,"YT","Mayotte","Africa",41,21129,0,185
2021-12-15,"YT","Mayotte","Africa",10,21139,0,185
2021-12-16,"YT","Mayotte","Africa",0,21139,0,185
2021-12-17,"YT","Mayotte","Africa",41,21180,0,185
2021-12-18,"YT","Mayotte","Africa",0,21180,0,185
2021-12-19,"YT","Mayotte","Africa",0,21180,0,185
2021-12-20,"YT","Mayotte","Africa",0,21180,0,185
2021-12-21,"YT","Mayotte","Africa",63,21243,0,185
2021-12-22,"YT","Mayotte","Africa",0,21243,0,185
2021-12-23,"YT","Mayotte","Africa",45,21288,0,185
2021-12-24,"YT","Mayotte","Africa",0,21288,0,185
2021-12-25,"YT","Mayotte","Africa",0,21288,0,185
2021-12-26,"YT","Mayotte","Africa",0,21288,0,185
2021-12-27,"YT","Mayotte","Africa",0,21288,0,185
2021-12-28,"YT","Mayotte","Africa",218,21506,0,185
2021-12-29,"YT","Mayotte","Africa",405,21911,0,185
2021-12-30,"YT","Mayotte","Africa",0,21911,0,185
2021-12-31,"YT","Mayotte","Africa",0,21911,0,185
2022-01-01,"YT","Mayotte","Africa",0,21911,0,185
2022-01-02,"YT","Mayotte","Africa",0,21911,0,185
2022-01-03,"YT","Mayotte","Africa",0,21911,0,185
2022-01-04,"YT","Mayotte","Africa",2760,24671,1,186
2022-01-05,"YT","Mayotte","Africa",0,24671,0,186
2022-01-06,"YT","Mayotte","Africa",0,24671,0,186
2022-01-07,"YT","Mayotte","Africa",0,24671,0,186
2022-01-08,"YT","Mayotte","Africa",0,24671,0,186
2022-01-09,"YT","Mayotte","Africa",0,24671,0,186
2022-01-10,"YT","Mayotte","Africa",6040,30711,0,186
2022-01-11,"YT","Mayotte","Africa",769,31480,0,186
2022-01-12,"YT","Mayotte","Africa",1042,32522,0,186
2022-01-13,"YT","Mayotte","Africa",0,32522,0,186
2022-01-14,"YT","Mayotte","Africa",1235,33757,0,186
2022-01-15,"YT","Mayotte","Africa",0,33757,0,186
2022-01-16,"YT","Mayotte","Africa",0,33757,0,186
2022-01-17,"YT","Mayotte","Africa",0,33757,0,186
2022-01-18,"YT","Mayotte","Africa",1146,34903,0,186
2022-01-19,"YT","Mayotte","Africa",286,35189,0,186
2022-01-20,"YT","Mayotte","Africa",0,35189,0,186
2022-01-21,"YT","Mayotte","Africa",502,35691,1,187
2022-01-22,"YT","Mayotte","Africa",0,35691,0,187
2022-01-23,"YT","Mayotte","Africa",0,35691,0,187
2022-01-24,"YT","Mayotte","Africa",275,35966,0,187
2022-01-25,"YT","Mayotte","Africa",0,35966,0,187
2022-01-26,"YT","Mayotte","Africa",200,36166,0,187
2022-01-27,"YT","Mayotte","Africa",59,36225,0,187
2022-01-28,"YT","Mayotte","Africa",57,36282,0,187
2022-01-29,"YT","Mayotte","Africa",0,36282,0,187
2022-01-30,"YT","Mayotte","Africa",0,36282,0,187
2022-01-31,"YT","Mayotte","Africa",0,36282,0,187
2022-02-01,"YT","Mayotte","Africa",79,36361,0,187
2022-02-02,"YT","Mayotte","Africa",75,36436,0,187
2022-02-03,"YT","Mayotte","Africa",0,36436,0,187
2022-02-04,"YT","Mayotte","Africa",38,36474,0,187
2022-02-05,"YT","Mayotte","Africa",0,36474,0,187
2022-02-06,"YT","Mayotte","Africa",0,36474,0,187
2022-02-07,"YT","Mayotte","Africa",0,36474,0,187
2022-02-08,"YT","Mayotte","Africa",43,36517,0,187
2022-02-09,"YT","Mayotte","Africa",39,36556,0,187
2022-02-10,"YT","Mayotte","Africa",0,36556,0,187
2022-02-11,"YT","Mayotte","Africa",16,36572,0,187
2022-02-12,"YT","Mayotte","Africa",0,36572,0,187
2022-02-13,"YT","Mayotte","Africa",0,36572,0,187
2022-02-14,"YT","Mayotte","Africa",0,36572,0,187
2022-02-15,"YT","Mayotte","Africa",0,36572,0,187
2022-02-16,"YT","Mayotte","Africa",0,36572,0,187
2022-02-17,"YT","Mayotte","Africa",0,36572,0,187
2022-02-18,"YT","Mayotte","Africa",0,36572,0,187
2022-02-19,"YT","Mayotte","Africa",0,36572,0,187
2022-02-20,"YT","Mayotte","Africa",0,36572,0,187
2022-02-21,"YT","Mayotte","Africa",59,36631,0,187
2022-02-22,"YT","Mayotte","Africa",0,36631,0,187
2022-02-23,"YT","Mayotte","Africa",0,36631,0,187
2022-02-24,"YT","Mayotte","Africa",0,36631,0,187
2022-02-25,"YT","Mayotte","Africa",0,36631,0,187
2022-02-26,"YT","Mayotte","Africa",0,36631,0,187
2022-02-27,"YT","Mayotte","Africa",0,36631,0,187
2022-02-28,"YT","Mayotte","Africa",31,36662,0,187
2022-03-01,"YT","Mayotte","Africa",0,36662,0,187
2022-03-02,"YT","Mayotte","Africa",0,36662,0,187
2022-03-03,"YT","Mayotte","Africa",0,36662,0,187
2022-03-04,"YT","Mayotte","Africa",41,36703,0,187
2022-03-05,"YT","Mayotte","Africa",0,36703,0,187
2022-03-06,"YT","Mayotte","Africa",0,36703,0,187
2021-12-06,"MX","Mexico","Americas",1046,3919243,106,299105
2021-12-07,"MX","Mexico","Americas",849,3920092,126,299231
2021-12-08,"MX","Mexico","Americas",3548,3923640,143,299374
2021-12-09,"MX","Mexico","Americas",3076,3926716,123,299497
2021-12-10,"MX","Mexico","Americas",2790,3929506,139,299636
2021-12-11,"MX","Mexico","Americas",2663,3932169,130,299766
2021-12-12,"MX","Mexico","Americas",2673,3934842,112,299878
2021-12-13,"MX","Mexico","Americas",886,3935728,127,300005
2021-12-14,"MX","Mexico","Americas",887,3936615,113,300118
2021-12-15,"MX","Mexico","Americas",3104,3939719,122,300240
2021-12-16,"MX","Mexico","Americas",2677,3942396,128,300368
2021-12-17,"MX","Mexico","Americas",2685,3945081,123,300491
2021-12-18,"MX","Mexico","Americas",2605,3947686,114,300605
2021-12-19,"MX","Mexico","Americas",2419,3950105,103,300708
2021-12-20,"MX","Mexico","Americas",1110,3951215,127,300835
2021-12-21,"MX","Mexico","Americas",958,3952173,108,300943
2021-12-22,"MX","Mexico","Americas",3598,3955771,107,301050
2021-12-23,"MX","Mexico","Americas",3442,3959213,115,301165
2021-12-24,"MX","Mexico","Americas",3717,3962930,119,301284
2021-12-25,"MX","Mexico","Americas",3954,3966884,94,301378
2021-12-26,"MX","Mexico","Americas",3209,3970093,117,301495
2021-12-27,"MX","Mexico","Americas",1087,3971180,107,301602
2021-12-28,"MX","Mexico","Americas",1965,3973145,116,301718
2021-12-29,"MX","Mexico","Americas",7986,3981131,115,301833
2021-12-30,"MX","Mexico","Americas",9547,3990678,114,301947
2021-12-31,"MX","Mexico","Americas",11259,4001937,99,302046
2022-01-01,"MX","Mexico","Americas",12479,4014416,90,302136
2022-01-02,"MX","Mexico","Americas",11022,4025438,105,302241
2022-01-03,"MX","Mexico","Americas",3600,4029038,102,302343
2022-01-04,"MX","Mexico","Americas",5682,4034720,103,302446
2022-01-05,"MX","Mexico","Americas",23778,4058498,143,302589
2022-01-06,"MX","Mexico","Americas",31593,4090091,129,302718
2022-01-07,"MX","Mexico","Americas",38151,4128242,132,302850
2022-01-08,"MX","Mexico","Americas",41676,4169918,130,302980
2022-01-09,"MX","Mexico","Americas",45425,4215343,128,303108
2022-01-10,"MX","Mexico","Americas",21858,4237201,128,303236
2022-01-11,"MX","Mexico","Americas",18479,4255680,160,303396
2022-01-12,"MX","Mexico","Americas",67279,4322959,178,303574
2022-01-13,"MX","Mexico","Americas",69814,4392773,167,303741
2022-01-14,"MX","Mexico","Americas",71585,4464358,213,303954
2022-01-15,"MX","Mexico","Americas",70584,4534942,203,304157
2022-01-16,"MX","Mexico","Americas",68729,4603671,224,304381
2022-01-17,"MX","Mexico","Americas",29724,4633395,220,304601
2022-01-18,"MX","Mexico","Americas",22616,4656011,260,304861
2022-01-19,"MX","Mexico","Americas",76534,4732545,297,305158
2022-01-20,"MX","Mexico","Americas",70879,4803424,341,305499
2022-01-21,"MX","Mexico","Americas",66454,4869878,331,305830
2022-01-22,"MX","Mexico","Americas",62095,4931973,351,306181
2022-01-23,"MX","Mexico","Americas",54653,4986626,380,306561
2022-01-24,"MX","Mexico","Americas",23495,5010121,423,306984
2022-01-25,"MX","Mexico","Americas",17687,5027808,386,307370
2022-01-26,"MX","Mexico","Americas",58329,5086137,448,307818
2022-01-27,"MX","Mexico","Americas",47742,5133879,515,308333
2022-01-28,"MX","Mexico","Americas",43173,5177052,463,308796
2022-01-29,"MX","Mexico","Americas",37021,5214073,493,309289
2022-01-30,"MX","Mexico","Americas",32157,5246230,491,309780
2022-01-31,"MX","Mexico","Americas",14560,5260790,495,310275
2022-02-01,"MX","Mexico","Americas",10665,5271455,510,310785
2022-02-02,"MX","Mexico","Americas",32427,5303882,497,311282
2022-02-03,"MX","Mexico","Americas",26844,5330726,522,311804
2022-02-04,"MX","Mexico","Americas",24246,5354972,516,312320
2022-02-05,"MX","Mexico","Americas",20416,5375388,475,312795
2022-02-06,"MX","Mexico","Americas",17125,5392513,428,313223
2022-02-07,"MX","Mexico","Americas",7412,5399925,420,313643
2022-02-08,"MX","Mexico","Americas",5322,5405247,447,314090
2022-02-09,"MX","Mexico","Americas",7612,5412859,432,314522
2022-02-10,"MX","Mexico","Americas",17626,5430485,427,314949
2022-02-11,"MX","Mexico","Americas",13505,5443990,428,315377
2022-02-12,"MX","Mexico","Americas",12260,5456250,349,315726
2022-02-13,"MX","Mexico","Americas",10618,5466868,336,316062
2022-02-14,"MX","Mexico","Americas",4853,5471721,335,316397
2022-02-15,"MX","Mexico","Americas",3989,5475710,329,316726
2022-02-16,"MX","Mexico","Americas",11128,5486838,343,317069
2022-02-17,"MX","Mexico","Americas",9009,5495847,298,317367
2022-02-18,"MX","Mexico","Americas",8556,5504403,260,317627
2022-02-19,"MX","Mexico","Americas",7735,5512138,244,317871
2022-02-20,"MX","Mexico","Americas",6710,5518848,192,318063
2022-02-21,"MX","Mexico","Americas",2799,5521647,214,318277
2022-02-22,"MX","Mexico","Americas",2335,5523982,195,318472
2022-02-23,"MX","Mexico","Americas",7052,5531034,207,318679
2022-02-24,"MX","Mexico","Americas",5581,5536615,194,318873
2022-02-25,"MX","Mexico","Americas",5207,5541822,165,319038
2022-02-26,"MX","Mexico","Americas",4655,5546477,139,319177
2022-02-27,"MX","Mexico","Americas",3819,5550296,119,319296
2022-02-28,"MX","Mexico","Americas",1376,5551672,107,319403
2022-03-01,"MX","Mexico","Americas",1143,5552815,109,319512
2022-03-02,"MX","Mexico","Americas",4024,5556839,107,319619
2022-03-03,"MX","Mexico","Americas",2930,5559769,79,319698
2022-03-04,"MX","Mexico","Americas",2501,5562270,93,319791
2022-03-05,"MX","Mexico","Americas",2262,5564532,49,319840
2022-03-06,"MX","Mexico","Americas",1540,5566072,35,319875
2021-12-06,"FM","Micronesia (Federated States of)","Western Pacific",0,0,0,0
2021-12-07,"FM","Micronesia (Federated States of)","Western Pacific",0,0,0,0
2021-12-08,"FM","Micronesia (Federated States of)","Western Pacific",0,0,0,0
2021-12-09,"FM","Micronesia (Federated States of)","Western Pacific",0,0,0,0
2021-12-10,"FM","Micronesia (Federated States of)","Western Pacific",0,0,0,0
2021-12-11,"FM","Micronesia (Federated States of)","Western Pacific",0,0,0,0
2021-12-12,"FM","Micronesia (Federated States of)","Western Pacific",0,0,0,0
2021-12-13,"FM","Micronesia (Federated States of)","Western Pacific",0,0,0,0
2021-12-14,"FM","Micronesia (Federated States of)","Western Pacific",0,0,0,0
2021-12-15,"FM","Micronesia (Federated States of)","Western Pacific",0,0,0,0
2021-12-16,"FM","Micronesia (Federated States of)","Western Pacific",0,0,0,0
2021-12-17,"FM","Micronesia (Federated States of)","Western Pacific",0,0,0,0
2021-12-18,"FM","Micronesia (Federated States of)","Western Pacific",0,0,0,0
2021-12-19,"FM","Micronesia (Federated States of)","Western Pacific",0,0,0,0
2021-12-20,"FM","Micronesia (Federated States of)","Western Pacific",0,0,0,0
2021-12-21,"FM","Micronesia (Federated States of)","Western Pacific",0,0,0,0
2021-12-22,"FM","Micronesia (Federated States of)","Western Pacific",0,0,0,0
2021-12-23,"FM","Micronesia (Federated States of)","Western Pacific",0,0,0,0
2021-12-24,"FM","Micronesia (Federated States of)","Western Pacific",0,0,0,0
2021-12-25,"FM","Micronesia (Federated States of)","Western Pacific",0,0,0,0
2021-12-26,"FM","Micronesia (Federated States of)","Western Pacific",0,0,0,0
2021-12-27,"FM","Micronesia (Federated States of)","Western Pacific",0,0,0,0
2021-12-28,"FM","Micronesia (Federated States of)","Western Pacific",0,0,0,0
2021-12-29,"FM","Micronesia (Federated States of)","Western Pacific",0,0,0,0
2021-12-30,"FM","Micronesia (Federated States of)","Western Pacific",0,0,0,0
2021-12-31,"FM","Micronesia (Federated States of)","Western Pacific",0,0,0,0
2022-01-01,"FM","Micronesia (Federated States of)","Western Pacific",0,0,0,0
2022-01-02,"FM","Micronesia (Federated States of)","Western Pacific",0,0,0,0
2022-01-03,"FM","Micronesia (Federated States of)","Western Pacific",0,0,0,0
2022-01-04,"FM","Micronesia (Federated States of)","Western Pacific",0,0,0,0
2022-01-05,"FM","Micronesia (Federated States of)","Western Pacific",0,0,0,0
2022-01-06,"FM","Micronesia (Federated States of)","Western Pacific",0,0,0,0
2022-01-07,"FM","Micronesia (Federated States of)","Western Pacific",0,0,0,0
2022-01-08,"FM","Micronesia (Federated States of)","Western Pacific",0,0,0,0
2022-01-09,"FM","Micronesia (Federated States of)","Western Pacific",0,0,0,0
2022-01-10,"FM","Micronesia (Federated States of)","Western Pacific",0,0,0,0
2022-01-11,"FM","Micronesia (Federated States of)","Western Pacific",0,0,0,0
2022-01-12,"FM","Micronesia (Federated States of)","Western Pacific",0,0,0,0
2022-01-13,"FM","Micronesia (Federated States of)","Western Pacific",0,0,0,0
2022-01-14,"FM","Micronesia (Federated States of)","Western Pacific",0,0,0,0
2022-01-15,"FM","Micronesia (Federated States of)","Western Pacific",0,0,0,0
2022-01-16,"FM","Micronesia (Federated States of)","Western Pacific",0,0,0,0
2022-01-17,"FM","Micronesia (Federated States of)","Western Pacific",0,0,0,0
2022-01-18,"FM","Micronesia (Federated States of)","Western Pacific",0,0,0,0
2022-01-19,"FM","Micronesia (Federated States of)","Western Pacific",0,0,0,0
2022-01-20,"FM","Micronesia (Federated States of)","Western Pacific",0,0,0,0
2022-01-21,"FM","Micronesia (Federated States of)","Western Pacific",0,0,0,0
2022-01-22,"FM","Micronesia (Federated States of)","Western Pacific",0,0,0,0
2022-01-23,"FM","Micronesia (Federated States of)","Western Pacific",0,0,0,0
2022-01-24,"FM","Micronesia (Federated States of)","Western Pacific",0,0,0,0
2022-01-25,"FM","Micronesia (Federated States of)","Western Pacific",0,0,0,0
2022-01-26,"FM","Micronesia (Federated States of)","Western Pacific",0,0,0,0
2022-01-27,"FM","Micronesia (Federated States of)","Western Pacific",0,0,0,0
2022-01-28,"FM","Micronesia (Federated States of)","Western Pacific",0,0,0,0
2022-01-29,"FM","Micronesia (Federated States of)","Western Pacific",0,0,0,0
2022-01-30,"FM","Micronesia (Federated States of)","Western Pacific",0,0,0,0
2022-01-31,"FM","Micronesia (Federated States of)","Western Pacific",0,0,0,0
2022-02-01,"FM","Micronesia (Federated States of)","Western Pacific",0,0,0,0
2022-02-02,"FM","Micronesia (Federated States of)","Western Pacific",0,0,0,0
2022-02-03,"FM","Micronesia (Federated States of)","Western Pacific",0,0,0,0
2022-02-04,"FM","Micronesia (Federated States of)","Western Pacific",0,0,0,0
2022-02-05,"FM","Micronesia (Federated States of)","Western Pacific",0,0,0,0
2022-02-06,"FM","Micronesia (Federated States of)","Western Pacific",0,0,0,0
2022-02-07,"FM","Micronesia (Federated States of)","Western Pacific",0,0,0,0
2022-02-08,"FM","Micronesia (Federated States of)","Western Pacific",0,0,0,0
2022-02-09,"FM","Micronesia (Federated States of)","Western Pacific",0,0,0,0
2022-02-10,"FM","Micronesia (Federated States of)","Western Pacific",0,0,0,0
2022-02-11,"FM","Micronesia (Federated States of)","Western Pacific",0,0,0,0
2022-02-12,"FM","Micronesia (Federated States of)","Western Pacific",0,0,0,0
2022-02-13,"FM","Micronesia (Federated States of)","Western Pacific",0,0,0,0
2022-02-14,"FM","Micronesia (Federated States of)","Western Pacific",0,0,0,0
2022-02-15,"FM","Micronesia (Federated States of)","Western Pacific",0,0,0,0
2022-02-16,"FM","Micronesia (Federated States of)","Western Pacific",0,0,0,0
2022-02-17,"FM","Micronesia (Federated States of)","Western Pacific",0,0,0,0
2022-02-18,"FM","Micronesia (Federated States of)","Western Pacific",0,0,0,0
2022-02-19,"FM","Micronesia (Federated States of)","Western Pacific",0,0,0,0
2022-02-20,"FM","Micronesia (Federated States of)","Western Pacific",0,0,0,0
2022-02-21,"FM","Micronesia (Federated States of)","Western Pacific",0,0,0,0
2022-02-22,"FM","Micronesia (Federated States of)","Western Pacific",0,0,0,0
2022-02-23,"FM","Micronesia (Federated States of)","Western Pacific",0,0,0,0
2022-02-24,"FM","Micronesia (Federated States of)","Western Pacific",0,0,0,0
2022-02-25,"FM","Micronesia (Federated States of)","Western Pacific",0,0,0,0
2022-02-26,"FM","Micronesia (Federated States of)","Western Pacific",0,0,0,0
2022-02-27,"FM","Micronesia (Federated States of)","Western Pacific",0,0,0,0
2022-02-28,"FM","Micronesia (Federated States of)","Western Pacific",0,0,0,0
2022-03-01,"FM","Micronesia (Federated States of)","Western Pacific",0,0,0,0
2022-03-02,"FM","Micronesia (Federated States of)","Western Pacific",0,0,0,0
2022-03-03,"FM","Micronesia (Federated States of)","Western Pacific",0,0,0,0
2022-03-04,"FM","Micronesia (Federated States of)","Western Pacific",0,0,0,0
2022-03-05,"FM","Micronesia (Federated States of)","Western Pacific",0,0,0,0
2022-03-06,"FM","Micronesia (Federated States of)","Western Pacific",0,0,0,0
2021-12-06,"MC","Monaco","Europe",6,3884,0,36
2021-12-07,"MC","Monaco","Europe",17,3901,0,36
2021-12-08,"MC","Monaco","Europe",40,3941,0,36
2021-12-09,"MC","Monaco","Europe",37,3978,0,36
2021-12-10,"MC","Monaco","Europe",27,4005,0,36
2021-12-11,"MC","Monaco","Europe",48,4053,0,36
2021-12-12,"MC","Monaco","Europe",39,4092,0,36
2021-12-13,"MC","Monaco","Europe",1,4093,0,36
2021-12-14,"MC","Monaco","Europe",20,4113,0,36
2021-12-15,"MC","Monaco","Europe",46,4159,0,36
2021-12-16,"MC","Monaco","Europe",64,4223,0,36
2021-12-17,"MC","Monaco","Europe",60,4283,0,36
2021-12-18,"MC","Monaco","Europe",56,4339,0,36
2021-12-19,"MC","Monaco","Europe",47,4386,0,36
2021-12-20,"MC","Monaco","Europe",20,4406,1,37
2021-12-21,"MC","Monaco","Europe",17,4423,0,37
2021-12-22,"MC","Monaco","Europe",62,4485,0,37
2021-12-23,"MC","Monaco","Europe",52,4537,0,37
2021-12-24,"MC","Monaco","Europe",69,4606,1,38
2021-12-25,"MC","Monaco","Europe",64,4670,0,38
2021-12-26,"MC","Monaco","Europe",80,4750,0,38
2021-12-27,"MC","Monaco","Europe",16,4766,0,38
2021-12-28,"MC","Monaco","Europe",43,4809,0,38
2021-12-29,"MC","Monaco","Europe",80,4889,0,38
2021-12-30,"MC","Monaco","Europe",96,4985,0,38
2021-12-31,"MC","Monaco","Europe",100,5085,0,38
2022-01-01,"MC","Monaco","Europe",82,5167,0,38
2022-01-02,"MC","Monaco","Europe",43,5210,1,39
2022-01-03,"MC","Monaco","Europe",43,5253,0,39
2022-01-04,"MC","Monaco","Europe",36,5289,0,39
2022-01-05,"MC","Monaco","Europe",108,5397,1,40
2022-01-06,"MC","Monaco","Europe",95,5492,1,41
2022-01-07,"MC","Monaco","Europe",101,5593,1,42
2022-01-08,"MC","Monaco","Europe",127,5720,0,42
2022-01-09,"MC","Monaco","Europe",135,5855,0,42
2022-01-10,"MC","Monaco","Europe",152,6007,0,42
2022-01-11,"MC","Monaco","Europe",80,6087,0,42
2022-01-12,"MC","Monaco","Europe",78,6165,2,44
2022-01-13,"MC","Monaco","Europe",101,6266,0,44
2022-01-14,"MC","Monaco","Europe",96,6362,0,44
2022-01-15,"MC","Monaco","Europe",123,6485,0,44
2022-01-16,"MC","Monaco","Europe",125,6610,0,44
2022-01-17,"MC","Monaco","Europe",146,6756,0,44
2022-01-18,"MC","Monaco","Europe",81,6837,0,44
2022-01-19,"MC","Monaco","Europe",106,6943,0,44
2022-01-20,"MC","Monaco","Europe",98,7041,1,45
2022-01-21,"MC","Monaco","Europe",119,7160,0,45
2022-01-22,"MC","Monaco","Europe",144,7304,0,45
2022-01-23,"MC","Monaco","Europe",147,7451,0,45
2022-01-24,"MC","Monaco","Europe",132,7583,0,45
2022-01-25,"MC","Monaco","Europe",108,7691,1,46
2022-01-26,"MC","Monaco","Europe",99,7790,0,46
2022-01-27,"MC","Monaco","Europe",138,7928,0,46
2022-01-28,"MC","Monaco","Europe",156,8084,0,46
2022-01-29,"MC","Monaco","Europe",99,8183,0,46
2022-01-30,"MC","Monaco","Europe",80,8263,0,46
2022-01-31,"MC","Monaco","Europe",45,8308,1,47
2022-02-01,"MC","Monaco","Europe",51,8359,0,47
2022-02-02,"MC","Monaco","Europe",143,8502,1,48
2022-02-03,"MC","Monaco","Europe",80,8582,0,48
2022-02-04,"MC","Monaco","Europe",55,8637,0,48
2022-02-05,"MC","Monaco","Europe",66,8703,0,48
2022-02-06,"MC","Monaco","Europe",58,8761,0,48
2022-02-07,"MC","Monaco","Europe",9,8770,0,48
2022-02-08,"MC","Monaco","Europe",38,8808,0,48
2022-02-09,"MC","Monaco","Europe",72,8880,0,48
2022-02-10,"MC","Monaco","Europe",42,8922,1,49
2022-02-11,"MC","Monaco","Europe",34,8956,0,49
2022-02-12,"MC","Monaco","Europe",32,8988,0,49
2022-02-13,"MC","Monaco","Europe",32,9020,1,50
2022-02-14,"MC","Monaco","Europe",1,9021,0,50
2022-02-15,"MC","Monaco","Europe",32,9053,0,50
2022-02-16,"MC","Monaco","Europe",32,9085,0,50
2022-02-17,"MC","Monaco","Europe",26,9111,0,50
2022-02-18,"MC","Monaco","Europe",17,9128,0,50
2022-02-19,"MC","Monaco","Europe",34,9162,1,51
2022-02-20,"MC","Monaco","Europe",24,9186,0,51
2022-02-21,"MC","Monaco","Europe",2,9188,0,51
2022-02-22,"MC","Monaco","Europe",29,9217,0,51
2022-02-23,"MC","Monaco","Europe",50,9267,0,51
2022-02-24,"MC","Monaco","Europe",38,9305,0,51
2022-02-25,"MC","Monaco","Europe",26,9331,0,51
2022-02-26,"MC","Monaco","Europe",28,9359,0,51
2022-02-27,"MC","Monaco","Europe",16,9375,0,51
2022-02-28,"MC","Monaco","Europe",2,9377,0,51
2022-03-01,"MC","Monaco","Europe",34,9411,0,51
2022-03-02,"MC","Monaco","Europe",34,9445,0,51
2022-03-03,"MC","Monaco","Europe",28,9473,0,51
2022-03-04,"MC","Monaco","Europe",27,9500,0,51
2022-03-05,"MC","Monaco","Europe",20,9520,0,51
2022-03-06,"MC","Monaco","Europe",17,9537,0,51
2021-12-06,"MN","Mongolia","Western Pacific",797,676859,1,1944
2021-12-07,"MN","Mongolia","Western Pacific",1000,677859,3,1947
2021-12-08,"MN","Mongolia","Western Pacific",1091,678950,3,1950
2021-12-09,"MN","Mongolia","Western Pacific",995,679945,3,1953
2021-12-10,"MN","Mongolia","Western Pacific",946,680891,0,1953
2021-12-11,"MN","Mongolia","Western Pacific",869,681760,2,1955
2021-12-12,"MN","Mongolia","Western Pacific",566,682326,5,1960
2021-12-13,"MN","Mongolia","Western Pacific",401,682727,3,1963
2021-12-14,"MN","Mongolia","Western Pacific",606,683333,2,1965
2021-12-15,"MN","Mongolia","Western Pacific",917,684250,1,1966
2021-12-16,"MN","Mongolia","Western Pacific",864,685114,2,1968
2021-12-17,"MN","Mongolia","Western Pacific",684,685798,0,1968
2021-12-18,"MN","Mongolia","Western Pacific",702,686500,2,1970
2021-12-19,"MN","Mongolia","Western Pacific",623,687123,0,1970
2021-12-20,"MN","Mongolia","Western Pacific",309,687432,2,1972
2021-12-21,"MN","Mongolia","Western Pacific",617,688049,2,1974
2021-12-22,"MN","Mongolia","Western Pacific",818,688867,3,1977
2021-12-23,"MN","Mongolia","Western Pacific",565,689432,1,1978
2021-12-24,"MN","Mongolia","Western Pacific",230,689662,2,1980
2021-12-25,"MN","Mongolia","Western Pacific",310,689972,1,1981
2021-12-26,"MN","Mongolia","Western Pacific",705,690677,0,1981
2021-12-27,"MN","Mongolia","Western Pacific",273,690950,0,1981
2021-12-28,"MN","Mongolia","Western Pacific",405,691355,0,1981
2021-12-29,"MN","Mongolia","Western Pacific",431,691786,0,1981
2021-12-30,"MN","Mongolia","Western Pacific",242,692028,4,1985
2021-12-31,"MN","Mongolia","Western Pacific",593,692621,1,1986
2022-01-01,"MN","Mongolia","Western Pacific",498,693119,0,1986
2022-01-02,"MN","Mongolia","Western Pacific",427,693546,1,1987
2022-01-03,"MN","Mongolia","Western Pacific",303,693849,0,1987
2022-01-04,"MN","Mongolia","Western Pacific",1347,695196,2,1989
2022-01-05,"MN","Mongolia","Western Pacific",745,695941,3,1992
2022-01-06,"MN","Mongolia","Western Pacific",1869,697810,2,1994
2022-01-07,"MN","Mongolia","Western Pacific",2001,699811,1,1995
2022-01-08,"MN","Mongolia","Western Pacific",2353,702164,2,1997
2022-01-09,"MN","Mongolia","Western Pacific",1428,703592,0,1997
2022-01-10,"MN","Mongolia","Western Pacific",2394,705986,4,2001
2022-01-11,"MN","Mongolia","Western Pacific",3443,709429,0,2001
2022-01-12,"MN","Mongolia","Western Pacific",3222,712651,2,2003
2022-01-13,"MN","Mongolia","Western Pacific",2610,715261,3,2006
2022-01-14,"MN","Mongolia","Western Pacific",6280,721541,3,2009
2022-01-15,"MN","Mongolia","Western Pacific",8348,729889,2,2011
2022-01-16,"MN","Mongolia","Western Pacific",7089,736978,1,2012
2022-01-17,"MN","Mongolia","Western Pacific",4704,741682,1,2013
2022-01-18,"MN","Mongolia","Western Pacific",5640,747322,3,2016
2022-01-19,"MN","Mongolia","Western Pacific",9071,756393,0,2016
2022-01-20,"MN","Mongolia","Western Pacific",4441,760834,3,2019
2022-01-21,"MN","Mongolia","Western Pacific",11059,771893,1,2020
2022-01-22,"MN","Mongolia","Western Pacific",8269,780162,0,2020
2022-01-23,"MN","Mongolia","Western Pacific",9518,789680,0,2020
2022-01-24,"MN","Mongolia","Western Pacific",5228,794908,1,2021
2022-01-25,"MN","Mongolia","Western Pacific",4871,799779,4,2025
2022-01-26,"MN","Mongolia","Western Pacific",12310,812089,2,2027
2022-01-27,"MN","Mongolia","Western Pacific",7768,819857,2,2029
2022-01-28,"MN","Mongolia","Western Pacific",7896,827753,2,2031
2022-01-29,"MN","Mongolia","Western Pacific",6646,834399,0,2031
2022-01-30,"MN","Mongolia","Western Pacific",2725,837124,3,2034
2022-01-31,"MN","Mongolia","Western Pacific",4724,841848,2,2036
2022-02-01,"MN","Mongolia","Western Pacific",5092,846940,4,2040
2022-02-02,"MN","Mongolia","Western Pacific",2728,849668,2,2042
2022-02-03,"MN","Mongolia","Western Pacific",3472,853140,1,2043
2022-02-04,"MN","Mongolia","Western Pacific",1939,855079,2,2045
2022-02-05,"MN","Mongolia","Western Pacific",902,855981,4,2049
2022-02-06,"MN","Mongolia","Western Pacific",3032,859013,3,2052
2022-02-07,"MN","Mongolia","Western Pacific",1963,860976,3,2055
2022-02-08,"MN","Mongolia","Western Pacific",2396,863372,0,2055
2022-02-09,"MN","Mongolia","Western Pacific",5795,869167,4,2059
2022-02-10,"MN","Mongolia","Western Pacific",3771,872938,3,2062
2022-02-11,"MN","Mongolia","Western Pacific",3799,876737,3,2065
2022-02-12,"MN","Mongolia","Western Pacific",4157,880894,2,2067
2022-02-13,"MN","Mongolia","Western Pacific",2771,883665,5,2072
2022-02-14,"MN","Mongolia","Western Pacific",4089,887754,2,2074
2022-02-15,"MN","Mongolia","Western Pacific",609,888363,2,2076
2022-02-16,"MN","Mongolia","Western Pacific",2904,891267,1,2077
2022-02-17,"MN","Mongolia","Western Pacific",2454,893721,0,2077
2022-02-18,"MN","Mongolia","Western Pacific",874,894595,3,2080
2022-02-19,"MN","Mongolia","Western Pacific",3919,898514,5,2085
2022-02-20,"MN","Mongolia","Western Pacific",488,899002,2,2087
2022-02-21,"MN","Mongolia","Western Pacific",0,899002,0,2087
2022-02-22,"MN","Mongolia","Western Pacific",3623,902625,0,2087
2022-02-23,"MN","Mongolia","Western Pacific",1109,903734,2,2089
2022-02-24,"MN","Mongolia","Western Pacific",1717,905451,2,2091
2022-02-25,"MN","Mongolia","Western Pacific",517,905968,4,2095
2022-02-26,"MN","Mongolia","Western Pacific",1152,907120,0,2095
2022-02-27,"MN","Mongolia","Western Pacific",0,907120,1,2096
2022-02-28,"MN","Mongolia","Western Pacific",1037,908157,0,2096
2022-03-01,"MN","Mongolia","Western Pacific",0,908157,0,2096
2022-03-02,"MN","Mongolia","Western Pacific",1222,909379,2,2098
2022-03-03,"MN","Mongolia","Western Pacific",998,910377,1,2099
2022-03-04,"MN","Mongolia","Western Pacific",806,911183,1,2100
2022-03-05,"MN","Mongolia","Western Pacific",1402,912585,1,2101
2022-03-06,"MN","Mongolia","Western Pacific",248,912833,1,2102
2021-12-06,"ME","Montenegro","Europe",190,158489,2,2324
2021-12-07,"ME","Montenegro","Europe",152,158641,5,2329
2021-12-08,"ME","Montenegro","Europe",218,158859,2,2331
2021-12-09,"ME","Montenegro","Europe",205,159064,3,2334
2021-12-10,"ME","Montenegro","Europe",176,159240,2,2336
2021-12-11,"ME","Montenegro","Europe",232,159472,4,2340
2021-12-12,"ME","Montenegro","Europe",211,159683,7,2347
2021-12-13,"ME","Montenegro","Europe",157,159840,2,2349
2021-12-14,"ME","Montenegro","Europe",100,159940,1,2350
2021-12-15,"ME","Montenegro","Europe",201,160141,4,2354
2021-12-16,"ME","Montenegro","Europe",152,160293,6,2360
2021-12-17,"ME","Montenegro","Europe",192,160485,5,2365
2021-12-18,"ME","Montenegro","Europe",191,160676,2,2367
2021-12-19,"ME","Montenegro","Europe",176,160852,5,2372
2021-12-20,"ME","Montenegro","Europe",184,161036,1,2373
2021-12-21,"ME","Montenegro","Europe",123,161159,2,2375
2021-12-22,"ME","Montenegro","Europe",239,161398,3,2378
2021-12-23,"ME","Montenegro","Europe",300,161698,2,2380
2021-12-24,"ME","Montenegro","Europe",264,161962,1,2381
2021-12-25,"ME","Montenegro","Europe",423,162385,4,2385
2021-12-26,"ME","Montenegro","Europe",474,162859,1,2386
2021-12-27,"ME","Montenegro","Europe",556,163415,3,2389
2021-12-28,"ME","Montenegro","Europe",557,163972,5,2394
2021-12-29,"ME","Montenegro","Europe",1152,165124,1,2395
2021-12-30,"ME","Montenegro","Europe",1471,166595,3,2398
2021-12-31,"ME","Montenegro","Europe",1743,168338,3,2401
2022-01-01,"ME","Montenegro","Europe",1784,170122,6,2407
2022-01-02,"ME","Montenegro","Europe",1845,171967,4,2411
2022-01-03,"ME","Montenegro","Europe",1343,173310,3,2414
2022-01-04,"ME","Montenegro","Europe",1875,175185,2,2416
2022-01-05,"ME","Montenegro","Europe",2389,177574,4,2420
2022-01-06,"ME","Montenegro","Europe",2831,180405,2,2422
2022-01-07,"ME","Montenegro","Europe",3099,183504,1,2423
2022-01-08,"ME","Montenegro","Europe",2358,185862,5,2428
2022-01-09,"ME","Montenegro","Europe",2190,188052,5,2433
2022-01-10,"ME","Montenegro","Europe",2428,190480,1,2434
2022-01-11,"ME","Montenegro","Europe",1896,192376,8,2442
2022-01-12,"ME","Montenegro","Europe",2498,194874,6,2448
2022-01-13,"ME","Montenegro","Europe",2024,196898,5,2453
2022-01-14,"ME","Montenegro","Europe",2192,199090,4,2457
2022-01-15,"ME","Montenegro","Europe",1691,200781,3,2460
2022-01-16,"ME","Montenegro","Europe",1755,202536,5,2465
2022-01-17,"ME","Montenegro","Europe",1418,203954,1,2466
2022-01-18,"ME","Montenegro","Europe",1069,205023,8,2474
2022-01-19,"ME","Montenegro","Europe",1798,206821,5,2479
2022-01-20,"ME","Montenegro","Europe",1499,208320,6,2485
2022-01-21,"ME","Montenegro","Europe",1530,209850,8,2493
2022-01-22,"ME","Montenegro","Europe",1179,211029,3,2496
2022-01-23,"ME","Montenegro","Europe",1222,212251,9,2505
2022-01-24,"ME","Montenegro","Europe",997,213248,2,2507
2022-01-25,"ME","Montenegro","Europe",756,214004,6,2513
2022-01-26,"ME","Montenegro","Europe",1085,215089,11,2524
2022-01-27,"ME","Montenegro","Europe",950,216039,6,2530
2022-01-28,"ME","Montenegro","Europe",896,216935,5,2535
2022-01-29,"ME","Montenegro","Europe",883,217818,6,2541
2022-01-30,"ME","Montenegro","Europe",866,218684,5,2546
2022-01-31,"ME","Montenegro","Europe",682,219366,6,2552
2022-02-01,"ME","Montenegro","Europe",470,219836,3,2555
2022-02-02,"ME","Montenegro","Europe",811,220647,9,2564
2022-02-03,"ME","Montenegro","Europe",613,221260,4,2568
2022-02-04,"ME","Montenegro","Europe",693,221953,14,2582
2022-02-05,"ME","Montenegro","Europe",531,222484,9,2591
2022-02-06,"ME","Montenegro","Europe",535,223019,5,2596
2022-02-07,"ME","Montenegro","Europe",511,223530,3,2599
2022-02-08,"ME","Montenegro","Europe",294,223824,2,2601
2022-02-09,"ME","Montenegro","Europe",582,224406,9,2610
2022-02-10,"ME","Montenegro","Europe",413,224819,3,2613
2022-02-11,"ME","Montenegro","Europe",459,225278,9,2622
2022-02-12,"ME","Montenegro","Europe",488,225766,2,2624
2022-02-13,"ME","Montenegro","Europe",396,226162,8,2632
2022-02-14,"ME","Montenegro","Europe",331,226493,2,2634
2022-02-15,"ME","Montenegro","Europe",223,226716,1,2635
2022-02-16,"ME","Montenegro","Europe",364,227080,3,2638
2022-02-17,"ME","Montenegro","Europe",427,227507,3,2641
2022-02-18,"ME","Montenegro","Europe",388,227895,3,2644
2022-02-19,"ME","Montenegro","Europe",328,228223,2,2646
2022-02-20,"ME","Montenegro","Europe",338,228561,4,2650
2022-02-21,"ME","Montenegro","Europe",254,228815,5,2655
2022-02-22,"ME","Montenegro","Europe",161,228976,3,2658
2022-02-23,"ME","Montenegro","Europe",271,229247,8,2666
2022-02-24,"ME","Montenegro","Europe",199,229446,3,2669
2022-02-25,"ME","Montenegro","Europe",200,229646,1,2670
2022-02-26,"ME","Montenegro","Europe",208,229854,2,2672
2022-02-27,"ME","Montenegro","Europe",175,230029,2,2674
2022-02-28,"ME","Montenegro","Europe",113,230142,0,2674
2022-03-01,"ME","Montenegro","Europe",76,230218,2,2676
2022-03-02,"ME","Montenegro","Europe",157,230375,4,2680
2022-03-03,"ME","Montenegro","Europe",139,230514,2,2682
2022-03-04,"ME","Montenegro","Europe",121,230635,0,2682
2022-03-05,"ME","Montenegro","Europe",134,230769,0,2682
2022-03-06,"ME","Montenegro","Europe",119,230888,2,2684
2021-12-06,"MS","Montserrat","Americas",0,44,0,1
2021-12-07,"MS","Montserrat","Americas",0,44,0,1
2021-12-08,"MS","Montserrat","Americas",0,44,0,1
2021-12-09,"MS","Montserrat","Americas",0,44,0,1
2021-12-10,"MS","Montserrat","Americas",0,44,0,1
2021-12-11,"MS","Montserrat","Americas",0,44,0,1
2021-12-12,"MS","Montserrat","Americas",0,44,0,1
2021-12-13,"MS","Montserrat","Americas",0,44,0,1
2021-12-14,"MS","Montserrat","Americas",0,44,0,1
2021-12-15,"MS","Montserrat","Americas",0,44,0,1
2021-12-16,"MS","Montserrat","Americas",0,44,0,1
2021-12-17,"MS","Montserrat","Americas",0,44,0,1
2021-12-18,"MS","Montserrat","Americas",0,44,0,1
2021-12-19,"MS","Montserrat","Americas",0,44,0,1
2021-12-20,"MS","Montserrat","Americas",0,44,0,1
2021-12-21,"MS","Montserrat","Americas",1,45,0,1
2021-12-22,"MS","Montserrat","Americas",0,45,0,1
2021-12-23,"MS","Montserrat","Americas",0,45,0,1
2021-12-24,"MS","Montserrat","Americas",0,45,0,1
2021-12-25,"MS","Montserrat","Americas",0,45,0,1
2021-12-26,"MS","Montserrat","Americas",0,45,0,1
2021-12-27,"MS","Montserrat","Americas",0,45,0,1
2021-12-28,"MS","Montserrat","Americas",0,45,0,1
2021-12-29,"MS","Montserrat","Americas",0,45,0,1
2021-12-30,"MS","Montserrat","Americas",0,45,0,1
2021-12-31,"MS","Montserrat","Americas",0,45,0,1
2022-01-01,"MS","Montserrat","Americas",1,46,0,1
2022-01-02,"MS","Montserrat","Americas",4,50,0,1
2022-01-03,"MS","Montserrat","Americas",3,53,0,1
2022-01-04,"MS","Montserrat","Americas",0,53,0,1
2022-01-05,"MS","Montserrat","Americas",13,66,0,1
2022-01-06,"MS","Montserrat","Americas",10,76,0,1
2022-01-07,"MS","Montserrat","Americas",14,90,0,1
2022-01-08,"MS","Montserrat","Americas",10,100,0,1
2022-01-09,"MS","Montserrat","Americas",10,110,0,1
2022-01-10,"MS","Montserrat","Americas",4,114,0,1
2022-01-11,"MS","Montserrat","Americas",0,114,0,1
2022-01-12,"MS","Montserrat","Americas",0,114,0,1
2022-01-13,"MS","Montserrat","Americas",4,118,0,1
2022-01-14,"MS","Montserrat","Americas",3,121,0,1
2022-01-15,"MS","Montserrat","Americas",6,127,0,1
2022-01-16,"MS","Montserrat","Americas",2,129,0,1
2022-01-17,"MS","Montserrat","Americas",0,129,0,1
2022-01-18,"MS","Montserrat","Americas",10,139,0,1
2022-01-19,"MS","Montserrat","Americas",7,146,0,1
2022-01-20,"MS","Montserrat","Americas",2,148,0,1
2022-01-21,"MS","Montserrat","Americas",3,151,0,1
2022-01-22,"MS","Montserrat","Americas",1,152,0,1
2022-01-23,"MS","Montserrat","Americas",0,152,0,1
2022-01-24,"MS","Montserrat","Americas",3,155,0,1
2022-01-25,"MS","Montserrat","Americas",0,155,0,1
2022-01-26,"MS","Montserrat","Americas",3,158,0,1
2022-01-27,"MS","Montserrat","Americas",3,161,0,1
2022-01-28,"MS","Montserrat","Americas",0,161,0,1
2022-01-29,"MS","Montserrat","Americas",0,161,0,1
2022-01-30,"MS","Montserrat","Americas",1,162,0,1
2022-01-31,"MS","Montserrat","Americas",1,163,0,1
2022-02-01,"MS","Montserrat","Americas",0,163,0,1
2022-02-02,"MS","Montserrat","Americas",0,163,0,1
2022-02-03,"MS","Montserrat","Americas",0,163,0,1
2022-02-04,"MS","Montserrat","Americas",0,163,0,1
2022-02-05,"MS","Montserrat","Americas",0,163,0,1
2022-02-06,"MS","Montserrat","Americas",0,163,0,1
2022-02-07,"MS","Montserrat","Americas",0,163,0,1
2022-02-08,"MS","Montserrat","Americas",0,163,0,1
2022-02-09,"MS","Montserrat","Americas",0,163,0,1
2022-02-10,"MS","Montserrat","Americas",0,163,1,2
2022-02-11,"MS","Montserrat","Americas",0,163,0,2
2022-02-12,"MS","Montserrat","Americas",0,163,0,2
2022-02-13,"MS","Montserrat","Americas",0,163,0,2
2022-02-14,"MS","Montserrat","Americas",0,163,0,2
2022-02-15,"MS","Montserrat","Americas",0,163,0,2
2022-02-16,"MS","Montserrat","Americas",0,163,0,2
2022-02-17,"MS","Montserrat","Americas",0,163,0,2
2022-02-18,"MS","Montserrat","Americas",0,163,0,2
2022-02-19,"MS","Montserrat","Americas",0,163,0,2
2022-02-20,"MS","Montserrat","Americas",0,163,0,2
2022-02-21,"MS","Montserrat","Americas",0,163,0,2
2022-02-22,"MS","Montserrat","Americas",0,163,0,2
2022-02-23,"MS","Montserrat","Americas",0,163,0,2
2022-02-24,"MS","Montserrat","Americas",0,163,0,2
2022-02-25,"MS","Montserrat","Americas",0,163,0,2
2022-02-26,"MS","Montserrat","Americas",0,163,0,2
2022-02-27,"MS","Montserrat","Americas",0,163,0,2
2022-02-28,"MS","Montserrat","Americas",0,163,0,2
2022-03-01,"MS","Montserrat","Americas",0,163,0,2
2022-03-02,"MS","Montserrat","Americas",0,163,0,2
2022-03-03,"MS","Montserrat","Americas",0,163,0,2
2022-03-04,"MS","Montserrat","Americas",0,163,0,2
2022-03-05,"MS","Montserrat","Americas",0,163,0,2
2022-03-06,"MS","Montserrat","Americas",1,164,0,2
2021-12-06,"MA","Morocco","Eastern Mediterranean",90,950591,1,14788
2021-12-07,"MA","Morocco","Eastern Mediterranean",52,950643,0,14788
2021-12-08,"MA","Morocco","Eastern Mediterranean",158,950801,0,14788
2021-12-09,"MA","Morocco","Eastern Mediterranean",145,950946,4,14792
2021-12-10,"MA","Morocco","Eastern Mediterranean",146,951092,2,14794
2021-12-11,"MA","Morocco","Eastern Mediterranean",175,951267,1,14795
2021-12-12,"MA","Morocco","Eastern Mediterranean",113,951380,1,14796
2021-12-13,"MA","Morocco","Eastern Mediterranean",102,951482,0,14796
2021-12-14,"MA","Morocco","Eastern Mediterranean",62,951544,2,14798
2021-12-15,"MA","Morocco","Eastern Mediterranean",219,951763,0,14798
2021-12-16,"MA","Morocco","Eastern Mediterranean",221,951984,0,14798
2021-12-17,"MA","Morocco","Eastern Mediterranean",205,952189,4,14802
2021-12-18,"MA","Morocco","Eastern Mediterranean",209,952398,2,14804
2021-12-19,"MA","Morocco","Eastern Mediterranean",230,952628,4,14808
2021-12-20,"MA","Morocco","Eastern Mediterranean",186,952814,1,14809
2021-12-21,"MA","Morocco","Eastern Mediterranean",102,952916,1,14810
2021-12-22,"MA","Morocco","Eastern Mediterranean",381,953297,4,14814
2021-12-23,"MA","Morocco","Eastern Mediterranean",427,953724,3,14817
2021-12-24,"MA","Morocco","Eastern Mediterranean",475,954199,6,14823
2021-12-25,"MA","Morocco","Eastern Mediterranean",654,954853,2,14825
2021-12-26,"MA","Morocco","Eastern Mediterranean",734,955587,2,14827
2021-12-27,"MA","Morocco","Eastern Mediterranean",532,956119,1,14828
2021-12-28,"MA","Morocco","Eastern Mediterranean",291,956410,4,14832
2021-12-29,"MA","Morocco","Eastern Mediterranean",1184,957594,5,14837
2021-12-30,"MA","Morocco","Eastern Mediterranean",1504,959098,5,14842
2021-12-31,"MA","Morocco","Eastern Mediterranean",1960,961058,2,14844
2022-01-01,"MA","Morocco","Eastern Mediterranean",2034,963092,5,14849
2022-01-02,"MA","Morocco","Eastern Mediterranean",2328,965420,2,14851
2022-01-03,"MA","Morocco","Eastern Mediterranean",1357,966777,4,14855
2022-01-04,"MA","Morocco","Eastern Mediterranean",885,967662,7,14862
2022-01-05,"MA","Morocco","Eastern Mediterranean",4299,971961,5,14867
2022-01-06,"MA","Morocco","Eastern Mediterranean",5618,977579,5,14872
2022-01-07,"MA","Morocco","Eastern Mediterranean",6050,983629,11,14883
2022-01-08,"MA","Morocco","Eastern Mediterranean",6428,990057,13,14896
2022-01-09,"MA","Morocco","Eastern Mediterranean",7064,997121,8,14904
2022-01-10,"MA","Morocco","Eastern Mediterranean",4963,1002084,7,14911
2022-01-11,"MA","Morocco","Eastern Mediterranean",2622,1004706,4,14915
2022-01-12,"MA","Morocco","Eastern Mediterranean",7336,1012042,12,14927
2022-01-13,"MA","Morocco","Eastern Mediterranean",5518,1017560,8,14935
2022-01-14,"MA","Morocco","Eastern Mediterranean",8338,1025898,10,14945
2022-01-15,"MA","Morocco","Eastern Mediterranean",8501,1034399,9,14954
2022-01-16,"MA","Morocco","Eastern Mediterranean",8826,1043225,9,14963
2022-01-17,"MA","Morocco","Eastern Mediterranean",5428,1048653,13,14976
2022-01-18,"MA","Morocco","Eastern Mediterranean",3177,1051830,18,14994
2022-01-19,"MA","Morocco","Eastern Mediterranean",7756,1059586,18,15012
2022-01-20,"MA","Morocco","Eastern Mediterranean",9355,1068941,13,15025
2022-01-21,"MA","Morocco","Eastern Mediterranean",9061,1078002,22,15047
2022-01-22,"MA","Morocco","Eastern Mediterranean",8338,1086340,35,15082
2022-01-23,"MA","Morocco","Eastern Mediterranean",7638,1093978,31,15113
2022-01-24,"MA","Morocco","Eastern Mediterranean",4435,1098413,19,15132
2022-01-25,"MA","Morocco","Eastern Mediterranean",2750,1101163,35,15167
2022-01-26,"MA","Morocco","Eastern Mediterranean",6362,1107525,34,15201
2022-01-27,"MA","Morocco","Eastern Mediterranean",7002,1114527,36,15237
2022-01-28,"MA","Morocco","Eastern Mediterranean",5560,1120087,33,15270
2022-01-29,"MA","Morocco","Eastern Mediterranean",4899,1124986,30,15300
2022-01-30,"MA","Morocco","Eastern Mediterranean",4154,1129140,28,15328
2022-01-31,"MA","Morocco","Eastern Mediterranean",2255,1131395,34,15362
2022-02-01,"MA","Morocco","Eastern Mediterranean",1321,1132716,38,15400
2022-02-02,"MA","Morocco","Eastern Mediterranean",3080,1135796,35,15435
2022-02-03,"MA","Morocco","Eastern Mediterranean",3051,1138847,29,15464
2022-02-04,"MA","Morocco","Eastern Mediterranean",2861,1141708,51,15515
2022-02-05,"MA","Morocco","Eastern Mediterranean",2266,1143974,25,15540
2022-02-06,"MA","Morocco","Eastern Mediterranean",2067,1146041,35,15575
2022-02-07,"MA","Morocco","Eastern Mediterranean",1202,1147243,18,15593
2022-02-08,"MA","Morocco","Eastern Mediterranean",721,1147964,24,15617
2022-02-09,"MA","Morocco","Eastern Mediterranean",1618,1149582,40,15657
2022-02-10,"MA","Morocco","Eastern Mediterranean",1499,1151081,41,15698
2022-02-11,"MA","Morocco","Eastern Mediterranean",1333,1152414,29,15727
2022-02-12,"MA","Morocco","Eastern Mediterranean",1148,1153562,20,15747
2022-02-13,"MA","Morocco","Eastern Mediterranean",969,1154531,19,15766
2022-02-14,"MA","Morocco","Eastern Mediterranean",634,1155165,15,15781
2022-02-15,"MA","Morocco","Eastern Mediterranean",369,1155534,21,15802
2022-02-16,"MA","Morocco","Eastern Mediterranean",822,1156356,18,15820
2022-02-17,"MA","Morocco","Eastern Mediterranean",645,1157001,13,15833
2022-02-18,"MA","Morocco","Eastern Mediterranean",636,1157637,22,15855
2022-02-19,"MA","Morocco","Eastern Mediterranean",508,1158145,15,15870
2022-02-20,"MA","Morocco","Eastern Mediterranean",524,1158669,11,15881
2022-02-21,"MA","Morocco","Eastern Mediterranean",298,1158967,13,15894
2022-02-22,"MA","Morocco","Eastern Mediterranean",190,1159157,22,15916
2022-02-23,"MA","Morocco","Eastern Mediterranean",427,1159584,6,15922
2022-02-24,"MA","Morocco","Eastern Mediterranean",357,1159941,16,15938
2022-02-25,"MA","Morocco","Eastern Mediterranean",362,1160303,14,15952
2022-02-26,"MA","Morocco","Eastern Mediterranean",259,1160562,8,15960
2022-02-27,"MA","Morocco","Eastern Mediterranean",188,1160750,10,15970
2022-02-28,"MA","Morocco","Eastern Mediterranean",142,1160892,8,15978
2022-03-01,"MA","Morocco","Eastern Mediterranean",83,1160975,10,15988
2022-03-02,"MA","Morocco","Eastern Mediterranean",156,1161131,6,15994
2022-03-03,"MA","Morocco","Eastern Mediterranean",159,1161290,8,16002
2022-03-04,"MA","Morocco","Eastern Mediterranean",102,1161392,4,16006
2022-03-05,"MA","Morocco","Eastern Mediterranean",114,1161506,3,16009
2022-03-06,"MA","Morocco","Eastern Mediterranean",80,1161586,6,16015
2021-12-06,"MZ","Mozambique","Africa",56,151924,0,1941
2021-12-07,"MZ","Mozambique","Africa",76,152000,0,1941
2021-12-08,"MZ","Mozambique","Africa",120,152120,0,1941
2021-12-09,"MZ","Mozambique","Africa",206,152326,0,1941
2021-12-10,"MZ","Mozambique","Africa",260,152586,0,1941
2021-12-11,"MZ","Mozambique","Africa",379,152965,1,1942
2021-12-12,"MZ","Mozambique","Africa",443,153408,0,1942
2021-12-13,"MZ","Mozambique","Africa",266,153674,2,1944
2021-12-14,"MZ","Mozambique","Africa",113,153787,1,1945
2021-12-15,"MZ","Mozambique","Africa",733,154520,0,1945
2021-12-16,"MZ","Mozambique","Africa",975,155495,1,1946
2021-12-17,"MZ","Mozambique","Africa",1234,156729,2,1948
2021-12-18,"MZ","Mozambique","Africa",0,156729,0,1948
2021-12-19,"MZ","Mozambique","Africa",1382,158111,0,1948
2021-12-20,"MZ","Mozambique","Africa",0,158111,0,1948
2021-12-21,"MZ","Mozambique","Africa",2346,160457,4,1952
2021-12-22,"MZ","Mozambique","Africa",2068,162525,5,1957
2021-12-23,"MZ","Mozambique","Africa",2337,164862,3,1960
2021-12-24,"MZ","Mozambique","Africa",0,164862,0,1960
2021-12-25,"MZ","Mozambique","Africa",0,164862,0,1960
2021-12-26,"MZ","Mozambique","Africa",0,164862,0,1960
2021-12-27,"MZ","Mozambique","Africa",6640,171502,8,1968
2021-12-28,"MZ","Mozambique","Africa",0,171502,0,1968
2021-12-29,"MZ","Mozambique","Africa",4146,175648,8,1976
2021-12-30,"MZ","Mozambique","Africa",0,175648,0,1976
2021-12-31,"MZ","Mozambique","Africa",0,175648,0,1976
2022-01-01,"MZ","Mozambique","Africa",0,175648,0,1976
2022-01-02,"MZ","Mozambique","Africa",16074,191722,36,2012
2022-01-03,"MZ","Mozambique","Africa",731,192453,7,2019
2022-01-04,"MZ","Mozambique","Africa",918,193371,12,2031
2022-01-05,"MZ","Mozambique","Africa",2975,196346,11,2042
2022-01-06,"MZ","Mozambique","Africa",3594,199940,8,2050
2022-01-07,"MZ","Mozambique","Africa",3301,203241,15,2065
2022-01-08,"MZ","Mozambique","Africa",3031,206272,10,2075
2022-01-09,"MZ","Mozambique","Africa",3117,209389,2,2077
2022-01-10,"MZ","Mozambique","Africa",1010,210399,8,2085
2022-01-11,"MZ","Mozambique","Africa",592,210991,11,2096
2022-01-12,"MZ","Mozambique","Africa",1868,212859,3,2099
2022-01-13,"MZ","Mozambique","Africa",1948,214807,6,2105
2022-01-14,"MZ","Mozambique","Africa",1752,216559,4,2109
2022-01-15,"MZ","Mozambique","Africa",1262,217821,8,2117
2022-01-16,"MZ","Mozambique","Africa",976,218797,6,2123
2022-01-17,"MZ","Mozambique","Africa",284,219081,4,2127
2022-01-18,"MZ","Mozambique","Africa",309,219390,5,2132
2022-01-19,"MZ","Mozambique","Africa",851,220241,4,2136
2022-01-20,"MZ","Mozambique","Africa",667,220908,4,2140
2022-01-21,"MZ","Mozambique","Africa",524,221432,6,2146
2022-01-22,"MZ","Mozambique","Africa",543,221975,3,2149
2022-01-23,"MZ","Mozambique","Africa",440,222415,4,2153
2022-01-24,"MZ","Mozambique","Africa",181,222596,4,2157
2022-01-25,"MZ","Mozambique","Africa",56,222652,2,2159
2022-01-26,"MZ","Mozambique","Africa",240,222892,2,2161
2022-01-27,"MZ","Mozambique","Africa",220,223112,2,2163
2022-01-28,"MZ","Mozambique","Africa",301,223413,1,2164
2022-01-29,"MZ","Mozambique","Africa",199,223612,1,2165
2022-01-30,"MZ","Mozambique","Africa",126,223738,2,2167
2022-01-31,"MZ","Mozambique","Africa",73,223811,3,2170
2022-02-01,"MZ","Mozambique","Africa",16,223827,3,2173
2022-02-02,"MZ","Mozambique","Africa",122,223949,1,2174
2022-02-03,"MZ","Mozambique","Africa",94,224043,6,2180
2022-02-04,"MZ","Mozambique","Africa",100,224143,0,2180
2022-02-05,"MZ","Mozambique","Africa",81,224224,3,2183
2022-02-06,"MZ","Mozambique","Africa",85,224309,0,2183
2022-02-07,"MZ","Mozambique","Africa",30,224339,0,2183
2022-02-08,"MZ","Mozambique","Africa",8,224347,0,2183
2022-02-09,"MZ","Mozambique","Africa",87,224434,2,2185
2022-02-10,"MZ","Mozambique","Africa",60,224494,1,2186
2022-02-11,"MZ","Mozambique","Africa",65,224559,2,2188
2022-02-12,"MZ","Mozambique","Africa",44,224603,0,2188
2022-02-13,"MZ","Mozambique","Africa",50,224653,1,2189
2022-02-14,"MZ","Mozambique","Africa",50,224703,0,2189
2022-02-15,"MZ","Mozambique","Africa",16,224719,0,2189
2022-02-16,"MZ","Mozambique","Africa",48,224767,0,2189
2022-02-17,"MZ","Mozambique","Africa",24,224791,0,2189
2022-02-18,"MZ","Mozambique","Africa",0,224791,0,2189
2022-02-19,"MZ","Mozambique","Africa",50,224841,0,2189
2022-02-20,"MZ","Mozambique","Africa",41,224882,0,2189
2022-02-21,"MZ","Mozambique","Africa",21,224903,0,2189
2022-02-22,"MZ","Mozambique","Africa",17,224920,1,2190
2022-02-23,"MZ","Mozambique","Africa",17,224937,0,2190
2022-02-24,"MZ","Mozambique","Africa",46,224983,1,2191
2022-02-25,"MZ","Mozambique","Africa",16,224999,1,2192
2022-02-26,"MZ","Mozambique","Africa",19,225018,0,2192
2022-02-27,"MZ","Mozambique","Africa",18,225036,0,2192
2022-02-28,"MZ","Mozambique","Africa",2,225038,0,2192
2022-03-01,"MZ","Mozambique","Africa",9,225047,0,2192
2022-03-02,"MZ","Mozambique","Africa",16,225063,0,2192
2022-03-03,"MZ","Mozambique","Africa",17,225080,1,2193
2022-03-04,"MZ","Mozambique","Africa",20,225100,1,2194
2022-03-05,"MZ","Mozambique","Africa",21,225121,1,2195
2022-03-06,"MZ","Mozambique","Africa",14,225135,1,2196
2021-12-06,"MM","Myanmar","South-East Asia",231,524638,5,19146
2021-12-07,"MM","Myanmar","South-East Asia",367,525005,6,19152
2021-12-08,"MM","Myanmar","South-East Asia",398,525403,5,19157
2021-12-09,"MM","Myanmar","South-East Asia",347,525750,5,19162
2021-12-10,"MM","Myanmar","South-East Asia",274,526024,8,19170
2021-12-11,"MM","Myanmar","South-East Asia",357,526381,7,19177
2021-12-12,"MM","Myanmar","South-East Asia",280,526661,6,19183
2021-12-13,"MM","Myanmar","South-East Asia",250,526911,5,19188
2021-12-14,"MM","Myanmar","South-East Asia",363,527274,5,19193
2021-12-15,"MM","Myanmar","South-East Asia",229,527503,4,19197
2021-12-16,"MM","Myanmar","South-East Asia",211,527714,4,19201
2021-12-17,"MM","Myanmar","South-East Asia",217,527931,7,19208
2021-12-18,"MM","Myanmar","South-East Asia",170,528101,5,19213
2021-12-19,"MM","Myanmar","South-East Asia",152,528253,7,19220
2021-12-20,"MM","Myanmar","South-East Asia",127,528380,6,19226
2021-12-21,"MM","Myanmar","South-East Asia",259,528639,4,19230
2021-12-22,"MM","Myanmar","South-East Asia",199,528838,5,19235
2021-12-23,"MM","Myanmar","South-East Asia",276,529114,7,19242
2021-12-24,"MM","Myanmar","South-East Asia",213,529327,6,19248
2021-12-25,"MM","Myanmar","South-East Asia",176,529503,3,19251
2021-12-26,"MM","Myanmar","South-East Asia",110,529613,3,19254
2021-12-27,"MM","Myanmar","South-East Asia",200,529813,3,19257
2021-12-28,"MM","Myanmar","South-East Asia",187,530000,3,19260
2021-12-29,"MM","Myanmar","South-East Asia",272,530272,2,19262
2021-12-30,"MM","Myanmar","South-East Asia",373,530645,3,19265
2021-12-31,"MM","Myanmar","South-East Asia",189,530834,3,19268
2022-01-01,"MM","Myanmar","South-East Asia",112,530946,4,19272
2022-01-02,"MM","Myanmar","South-East Asia",79,531025,2,19274
2022-01-03,"MM","Myanmar","South-East Asia",130,531155,3,19277
2022-01-04,"MM","Myanmar","South-East Asia",144,531299,1,19278
2022-01-05,"MM","Myanmar","South-East Asia",133,531432,4,19282
2022-01-06,"MM","Myanmar","South-East Asia",192,531624,2,19284
2022-01-07,"MM","Myanmar","South-East Asia",177,531801,4,19288
2022-01-08,"MM","Myanmar","South-East Asia",124,531925,2,19290
2022-01-09,"MM","Myanmar","South-East Asia",137,532062,1,19291
2022-01-10,"MM","Myanmar","South-East Asia",105,532167,2,19293
2022-01-11,"MM","Myanmar","South-East Asia",235,532402,2,19295
2022-01-12,"MM","Myanmar","South-East Asia",151,532553,2,19297
2022-01-13,"MM","Myanmar","South-East Asia",172,532725,1,19298
2022-01-14,"MM","Myanmar","South-East Asia",126,532851,1,19299
2022-01-15,"MM","Myanmar","South-East Asia",170,533021,2,19301
2022-01-16,"MM","Myanmar","South-East Asia",123,533144,1,19302
2022-01-17,"MM","Myanmar","South-East Asia",101,533245,2,19304
2022-01-18,"MM","Myanmar","South-East Asia",163,533408,1,19305
2022-01-19,"MM","Myanmar","South-East Asia",196,533604,1,19306
2022-01-20,"MM","Myanmar","South-East Asia",128,533732,1,19307
2022-01-21,"MM","Myanmar","South-East Asia",83,533815,1,19308
2022-01-22,"MM","Myanmar","South-East Asia",144,533959,1,19309
2022-01-23,"MM","Myanmar","South-East Asia",112,534071,1,19310
2022-01-24,"MM","Myanmar","South-East Asia",92,534163,0,19310
2022-01-25,"MM","Myanmar","South-East Asia",220,534383,0,19310
2022-01-26,"MM","Myanmar","South-East Asia",120,534503,0,19310
2022-01-27,"MM","Myanmar","South-East Asia",168,534671,0,19310
2022-01-28,"MM","Myanmar","South-East Asia",237,534908,0,19310
2022-01-29,"MM","Myanmar","South-East Asia",172,535080,0,19310
2022-01-30,"MM","Myanmar","South-East Asia",174,535254,0,19310
2022-01-31,"MM","Myanmar","South-East Asia",278,535532,0,19310
2022-02-01,"MM","Myanmar","South-East Asia",861,536393,0,19310
2022-02-02,"MM","Myanmar","South-East Asia",143,536536,0,19310
2022-02-03,"MM","Myanmar","South-East Asia",368,536904,0,19310
2022-02-04,"MM","Myanmar","South-East Asia",319,537223,0,19310
2022-02-05,"MM","Myanmar","South-East Asia",346,537569,0,19310
2022-02-06,"MM","Myanmar","South-East Asia",332,537901,0,19310
2022-02-07,"MM","Myanmar","South-East Asia",508,538409,0,19310
2022-02-08,"MM","Myanmar","South-East Asia",1145,539554,0,19310
2022-02-09,"MM","Myanmar","South-East Asia",1043,540597,0,19310
2022-02-10,"MM","Myanmar","South-East Asia",1307,541904,0,19310
2022-02-11,"MM","Myanmar","South-East Asia",1607,543511,0,19310
2022-02-12,"MM","Myanmar","South-East Asia",1787,545298,0,19310
2022-02-13,"MM","Myanmar","South-East Asia",1473,546771,0,19310
2022-02-14,"MM","Myanmar","South-East Asia",1586,548357,1,19311
2022-02-15,"MM","Myanmar","South-East Asia",2467,550824,3,19314
2022-02-16,"MM","Myanmar","South-East Asia",2740,553564,4,19318
2022-02-17,"MM","Myanmar","South-East Asia",2692,556256,1,19319
2022-02-18,"MM","Myanmar","South-East Asia",3058,559314,3,19322
2022-02-19,"MM","Myanmar","South-East Asia",3050,562364,5,19327
2022-02-20,"MM","Myanmar","South-East Asia",3303,565667,4,19331
2022-02-21,"MM","Myanmar","South-East Asia",2897,568564,7,19338
2022-02-22,"MM","Myanmar","South-East Asia",3563,572127,6,19344
2022-02-23,"MM","Myanmar","South-East Asia",3381,575508,5,19349
2022-02-24,"MM","Myanmar","South-East Asia",2938,578446,4,19353
2022-02-25,"MM","Myanmar","South-East Asia",3391,581837,3,19356
2022-02-26,"MM","Myanmar","South-East Asia",2402,584239,4,19360
2022-02-27,"MM","Myanmar","South-East Asia",1959,586198,5,19365
2022-02-28,"MM","Myanmar","South-East Asia",1693,587891,3,19368
2022-03-01,"MM","Myanmar","South-East Asia",2346,590237,4,19372
2022-03-02,"MM","Myanmar","South-East Asia",1902,592139,3,19375
2022-03-03,"MM","Myanmar","South-East Asia",1819,593958,4,19379
2022-03-04,"MM","Myanmar","South-East Asia",1863,595821,4,19383
2022-03-05,"MM","Myanmar","South-East Asia",1596,597417,3,19386
2022-03-06,"MM","Myanmar","South-East Asia",1029,598446,3,19389
2021-12-06,NA,"Namibia","Africa",130,129638,0,3573
2021-12-07,NA,"Namibia","Africa",158,129796,1,3574
2021-12-08,NA,"Namibia","Africa",142,129938,0,3574
2021-12-09,NA,"Namibia","Africa",113,130051,0,3574
2021-12-10,NA,"Namibia","Africa",179,130230,1,3575
2021-12-11,NA,"Namibia","Africa",446,130676,0,3575
2021-12-12,NA,"Namibia","Africa",554,131230,0,3575
2021-12-13,NA,"Namibia","Africa",1041,132271,2,3577
2021-12-14,NA,"Namibia","Africa",578,132849,0,3577
2021-12-15,NA,"Namibia","Africa",241,133090,0,3577
2021-12-16,NA,"Namibia","Africa",354,133444,1,3578
2021-12-17,NA,"Namibia","Africa",710,134154,1,3579
2021-12-18,NA,"Namibia","Africa",540,134694,1,3580
2021-12-19,NA,"Namibia","Africa",1257,135951,0,3580
2021-12-20,NA,"Namibia","Africa",970,136921,1,3581
2021-12-21,NA,"Namibia","Africa",1263,138184,1,3582
2021-12-22,NA,"Namibia","Africa",1334,139518,1,3583
2021-12-23,NA,"Namibia","Africa",931,140449,6,3589
2021-12-24,NA,"Namibia","Africa",0,140449,0,3589
2021-12-25,NA,"Namibia","Africa",0,140449,0,3589
2021-12-26,NA,"Namibia","Africa",3127,143576,12,3601
2021-12-27,NA,"Namibia","Africa",1053,144629,7,3608
2021-12-28,NA,"Namibia","Africa",1008,145637,2,3610
2021-12-29,NA,"Namibia","Africa",822,146459,3,3613
2021-12-30,NA,"Namibia","Africa",0,146459,0,3613
2021-12-31,NA,"Namibia","Africa",261,146720,3,3616
2022-01-01,NA,"Namibia","Africa",0,146720,0,3616
2022-01-02,NA,"Namibia","Africa",1254,147974,17,3633
2022-01-03,NA,"Namibia","Africa",0,147974,0,3633
2022-01-04,NA,"Namibia","Africa",1767,149741,23,3656
2022-01-05,NA,"Namibia","Africa",0,149741,0,3656
2022-01-06,NA,"Namibia","Africa",799,150540,19,3675
2022-01-07,NA,"Namibia","Africa",460,151000,11,3686
2022-01-08,NA,"Namibia","Africa",517,151517,12,3698
2022-01-09,NA,"Namibia","Africa",0,151517,0,3698
2022-01-10,NA,"Namibia","Africa",0,151517,0,3698
2022-01-11,NA,"Namibia","Africa",1309,152826,28,3726
2022-01-12,NA,"Namibia","Africa",156,152982,9,3735
2022-01-13,NA,"Namibia","Africa",0,152982,0,3735
2022-01-14,NA,"Namibia","Africa",629,153611,48,3783
2022-01-15,NA,"Namibia","Africa",358,153969,21,3804
2022-01-16,NA,"Namibia","Africa",0,153969,0,3804
2022-01-17,NA,"Namibia","Africa",0,153969,0,3804
2022-01-18,NA,"Namibia","Africa",567,154536,19,3823
2022-01-19,NA,"Namibia","Africa",0,154536,0,3823
2022-01-20,NA,"Namibia","Africa",220,154756,41,3864
2022-01-21,NA,"Namibia","Africa",0,154756,0,3864
2022-01-22,NA,"Namibia","Africa",141,154897,20,3884
2022-01-23,NA,"Namibia","Africa",130,155027,18,3902
2022-01-24,NA,"Namibia","Africa",0,155027,0,3902
2022-01-25,NA,"Namibia","Africa",228,155255,12,3914
2022-01-26,NA,"Namibia","Africa",169,155424,10,3924
2022-01-27,NA,"Namibia","Africa",78,155502,13,3937
2022-01-28,NA,"Namibia","Africa",121,155623,10,3947
2022-01-29,NA,"Namibia","Africa",99,155722,15,3962
2022-01-30,NA,"Namibia","Africa",0,155722,0,3962
2022-01-31,NA,"Namibia","Africa",0,155722,0,3962
2022-02-01,NA,"Namibia","Africa",177,155899,5,3967
2022-02-02,NA,"Namibia","Africa",43,155942,2,3969
2022-02-03,NA,"Namibia","Africa",102,156044,4,3973
2022-02-04,NA,"Namibia","Africa",58,156102,0,3973
2022-02-05,NA,"Namibia","Africa",0,156102,0,3973
2022-02-06,NA,"Namibia","Africa",85,156187,1,3974
2022-02-07,NA,"Namibia","Africa",184,156371,6,3980
2022-02-08,NA,"Namibia","Africa",73,156444,0,3980
2022-02-09,NA,"Namibia","Africa",38,156482,2,3982
2022-02-10,NA,"Namibia","Africa",0,156482,0,3982
2022-02-11,NA,"Namibia","Africa",81,156563,6,3988
2022-02-12,NA,"Namibia","Africa",41,156604,3,3991
2022-02-13,NA,"Namibia","Africa",0,156604,0,3991
2022-02-14,NA,"Namibia","Africa",0,156604,0,3991
2022-02-15,NA,"Namibia","Africa",206,156810,4,3995
2022-02-16,NA,"Namibia","Africa",33,156843,0,3995
2022-02-17,NA,"Namibia","Africa",0,156843,0,3995
2022-02-18,NA,"Namibia","Africa",29,156872,1,3996
2022-02-19,NA,"Namibia","Africa",0,156872,0,3996
2022-02-20,NA,"Namibia","Africa",0,156872,0,3996
2022-02-21,NA,"Namibia","Africa",41,156913,1,3997
2022-02-22,NA,"Namibia","Africa",121,157034,5,4002
2022-02-23,NA,"Namibia","Africa",26,157060,0,4002
2022-02-24,NA,"Namibia","Africa",0,157060,0,4002
2022-02-25,NA,"Namibia","Africa",46,157106,4,4006
2022-02-26,NA,"Namibia","Africa",0,157106,0,4006
2022-02-27,NA,"Namibia","Africa",0,157106,0,4006
2022-02-28,NA,"Namibia","Africa",27,157133,1,4007
2022-03-01,NA,"Namibia","Africa",119,157252,2,4009
2022-03-02,NA,"Namibia","Africa",23,157275,0,4009
2022-03-03,NA,"Namibia","Africa",9,157284,1,4010
2022-03-04,NA,"Namibia","Africa",0,157284,0,4010
2022-03-05,NA,"Namibia","Africa",0,157284,0,4010
2022-03-06,NA,"Namibia","Africa",0,157284,0,4010
2021-12-06,"NR","Nauru","Western Pacific",0,0,0,0
2021-12-07,"NR","Nauru","Western Pacific",0,0,0,0
2021-12-08,"NR","Nauru","Western Pacific",0,0,0,0
2021-12-09,"NR","Nauru","Western Pacific",0,0,0,0
2021-12-10,"NR","Nauru","Western Pacific",0,0,0,0
2021-12-11,"NR","Nauru","Western Pacific",0,0,0,0
2021-12-12,"NR","Nauru","Western Pacific",0,0,0,0
2021-12-13,"NR","Nauru","Western Pacific",0,0,0,0
2021-12-14,"NR","Nauru","Western Pacific",0,0,0,0
2021-12-15,"NR","Nauru","Western Pacific",0,0,0,0
2021-12-16,"NR","Nauru","Western Pacific",0,0,0,0
2021-12-17,"NR","Nauru","Western Pacific",0,0,0,0
2021-12-18,"NR","Nauru","Western Pacific",0,0,0,0
2021-12-19,"NR","Nauru","Western Pacific",0,0,0,0
2021-12-20,"NR","Nauru","Western Pacific",0,0,0,0
2021-12-21,"NR","Nauru","Western Pacific",0,0,0,0
2021-12-22,"NR","Nauru","Western Pacific",0,0,0,0
2021-12-23,"NR","Nauru","Western Pacific",0,0,0,0
2021-12-24,"NR","Nauru","Western Pacific",0,0,0,0
2021-12-25,"NR","Nauru","Western Pacific",0,0,0,0
2021-12-26,"NR","Nauru","Western Pacific",0,0,0,0
2021-12-27,"NR","Nauru","Western Pacific",0,0,0,0
2021-12-28,"NR","Nauru","Western Pacific",0,0,0,0
2021-12-29,"NR","Nauru","Western Pacific",0,0,0,0
2021-12-30,"NR","Nauru","Western Pacific",0,0,0,0
2021-12-31,"NR","Nauru","Western Pacific",0,0,0,0
2022-01-01,"NR","Nauru","Western Pacific",0,0,0,0
2022-01-02,"NR","Nauru","Western Pacific",0,0,0,0
2022-01-03,"NR","Nauru","Western Pacific",0,0,0,0
2022-01-04,"NR","Nauru","Western Pacific",0,0,0,0
2022-01-05,"NR","Nauru","Western Pacific",0,0,0,0
2022-01-06,"NR","Nauru","Western Pacific",0,0,0,0
2022-01-07,"NR","Nauru","Western Pacific",0,0,0,0
2022-01-08,"NR","Nauru","Western Pacific",0,0,0,0
2022-01-09,"NR","Nauru","Western Pacific",0,0,0,0
2022-01-10,"NR","Nauru","Western Pacific",0,0,0,0
2022-01-11,"NR","Nauru","Western Pacific",0,0,0,0
2022-01-12,"NR","Nauru","Western Pacific",0,0,0,0
2022-01-13,"NR","Nauru","Western Pacific",0,0,0,0
2022-01-14,"NR","Nauru","Western Pacific",0,0,0,0
2022-01-15,"NR","Nauru","Western Pacific",0,0,0,0
2022-01-16,"NR","Nauru","Western Pacific",0,0,0,0
2022-01-17,"NR","Nauru","Western Pacific",0,0,0,0
2022-01-18,"NR","Nauru","Western Pacific",0,0,0,0
2022-01-19,"NR","Nauru","Western Pacific",0,0,0,0
2022-01-20,"NR","Nauru","Western Pacific",0,0,0,0
2022-01-21,"NR","Nauru","Western Pacific",0,0,0,0
2022-01-22,"NR","Nauru","Western Pacific",0,0,0,0
2022-01-23,"NR","Nauru","Western Pacific",0,0,0,0
2022-01-24,"NR","Nauru","Western Pacific",0,0,0,0
2022-01-25,"NR","Nauru","Western Pacific",0,0,0,0
2022-01-26,"NR","Nauru","Western Pacific",0,0,0,0
2022-01-27,"NR","Nauru","Western Pacific",0,0,0,0
2022-01-28,"NR","Nauru","Western Pacific",0,0,0,0
2022-01-29,"NR","Nauru","Western Pacific",0,0,0,0
2022-01-30,"NR","Nauru","Western Pacific",0,0,0,0
2022-01-31,"NR","Nauru","Western Pacific",0,0,0,0
2022-02-01,"NR","Nauru","Western Pacific",0,0,0,0
2022-02-02,"NR","Nauru","Western Pacific",0,0,0,0
2022-02-03,"NR","Nauru","Western Pacific",0,0,0,0
2022-02-04,"NR","Nauru","Western Pacific",0,0,0,0
2022-02-05,"NR","Nauru","Western Pacific",0,0,0,0
2022-02-06,"NR","Nauru","Western Pacific",0,0,0,0
2022-02-07,"NR","Nauru","Western Pacific",0,0,0,0
2022-02-08,"NR","Nauru","Western Pacific",0,0,0,0
2022-02-09,"NR","Nauru","Western Pacific",0,0,0,0
2022-02-10,"NR","Nauru","Western Pacific",0,0,0,0
2022-02-11,"NR","Nauru","Western Pacific",0,0,0,0
2022-02-12,"NR","Nauru","Western Pacific",0,0,0,0
2022-02-13,"NR","Nauru","Western Pacific",0,0,0,0
2022-02-14,"NR","Nauru","Western Pacific",0,0,0,0
2022-02-15,"NR","Nauru","Western Pacific",0,0,0,0
2022-02-16,"NR","Nauru","Western Pacific",0,0,0,0
2022-02-17,"NR","Nauru","Western Pacific",0,0,0,0
2022-02-18,"NR","Nauru","Western Pacific",0,0,0,0
2022-02-19,"NR","Nauru","Western Pacific",0,0,0,0
2022-02-20,"NR","Nauru","Western Pacific",0,0,0,0
2022-02-21,"NR","Nauru","Western Pacific",0,0,0,0
2022-02-22,"NR","Nauru","Western Pacific",0,0,0,0
2022-02-23,"NR","Nauru","Western Pacific",0,0,0,0
2022-02-24,"NR","Nauru","Western Pacific",0,0,0,0
2022-02-25,"NR","Nauru","Western Pacific",0,0,0,0
2022-02-26,"NR","Nauru","Western Pacific",0,0,0,0
2022-02-27,"NR","Nauru","Western Pacific",0,0,0,0
2022-02-28,"NR","Nauru","Western Pacific",0,0,0,0
2022-03-01,"NR","Nauru","Western Pacific",0,0,0,0
2022-03-02,"NR","Nauru","Western Pacific",0,0,0,0
2022-03-03,"NR","Nauru","Western Pacific",0,0,0,0
2022-03-04,"NR","Nauru","Western Pacific",0,0,0,0
2022-03-05,"NR","Nauru","Western Pacific",0,0,0,0
2022-03-06,"NR","Nauru","Western Pacific",0,0,0,0
2021-12-06,"NP","Nepal","South-East Asia",238,822830,2,11543
2021-12-07,"NP","Nepal","South-East Asia",272,823102,2,11545
2021-12-08,"NP","Nepal","South-East Asia",255,823357,2,11547
2021-12-09,"NP","Nepal","South-East Asia",197,823554,2,11549
2021-12-10,"NP","Nepal","South-East Asia",232,823786,3,11552
2021-12-11,"NP","Nepal","South-East Asia",194,823980,1,11553
2021-12-12,"NP","Nepal","South-East Asia",242,824222,1,11554
2021-12-13,"NP","Nepal","South-East Asia",313,824535,3,11557
2021-12-14,"NP","Nepal","South-East Asia",229,824764,2,11559
2021-12-15,"NP","Nepal","South-East Asia",252,825016,6,11565
2021-12-16,"NP","Nepal","South-East Asia",160,825176,2,11567
2021-12-17,"NP","Nepal","South-East Asia",269,825445,3,11570
2021-12-18,"NP","Nepal","South-East Asia",158,825603,2,11572
2021-12-19,"NP","Nepal","South-East Asia",133,825736,1,11573
2021-12-20,"NP","Nepal","South-East Asia",218,825954,1,11574
2021-12-21,"NP","Nepal","South-East Asia",252,826206,3,11577
2021-12-22,"NP","Nepal","South-East Asia",217,826423,2,11579
2021-12-23,"NP","Nepal","South-East Asia",241,826664,2,11581
2021-12-24,"NP","Nepal","South-East Asia",237,826901,1,11582
2021-12-25,"NP","Nepal","South-East Asia",157,827058,1,11583
2021-12-26,"NP","Nepal","South-East Asia",213,827271,2,11585
2021-12-27,"NP","Nepal","South-East Asia",251,827522,1,11586
2021-12-28,"NP","Nepal","South-East Asia",241,827763,2,11588
2021-12-29,"NP","Nepal","South-East Asia",209,827972,2,11590
2021-12-30,"NP","Nepal","South-East Asia",235,828207,0,11590
2021-12-31,"NP","Nepal","South-East Asia",224,828431,4,11594
2022-01-01,"NP","Nepal","South-East Asia",342,828773,0,11594
2022-01-02,"NP","Nepal","South-East Asia",213,828986,2,11596
2022-01-03,"NP","Nepal","South-East Asia",291,829277,2,11598
2022-01-04,"NP","Nepal","South-East Asia",355,829632,3,11601
2022-01-05,"NP","Nepal","South-East Asia",370,830002,0,11601
2022-01-06,"NP","Nepal","South-East Asia",478,830480,1,11602
2022-01-07,"NP","Nepal","South-East Asia",572,831052,0,11602
2022-01-08,"NP","Nepal","South-East Asia",696,831748,0,11602
2022-01-09,"NP","Nepal","South-East Asia",841,832589,2,11604
2022-01-10,"NP","Nepal","South-East Asia",1357,833946,2,11606
2022-01-11,"NP","Nepal","South-East Asia",1981,835927,1,11607
2022-01-12,"NP","Nepal","South-East Asia",2448,838375,2,11609
2022-01-13,"NP","Nepal","South-East Asia",2922,841297,1,11610
2022-01-14,"NP","Nepal","South-East Asia",4204,845501,3,11613
2022-01-15,"NP","Nepal","South-East Asia",3703,849204,4,11617
2022-01-16,"NP","Nepal","South-East Asia",4534,853738,3,11620
2022-01-17,"NP","Nepal","South-East Asia",5747,859485,3,11623
2022-01-18,"NP","Nepal","South-East Asia",8730,868215,1,11624
2022-01-19,"NP","Nepal","South-East Asia",9502,877717,4,11628
2022-01-20,"NP","Nepal","South-East Asia",10052,887769,4,11632
2022-01-21,"NP","Nepal","South-East Asia",8815,896584,3,11635
2022-01-22,"NP","Nepal","South-East Asia",8212,904796,16,11651
2022-01-23,"NP","Nepal","South-East Asia",5598,910394,4,11655
2022-01-24,"NP","Nepal","South-East Asia",8054,918448,4,11659
2022-01-25,"NP","Nepal","South-East Asia",9432,927880,8,11667
2022-01-26,"NP","Nepal","South-East Asia",5571,933451,5,11672
2022-01-27,"NP","Nepal","South-East Asia",5816,939267,15,11687
2022-01-28,"NP","Nepal","South-East Asia",4807,944074,10,11697
2022-01-29,"NP","Nepal","South-East Asia",3318,947392,6,11703
2022-01-30,"NP","Nepal","South-East Asia",3049,950441,32,11735
2022-01-31,"NP","Nepal","South-East Asia",3472,953913,8,11743
2022-02-01,"NP","Nepal","South-East Asia",3657,957570,9,11752
2022-02-02,"NP","Nepal","South-East Asia",2205,959775,12,11764
2022-02-03,"NP","Nepal","South-East Asia",2742,962517,14,11778
2022-02-04,"NP","Nepal","South-East Asia",1602,964119,16,11794
2022-02-05,"NP","Nepal","South-East Asia",1103,965222,9,11803
2022-02-06,"NP","Nepal","South-East Asia",1183,966405,11,11814
2022-02-07,"NP","Nepal","South-East Asia",1022,967427,13,11827
2022-02-08,"NP","Nepal","South-East Asia",1184,968611,11,11838
2022-02-09,"NP","Nepal","South-East Asia",1851,970462,14,11852
2022-02-10,"NP","Nepal","South-East Asia",1013,971475,12,11864
2022-02-11,"NP","Nepal","South-East Asia",666,972141,14,11878
2022-02-12,"NP","Nepal","South-East Asia",491,972632,4,11882
2022-02-13,"NP","Nepal","South-East Asia",427,973059,10,11892
2022-02-14,"NP","Nepal","South-East Asia",482,973541,8,11900
2022-02-15,"NP","Nepal","South-East Asia",498,974039,2,11902
2022-02-16,"NP","Nepal","South-East Asia",454,974493,3,11905
2022-02-17,"NP","Nepal","South-East Asia",364,974857,6,11911
2022-02-18,"NP","Nepal","South-East Asia",275,975132,2,11913
2022-02-19,"NP","Nepal","South-East Asia",198,975330,4,11917
2022-02-20,"NP","Nepal","South-East Asia",229,975559,4,11921
2022-02-21,"NP","Nepal","South-East Asia",247,975806,4,11925
2022-02-22,"NP","Nepal","South-East Asia",299,976105,3,11928
2022-02-23,"NP","Nepal","South-East Asia",256,976361,2,11930
2022-02-24,"NP","Nepal","South-East Asia",151,976512,1,11931
2022-02-25,"NP","Nepal","South-East Asia",158,976670,1,11932
2022-02-26,"NP","Nepal","South-East Asia",101,976771,2,11934
2022-02-27,"NP","Nepal","South-East Asia",94,976865,1,11935
2022-02-28,"NP","Nepal","South-East Asia",119,976984,1,11936
2022-03-01,"NP","Nepal","South-East Asia",92,977076,2,11938
2022-03-02,"NP","Nepal","South-East Asia",123,977199,3,11941
2022-03-03,"NP","Nepal","South-East Asia",70,977269,3,11944
2022-03-04,"NP","Nepal","South-East Asia",111,977380,1,11945
2022-03-05,"NP","Nepal","South-East Asia",67,977447,0,11945
2022-03-06,"NP","Nepal","South-East Asia",54,977501,2,11947
2021-12-06,"NL","Netherlands","Europe",23051,2750766,26,19663
2021-12-07,"NL","Netherlands","Europe",20977,2771743,34,19697
2021-12-08,"NL","Netherlands","Europe",17942,2789685,68,19765
2021-12-09,"NL","Netherlands","Europe",18055,2807740,71,19836
2021-12-10,"NL","Netherlands","Europe",19731,2827471,78,19914
2021-12-11,"NL","Netherlands","Europe",17445,2844916,84,19998
2021-12-12,"NL","Netherlands","Europe",17744,2862660,69,20067
2021-12-13,"NL","Netherlands","Europe",16604,2879264,39,20106
2021-12-14,"NL","Netherlands","Europe",13790,2893054,28,20134
2021-12-15,"NL","Netherlands","Europe",12796,2905850,74,20208
2021-12-16,"NL","Netherlands","Europe",13496,2919346,41,20249
2021-12-17,"NL","Netherlands","Europe",16347,2935693,54,20303
2021-12-18,"NL","Netherlands","Europe",15337,2951030,59,20362
2021-12-19,"NL","Netherlands","Europe",14660,2965690,50,20412
2021-12-20,"NL","Netherlands","Europe",13256,2978946,48,20460
2021-12-21,"NL","Netherlands","Europe",12141,2991087,35,20495
2021-12-22,"NL","Netherlands","Europe",9392,3000479,31,20526
2021-12-23,"NL","Netherlands","Europe",13396,3013875,48,20574
2021-12-24,"NL","Netherlands","Europe",13315,3027190,40,20614
2021-12-25,"NL","Netherlands","Europe",12468,3039658,40,20654
2021-12-26,"NL","Netherlands","Europe",12555,3052213,45,20699
2021-12-27,"NL","Netherlands","Europe",11892,3064105,11,20710
2021-12-28,"NL","Netherlands","Europe",11428,3075533,12,20722
2021-12-29,"NL","Netherlands","Europe",9134,3084667,75,20797
2021-12-30,"NL","Netherlands","Europe",15696,3100363,50,20847
2021-12-31,"NL","Netherlands","Europe",14759,3115122,40,20887
2022-01-01,"NL","Netherlands","Europe",16680,3131802,33,20920
2022-01-02,"NL","Netherlands","Europe",15583,3147385,27,20947
2022-01-03,"NL","Netherlands","Europe",17426,3164811,6,20953
2022-01-04,"NL","Netherlands","Europe",14493,3179304,14,20967
2022-01-05,"NL","Netherlands","Europe",18506,3197810,19,20986
2022-01-06,"NL","Netherlands","Europe",24440,3222250,38,21024
2022-01-07,"NL","Netherlands","Europe",24525,3246775,12,21036
2022-01-08,"NL","Netherlands","Europe",34727,3281502,24,21060
2022-01-09,"NL","Netherlands","Europe",27785,3309287,8,21068
2022-01-10,"NL","Netherlands","Europe",32335,3341622,7,21075
2022-01-11,"NL","Netherlands","Europe",27739,3369361,7,21082
2022-01-12,"NL","Netherlands","Europe",28853,3398214,18,21100
2022-01-13,"NL","Netherlands","Europe",31908,3430122,8,21108
2022-01-14,"NL","Netherlands","Europe",33149,3463271,13,21121
2022-01-15,"NL","Netherlands","Europe",35196,3498467,16,21137
2022-01-16,"NL","Netherlands","Europe",31626,3530093,6,21143
2022-01-17,"NL","Netherlands","Europe",35775,3565868,6,21149
2022-01-18,"NL","Netherlands","Europe",41772,3607640,3,21152
2022-01-19,"NL","Netherlands","Europe",31021,3638661,10,21162
2022-01-20,"NL","Netherlands","Europe",37983,3676644,10,21172
2022-01-21,"NL","Netherlands","Europe",39722,3716366,10,21182
2022-01-22,"NL","Netherlands","Europe",57194,3773560,11,21193
2022-01-23,"NL","Netherlands","Europe",46168,3819728,8,21201
2022-01-24,"NL","Netherlands","Europe",64619,3884347,1,21202
2022-01-25,"NL","Netherlands","Europe",64140,3948487,8,21210
2022-01-26,"NL","Netherlands","Europe",53495,4001982,7,21217
2022-01-27,"NL","Netherlands","Europe",57726,4059708,11,21228
2022-01-28,"NL","Netherlands","Europe",64241,4123949,14,21242
2022-01-29,"NL","Netherlands","Europe",73011,4196960,8,21250
2022-01-30,"NL","Netherlands","Europe",38919,4235879,8,21258
2022-01-31,"NL","Netherlands","Europe",74688,4310567,3,21261
2022-02-01,"NL","Netherlands","Europe",110516,4421083,4,21265
2022-02-02,"NL","Netherlands","Europe",104621,4525704,14,21279
2022-02-03,"NL","Netherlands","Europe",66162,4591866,10,21289
2022-02-04,"NL","Netherlands","Europe",81662,4673528,10,21299
2022-02-05,"NL","Netherlands","Europe",71168,4744696,5,21304
2022-02-06,"NL","Netherlands","Europe",53090,4797786,10,21314
2022-02-07,"NL","Netherlands","Europe",79986,4877772,7,21321
2022-02-08,"NL","Netherlands","Europe",81444,4959216,4,21325
2022-02-09,"NL","Netherlands","Europe",390783,5349999,8,21333
2022-02-10,"NL","Netherlands","Europe",86499,5436498,7,21340
2022-02-11,"NL","Netherlands","Europe",86720,5523218,15,21355
2022-02-12,"NL","Netherlands","Europe",80602,5603820,20,21375
2022-02-13,"NL","Netherlands","Europe",70298,5674118,11,21386
2022-02-14,"NL","Netherlands","Europe",60069,5734187,7,21393
2022-02-15,"NL","Netherlands","Europe",55029,5789216,6,21399
2022-02-16,"NL","Netherlands","Europe",53465,5842681,12,21411
2022-02-17,"NL","Netherlands","Europe",63701,5906382,18,21429
2022-02-18,"NL","Netherlands","Europe",56317,5962699,18,21447
2022-02-19,"NL","Netherlands","Europe",49245,6011944,15,21462
2022-02-20,"NL","Netherlands","Europe",33522,6045466,10,21472
2022-02-21,"NL","Netherlands","Europe",36285,6081751,8,21480
2022-02-22,"NL","Netherlands","Europe",35919,6117670,8,21488
2022-02-23,"NL","Netherlands","Europe",34536,6152206,17,21505
2022-02-24,"NL","Netherlands","Europe",41439,6193645,11,21516
2022-02-25,"NL","Netherlands","Europe",41151,6234796,13,21529
2022-02-26,"NL","Netherlands","Europe",37555,6272351,8,21537
2022-02-27,"NL","Netherlands","Europe",32899,6305250,6,21543
2022-02-28,"NL","Netherlands","Europe",27408,6332658,3,21546
2022-03-01,"NL","Netherlands","Europe",28871,6361529,6,21552
2022-03-02,"NL","Netherlands","Europe",36531,6398060,16,21568
2022-03-03,"NL","Netherlands","Europe",48479,6446539,11,21579
2022-03-04,"NL","Netherlands","Europe",58311,6504850,6,21585
2022-03-05,"NL","Netherlands","Europe",68397,6573247,9,21594
2022-03-06,"NL","Netherlands","Europe",67288,6640535,9,21603
2021-12-06,"NC","New Caledonia","Western Pacific",54,12385,1,279
2021-12-07,"NC","New Caledonia","Western Pacific",24,12409,0,279
2021-12-08,"NC","New Caledonia","Western Pacific",18,12427,0,279
2021-12-09,"NC","New Caledonia","Western Pacific",30,12457,0,279
2021-12-10,"NC","New Caledonia","Western Pacific",22,12479,0,279
2021-12-11,"NC","New Caledonia","Western Pacific",15,12494,0,279
2021-12-12,"NC","New Caledonia","Western Pacific",18,12512,0,279
2021-12-13,"NC","New Caledonia","Western Pacific",3,12515,1,280
2021-12-14,"NC","New Caledonia","Western Pacific",10,12525,0,280
2021-12-15,"NC","New Caledonia","Western Pacific",0,12525,0,280
2021-12-16,"NC","New Caledonia","Western Pacific",32,12557,0,280
2021-12-17,"NC","New Caledonia","Western Pacific",24,12581,0,280
2021-12-18,"NC","New Caledonia","Western Pacific",32,12613,0,280
2021-12-19,"NC","New Caledonia","Western Pacific",25,12638,0,280
2021-12-20,"NC","New Caledonia","Western Pacific",0,12638,0,280
2021-12-21,"NC","New Caledonia","Western Pacific",17,12655,0,280
2021-12-22,"NC","New Caledonia","Western Pacific",15,12670,0,280
2021-12-23,"NC","New Caledonia","Western Pacific",31,12701,0,280
2021-12-24,"NC","New Caledonia","Western Pacific",16,12717,0,280
2021-12-25,"NC","New Caledonia","Western Pacific",0,12717,0,280
2021-12-26,"NC","New Caledonia","Western Pacific",0,12717,0,280
2021-12-27,"NC","New Caledonia","Western Pacific",0,12717,0,280
2021-12-28,"NC","New Caledonia","Western Pacific",0,12717,0,280
2021-12-29,"NC","New Caledonia","Western Pacific",109,12826,1,281
2021-12-30,"NC","New Caledonia","Western Pacific",21,12847,0,281
2021-12-31,"NC","New Caledonia","Western Pacific",51,12898,0,281
2022-01-01,"NC","New Caledonia","Western Pacific",30,12928,0,281
2022-01-02,"NC","New Caledonia","Western Pacific",0,12928,0,281
2022-01-03,"NC","New Caledonia","Western Pacific",62,12990,0,281
2022-01-04,"NC","New Caledonia","Western Pacific",0,12990,0,281
2022-01-05,"NC","New Caledonia","Western Pacific",43,13033,0,281
2022-01-06,"NC","New Caledonia","Western Pacific",51,13084,0,281
2022-01-07,"NC","New Caledonia","Western Pacific",70,13154,0,281
2022-01-08,"NC","New Caledonia","Western Pacific",0,13154,0,281
2022-01-09,"NC","New Caledonia","Western Pacific",0,13154,0,281
2022-01-10,"NC","New Caledonia","Western Pacific",0,13154,0,281
2022-01-11,"NC","New Caledonia","Western Pacific",111,13265,0,281
2022-01-12,"NC","New Caledonia","Western Pacific",118,13383,0,281
2022-01-13,"NC","New Caledonia","Western Pacific",74,13457,0,281
2022-01-14,"NC","New Caledonia","Western Pacific",43,13500,0,281
2022-01-15,"NC","New Caledonia","Western Pacific",172,13672,0,281
2022-01-16,"NC","New Caledonia","Western Pacific",0,13672,0,281
2022-01-17,"NC","New Caledonia","Western Pacific",0,13672,0,281
2022-01-18,"NC","New Caledonia","Western Pacific",157,13829,1,282
2022-01-19,"NC","New Caledonia","Western Pacific",464,14293,0,282
2022-01-20,"NC","New Caledonia","Western Pacific",370,14663,0,282
2022-01-21,"NC","New Caledonia","Western Pacific",327,14990,0,282
2022-01-22,"NC","New Caledonia","Western Pacific",341,15331,0,282
2022-01-23,"NC","New Caledonia","Western Pacific",0,15331,0,282
2022-01-24,"NC","New Caledonia","Western Pacific",0,15331,0,282
2022-01-25,"NC","New Caledonia","Western Pacific",805,16136,0,282
2022-01-26,"NC","New Caledonia","Western Pacific",626,16762,1,283
2022-01-27,"NC","New Caledonia","Western Pacific",586,17348,0,283
2022-01-28,"NC","New Caledonia","Western Pacific",691,18039,0,283
2022-01-29,"NC","New Caledonia","Western Pacific",740,18779,0,283
2022-01-30,"NC","New Caledonia","Western Pacific",0,18779,0,283
2022-01-31,"NC","New Caledonia","Western Pacific",0,18779,0,283
2022-02-01,"NC","New Caledonia","Western Pacific",1843,20622,0,283
2022-02-02,"NC","New Caledonia","Western Pacific",1515,22137,1,284
2022-02-03,"NC","New Caledonia","Western Pacific",1230,23367,0,284
2022-02-04,"NC","New Caledonia","Western Pacific",1260,24627,0,284
2022-02-05,"NC","New Caledonia","Western Pacific",0,24627,0,284
2022-02-06,"NC","New Caledonia","Western Pacific",0,24627,0,284
2022-02-07,"NC","New Caledonia","Western Pacific",1289,25916,0,284
2022-02-08,"NC","New Caledonia","Western Pacific",2848,28764,0,284
2022-02-09,"NC","New Caledonia","Western Pacific",2353,31117,0,284
2022-02-10,"NC","New Caledonia","Western Pacific",1914,33031,0,284
2022-02-11,"NC","New Caledonia","Western Pacific",1101,34132,0,284
2022-02-12,"NC","New Caledonia","Western Pacific",0,34132,0,284
2022-02-13,"NC","New Caledonia","Western Pacific",0,34132,0,284
2022-02-14,"NC","New Caledonia","Western Pacific",1047,35179,0,284
2022-02-15,"NC","New Caledonia","Western Pacific",3343,38522,0,284
2022-02-16,"NC","New Caledonia","Western Pacific",1958,40480,0,284
2022-02-17,"NC","New Caledonia","Western Pacific",1337,41817,0,284
2022-02-18,"NC","New Caledonia","Western Pacific",1167,42984,3,287
2022-02-19,"NC","New Caledonia","Western Pacific",1037,44021,0,287
2022-02-20,"NC","New Caledonia","Western Pacific",0,44021,0,287
2022-02-21,"NC","New Caledonia","Western Pacific",0,44021,0,287
2022-02-22,"NC","New Caledonia","Western Pacific",1441,45462,0,287
2022-02-23,"NC","New Caledonia","Western Pacific",3659,49121,0,287
2022-02-24,"NC","New Caledonia","Western Pacific",2425,51546,12,299
2022-02-25,"NC","New Caledonia","Western Pacific",911,52457,0,299
2022-02-26,"NC","New Caledonia","Western Pacific",0,52457,0,299
2022-02-27,"NC","New Caledonia","Western Pacific",0,52457,0,299
2022-02-28,"NC","New Caledonia","Western Pacific",686,53143,0,299
2022-03-01,"NC","New Caledonia","Western Pacific",1170,54313,0,299
2022-03-02,"NC","New Caledonia","Western Pacific",679,54992,1,300
2022-03-03,"NC","New Caledonia","Western Pacific",646,55638,1,301
2022-03-04,"NC","New Caledonia","Western Pacific",686,56324,0,301
2022-03-05,"NC","New Caledonia","Western Pacific",0,56324,0,301
2022-03-06,"NC","New Caledonia","Western Pacific",0,56324,0,301
2021-12-06,"NZ","New Zealand","Western Pacific",133,11959,0,44
2021-12-07,"NZ","New Zealand","Western Pacific",95,12054,0,44
2021-12-08,"NZ","New Zealand","Western Pacific",92,12146,0,44
2021-12-09,"NZ","New Zealand","Western Pacific",105,12251,0,44
2021-12-10,"NZ","New Zealand","Western Pacific",96,12347,2,46
2021-12-11,"NZ","New Zealand","Western Pacific",64,12411,0,46
2021-12-12,"NZ","New Zealand","Western Pacific",103,12514,0,46
2021-12-13,"NZ","New Zealand","Western Pacific",102,12616,1,47
2021-12-14,"NZ","New Zealand","Western Pacific",81,12697,0,47
2021-12-15,"NZ","New Zealand","Western Pacific",76,12773,0,47
2021-12-16,"NZ","New Zealand","Western Pacific",95,12868,1,48
2021-12-17,"NZ","New Zealand","Western Pacific",79,12947,1,49
2021-12-18,"NZ","New Zealand","Western Pacific",45,12992,0,49
2021-12-19,"NZ","New Zealand","Western Pacific",62,13054,0,49
2021-12-20,"NZ","New Zealand","Western Pacific",74,13128,0,49
2021-12-21,"NZ","New Zealand","Western Pacific",31,13159,0,49
2021-12-22,"NZ","New Zealand","Western Pacific",59,13218,0,49
2021-12-23,"NZ","New Zealand","Western Pacific",59,13277,0,49
2021-12-24,"NZ","New Zealand","Western Pacific",72,13349,0,49
2021-12-25,"NZ","New Zealand","Western Pacific",66,13415,1,50
2021-12-26,"NZ","New Zealand","Western Pacific",70,13485,0,50
2021-12-27,"NZ","New Zealand","Western Pacific",44,13529,0,50
2021-12-28,"NZ","New Zealand","Western Pacific",33,13562,0,50
2021-12-29,"NZ","New Zealand","Western Pacific",54,13616,0,50
2021-12-30,"NZ","New Zealand","Western Pacific",70,13686,1,51
2021-12-31,"NZ","New Zealand","Western Pacific",60,13746,0,51
2022-01-01,"NZ","New Zealand","Western Pacific",0,13746,0,51
2022-01-02,"NZ","New Zealand","Western Pacific",137,13883,0,51
2022-01-03,"NZ","New Zealand","Western Pacific",49,13932,0,51
2022-01-04,"NZ","New Zealand","Western Pacific",58,13990,0,51
2022-01-05,"NZ","New Zealand","Western Pacific",40,14030,0,51
2022-01-06,"NZ","New Zealand","Western Pacific",61,14091,0,51
2022-01-07,"NZ","New Zealand","Western Pacific",59,14150,0,51
2022-01-08,"NZ","New Zealand","Western Pacific",71,14221,0,51
2022-01-09,"NZ","New Zealand","Western Pacific",77,14298,0,51
2022-01-10,"NZ","New Zealand","Western Pacific",60,14358,0,51
2022-01-11,"NZ","New Zealand","Western Pacific",22,14380,0,51
2022-01-12,"NZ","New Zealand","Western Pacific",91,14471,1,52
2022-01-13,"NZ","New Zealand","Western Pacific",40,14511,0,52
2022-01-14,"NZ","New Zealand","Western Pacific",61,14572,0,52
2022-01-15,"NZ","New Zealand","Western Pacific",54,14626,0,52
2022-01-16,"NZ","New Zealand","Western Pacific",68,14694,0,52
2022-01-17,"NZ","New Zealand","Western Pacific",56,14750,0,52
2022-01-18,"NZ","New Zealand","Western Pacific",44,14794,0,52
2022-01-19,"NZ","New Zealand","Western Pacific",80,14874,0,52
2022-01-20,"NZ","New Zealand","Western Pacific",85,14959,0,52
2022-01-21,"NZ","New Zealand","Western Pacific",67,15026,0,52
2022-01-22,"NZ","New Zealand","Western Pacific",78,15104,0,52
2022-01-23,"NZ","New Zealand","Western Pacific",71,15175,0,52
2022-01-24,"NZ","New Zealand","Western Pacific",75,15250,0,52
2022-01-25,"NZ","New Zealand","Western Pacific",60,15310,0,52
2022-01-26,"NZ","New Zealand","Western Pacific",60,15370,0,52
2022-01-27,"NZ","New Zealand","Western Pacific",95,15465,0,52
2022-01-28,"NZ","New Zealand","Western Pacific",150,15615,0,52
2022-01-29,"NZ","New Zealand","Western Pacific",155,15770,0,52
2022-01-30,"NZ","New Zealand","Western Pacific",139,15909,0,52
2022-01-31,"NZ","New Zealand","Western Pacific",131,16040,0,52
2022-02-01,"NZ","New Zealand","Western Pacific",206,16246,1,53
2022-02-02,"NZ","New Zealand","Western Pacific",193,16439,0,53
2022-02-03,"NZ","New Zealand","Western Pacific",189,16628,0,53
2022-02-04,"NZ","New Zealand","Western Pacific",273,16901,0,53
2022-02-05,"NZ","New Zealand","Western Pacific",269,17170,0,53
2022-02-06,"NZ","New Zealand","Western Pacific",227,17397,0,53
2022-02-07,"NZ","New Zealand","Western Pacific",214,17611,0,53
2022-02-08,"NZ","New Zealand","Western Pacific",265,17876,0,53
2022-02-09,"NZ","New Zealand","Western Pacific",248,18124,0,53
2022-02-10,"NZ","New Zealand","Western Pacific",334,18458,0,53
2022-02-11,"NZ","New Zealand","Western Pacific",476,18934,0,53
2022-02-12,"NZ","New Zealand","Western Pacific",466,19400,0,53
2022-02-13,"NZ","New Zealand","Western Pacific",789,20189,0,53
2022-02-14,"NZ","New Zealand","Western Pacific",997,21186,0,53
2022-02-15,"NZ","New Zealand","Western Pacific",738,21924,0,53
2022-02-16,"NZ","New Zealand","Western Pacific",1148,23072,0,53
2022-02-17,"NZ","New Zealand","Western Pacific",1525,24597,0,53
2022-02-18,"NZ","New Zealand","Western Pacific",1947,26544,0,53
2022-02-19,"NZ","New Zealand","Western Pacific",1611,28155,0,53
2022-02-20,"NZ","New Zealand","Western Pacific",2395,30550,0,53
2022-02-21,"NZ","New Zealand","Western Pacific",2360,32910,0,53
2022-02-22,"NZ","New Zealand","Western Pacific",2736,35646,3,56
2022-02-23,"NZ","New Zealand","Western Pacific",678,36324,0,56
2022-02-24,"NZ","New Zealand","Western Pacific",8715,45039,0,56
2022-02-25,"NZ","New Zealand","Western Pacific",12001,57040,0,56
2022-02-26,"NZ","New Zealand","Western Pacific",13645,70685,0,56
2022-02-27,"NZ","New Zealand","Western Pacific",15010,85695,0,56
2022-02-28,"NZ","New Zealand","Western Pacific",13054,98749,0,56
2022-03-01,"NZ","New Zealand","Western Pacific",21412,120161,0,56
2022-03-02,"NZ","New Zealand","Western Pacific",22085,142246,0,56
2022-03-03,"NZ","New Zealand","Western Pacific",23189,165435,0,56
2022-03-04,"NZ","New Zealand","Western Pacific",22559,187994,7,63
2022-03-05,"NZ","New Zealand","Western Pacific",18854,206848,0,63
2022-03-06,"NZ","New Zealand","Western Pacific",15156,222004,2,65
2021-12-06,"NI","Nicaragua","Americas",0,13397,0,213
2021-12-07,"NI","Nicaragua","Americas",0,13397,0,213
2021-12-08,"NI","Nicaragua","Americas",52,13449,1,214
2021-12-09,"NI","Nicaragua","Americas",0,13449,0,214
2021-12-10,"NI","Nicaragua","Americas",0,13449,0,214
2021-12-11,"NI","Nicaragua","Americas",0,13449,0,214
2021-12-12,"NI","Nicaragua","Americas",0,13449,0,214
2021-12-13,"NI","Nicaragua","Americas",0,13449,0,214
2021-12-14,"NI","Nicaragua","Americas",0,13449,0,214
2021-12-15,"NI","Nicaragua","Americas",44,13493,1,215
2021-12-16,"NI","Nicaragua","Americas",0,13493,0,215
2021-12-17,"NI","Nicaragua","Americas",0,13493,0,215
2021-12-18,"NI","Nicaragua","Americas",0,13493,0,215
2021-12-19,"NI","Nicaragua","Americas",0,13493,0,215
2021-12-20,"NI","Nicaragua","Americas",0,13493,0,215
2021-12-21,"NI","Nicaragua","Americas",0,13493,0,215
2021-12-22,"NI","Nicaragua","Americas",38,13531,1,216
2021-12-23,"NI","Nicaragua","Americas",0,13531,0,216
2021-12-24,"NI","Nicaragua","Americas",0,13531,0,216
2021-12-25,"NI","Nicaragua","Americas",0,13531,0,216
2021-12-26,"NI","Nicaragua","Americas",0,13531,0,216
2021-12-27,"NI","Nicaragua","Americas",0,13531,0,216
2021-12-28,"NI","Nicaragua","Americas",0,13531,0,216
2021-12-29,"NI","Nicaragua","Americas",32,13563,1,217
2021-12-30,"NI","Nicaragua","Americas",0,13563,0,217
2021-12-31,"NI","Nicaragua","Americas",0,13563,0,217
2022-01-01,"NI","Nicaragua","Americas",0,13563,0,217
2022-01-02,"NI","Nicaragua","Americas",0,13563,0,217
2022-01-03,"NI","Nicaragua","Americas",0,13563,0,217
2022-01-04,"NI","Nicaragua","Americas",0,13563,0,217
2022-01-05,"NI","Nicaragua","Americas",26,13589,1,218
2022-01-06,"NI","Nicaragua","Americas",0,13589,0,218
2022-01-07,"NI","Nicaragua","Americas",0,13589,0,218
2022-01-08,"NI","Nicaragua","Americas",0,13589,0,218
2022-01-09,"NI","Nicaragua","Americas",0,13589,0,218
2022-01-10,"NI","Nicaragua","Americas",0,13589,0,218
2022-01-11,"NI","Nicaragua","Americas",0,13589,0,218
2022-01-12,"NI","Nicaragua","Americas",0,13589,0,218
2022-01-13,"NI","Nicaragua","Americas",0,13589,0,218
2022-01-14,"NI","Nicaragua","Americas",0,13589,0,218
2022-01-15,"NI","Nicaragua","Americas",0,13589,0,218
2022-01-16,"NI","Nicaragua","Americas",0,13589,0,218
2022-01-17,"NI","Nicaragua","Americas",0,13589,0,218
2022-01-18,"NI","Nicaragua","Americas",0,13589,0,218
2022-01-19,"NI","Nicaragua","Americas",57,13646,1,219
2022-01-20,"NI","Nicaragua","Americas",0,13646,0,219
2022-01-21,"NI","Nicaragua","Americas",0,13646,0,219
2022-01-22,"NI","Nicaragua","Americas",0,13646,0,219
2022-01-23,"NI","Nicaragua","Americas",0,13646,0,219
2022-01-24,"NI","Nicaragua","Americas",0,13646,0,219
2022-01-25,"NI","Nicaragua","Americas",0,13646,0,219
2022-01-26,"NI","Nicaragua","Americas",35,13681,1,220
2022-01-27,"NI","Nicaragua","Americas",0,13681,0,220
2022-01-28,"NI","Nicaragua","Americas",0,13681,0,220
2022-01-29,"NI","Nicaragua","Americas",0,13681,0,220
2022-01-30,"NI","Nicaragua","Americas",0,13681,0,220
2022-01-31,"NI","Nicaragua","Americas",0,13681,0,220
2022-02-01,"NI","Nicaragua","Americas",0,13681,0,220
2022-02-02,"NI","Nicaragua","Americas",46,13727,1,221
2022-02-03,"NI","Nicaragua","Americas",0,13727,0,221
2022-02-04,"NI","Nicaragua","Americas",0,13727,0,221
2022-02-05,"NI","Nicaragua","Americas",0,13727,0,221
2022-02-06,"NI","Nicaragua","Americas",0,13727,0,221
2022-02-07,"NI","Nicaragua","Americas",0,13727,0,221
2022-02-08,"NI","Nicaragua","Americas",0,13727,0,221
2022-02-09,"NI","Nicaragua","Americas",65,13792,1,222
2022-02-10,"NI","Nicaragua","Americas",0,13792,0,222
2022-02-11,"NI","Nicaragua","Americas",0,13792,0,222
2022-02-12,"NI","Nicaragua","Americas",0,13792,0,222
2022-02-13,"NI","Nicaragua","Americas",0,13792,0,222
2022-02-14,"NI","Nicaragua","Americas",0,13792,0,222
2022-02-15,"NI","Nicaragua","Americas",0,13792,0,222
2022-02-16,"NI","Nicaragua","Americas",85,13877,1,223
2022-02-17,"NI","Nicaragua","Americas",0,13877,0,223
2022-02-18,"NI","Nicaragua","Americas",0,13877,0,223
2022-02-19,"NI","Nicaragua","Americas",0,13877,0,223
2022-02-20,"NI","Nicaragua","Americas",0,13877,0,223
2022-02-21,"NI","Nicaragua","Americas",0,13877,0,223
2022-02-22,"NI","Nicaragua","Americas",0,13877,0,223
2022-02-23,"NI","Nicaragua","Americas",81,13958,1,224
2022-02-24,"NI","Nicaragua","Americas",0,13958,0,224
2022-02-25,"NI","Nicaragua","Americas",0,13958,0,224
2022-02-26,"NI","Nicaragua","Americas",0,13958,0,224
2022-02-27,"NI","Nicaragua","Americas",0,13958,0,224
2022-02-28,"NI","Nicaragua","Americas",0,13958,0,224
2022-03-01,"NI","Nicaragua","Americas",0,13958,0,224
2022-03-02,"NI","Nicaragua","Americas",77,14035,1,225
2022-03-03,"NI","Nicaragua","Americas",0,14035,0,225
2022-03-04,"NI","Nicaragua","Americas",0,14035,0,225
2022-03-05,"NI","Nicaragua","Americas",0,14035,0,225
2022-03-06,"NI","Nicaragua","Americas",0,14035,0,225
2021-12-06,"NE","Niger","Africa",19,7080,0,261
2021-12-07,"NE","Niger","Africa",11,7091,3,264
2021-12-08,"NE","Niger","Africa",8,7099,1,265
2021-12-09,"NE","Niger","Africa",20,7119,0,265
2021-12-10,"NE","Niger","Africa",12,7131,0,265
2021-12-11,"NE","Niger","Africa",18,7149,2,267
2021-12-12,"NE","Niger","Africa",5,7154,1,268
2021-12-13,"NE","Niger","Africa",7,7161,0,268
2021-12-14,"NE","Niger","Africa",2,7163,1,269
2021-12-15,"NE","Niger","Africa",7,7170,0,269
2021-12-16,"NE","Niger","Africa",6,7176,1,270
2021-12-17,"NE","Niger","Africa",9,7185,1,271
2021-12-18,"NE","Niger","Africa",0,7185,0,271
2021-12-19,"NE","Niger","Africa",14,7199,1,272
2021-12-20,"NE","Niger","Africa",0,7199,0,272
2021-12-21,"NE","Niger","Africa",15,7214,0,272
2021-12-22,"NE","Niger","Africa",0,7214,0,272
2021-12-23,"NE","Niger","Africa",23,7237,1,273
2021-12-24,"NE","Niger","Africa",5,7242,0,273
2021-12-25,"NE","Niger","Africa",21,7263,1,274
2021-12-26,"NE","Niger","Africa",5,7268,0,274
2021-12-27,"NE","Niger","Africa",3,7271,0,274
2021-12-28,"NE","Niger","Africa",18,7289,0,274
2021-12-29,"NE","Niger","Africa",18,7307,0,274
2021-12-30,"NE","Niger","Africa",0,7307,0,274
2021-12-31,"NE","Niger","Africa",58,7365,0,274
2022-01-01,"NE","Niger","Africa",0,7365,0,274
2022-01-02,"NE","Niger","Africa",73,7438,2,276
2022-01-03,"NE","Niger","Africa",0,7438,0,276
2022-01-04,"NE","Niger","Africa",70,7508,1,277
2022-01-05,"NE","Niger","Africa",82,7590,0,277
2022-01-06,"NE","Niger","Africa",0,7590,0,277
2022-01-07,"NE","Niger","Africa",0,7590,0,277
2022-01-08,"NE","Niger","Africa",301,7891,3,280
2022-01-09,"NE","Niger","Africa",70,7961,0,280
2022-01-10,"NE","Niger","Africa",45,8006,0,280
2022-01-11,"NE","Niger","Africa",70,8076,1,281
2022-01-12,"NE","Niger","Africa",74,8150,4,285
2022-01-13,"NE","Niger","Africa",110,8260,1,286
2022-01-14,"NE","Niger","Africa",46,8306,0,286
2022-01-15,"NE","Niger","Africa",41,8347,1,287
2022-01-16,"NE","Niger","Africa",19,8366,1,288
2022-01-17,"NE","Niger","Africa",20,8386,4,292
2022-01-18,"NE","Niger","Africa",27,8413,1,293
2022-01-19,"NE","Niger","Africa",46,8459,0,293
2022-01-20,"NE","Niger","Africa",13,8472,0,293
2022-01-21,"NE","Niger","Africa",31,8503,2,295
2022-01-22,"NE","Niger","Africa",0,8503,0,295
2022-01-23,"NE","Niger","Africa",39,8542,0,295
2022-01-24,"NE","Niger","Africa",2,8544,1,296
2022-01-25,"NE","Niger","Africa",48,8592,0,296
2022-01-26,"NE","Niger","Africa",11,8603,1,297
2022-01-27,"NE","Niger","Africa",13,8616,0,297
2022-01-28,"NE","Niger","Africa",16,8632,0,297
2022-01-29,"NE","Niger","Africa",8,8640,1,298
2022-01-30,"NE","Niger","Africa",8,8648,0,298
2022-01-31,"NE","Niger","Africa",1,8649,0,298
2022-02-01,"NE","Niger","Africa",0,8649,0,298
2022-02-02,"NE","Niger","Africa",6,8655,3,301
2022-02-03,"NE","Niger","Africa",1,8656,0,301
2022-02-04,"NE","Niger","Africa",10,8666,0,301
2022-02-05,"NE","Niger","Africa",4,8670,0,301
2022-02-06,"NE","Niger","Africa",12,8682,1,302
2022-02-07,"NE","Niger","Africa",4,8686,0,302
2022-02-08,"NE","Niger","Africa",5,8691,1,303
2022-02-09,"NE","Niger","Africa",5,8696,0,303
2022-02-10,"NE","Niger","Africa",4,8700,0,303
2022-02-11,"NE","Niger","Africa",3,8703,0,303
2022-02-12,"NE","Niger","Africa",4,8707,0,303
2022-02-13,"NE","Niger","Africa",2,8709,0,303
2022-02-14,"NE","Niger","Africa",2,8711,0,303
2022-02-15,"NE","Niger","Africa",1,8712,0,303
2022-02-16,"NE","Niger","Africa",12,8724,0,303
2022-02-17,"NE","Niger","Africa",4,8728,0,303
2022-02-18,"NE","Niger","Africa",0,8728,0,303
2022-02-19,"NE","Niger","Africa",0,8728,0,303
2022-02-20,"NE","Niger","Africa",6,8734,0,303
2022-02-21,"NE","Niger","Africa",4,8738,0,303
2022-02-22,"NE","Niger","Africa",5,8743,3,306
2022-02-23,"NE","Niger","Africa",2,8745,0,306
2022-02-24,"NE","Niger","Africa",1,8746,0,306
2022-02-25,"NE","Niger","Africa",0,8746,0,306
2022-02-26,"NE","Niger","Africa",0,8746,0,306
2022-02-27,"NE","Niger","Africa",0,8746,0,306
2022-02-28,"NE","Niger","Africa",5,8751,1,307
2022-03-01,"NE","Niger","Africa",3,8754,0,307
2022-03-02,"NE","Niger","Africa",2,8756,0,307
2022-03-03,"NE","Niger","Africa",3,8759,0,307
2022-03-04,"NE","Niger","Africa",1,8760,0,307
2022-03-05,"NE","Niger","Africa",0,8760,0,307
2022-03-06,"NE","Niger","Africa",2,8762,0,307
2021-12-06,"NG","Nigeria","Africa",55,214622,0,2980
2021-12-07,"NG","Nigeria","Africa",167,214789,0,2980
2021-12-08,"NG","Nigeria","Africa",107,214896,0,2980
2021-12-09,"NG","Nigeria","Africa",268,215164,0,2980
2021-12-10,"NG","Nigeria","Africa",149,215313,1,2981
2021-12-11,"NG","Nigeria","Africa",1138,216451,0,2981
2021-12-12,"NG","Nigeria","Africa",612,217063,0,2981
2021-12-13,"NG","Nigeria","Africa",418,217481,0,2981
2021-12-14,"NG","Nigeria","Africa",385,217866,2,2983
2021-12-15,"NG","Nigeria","Africa",730,218596,0,2983
2021-12-16,"NG","Nigeria","Africa",1424,220020,0,2983
2021-12-17,"NG","Nigeria","Africa",1051,221071,0,2983
2021-12-18,"NG","Nigeria","Africa",1584,222655,1,2984
2021-12-19,"NG","Nigeria","Africa",828,223483,0,2984
2021-12-20,"NG","Nigeria","Africa",404,223887,1,2985
2021-12-21,"NG","Nigeria","Africa",1368,225255,0,2985
2021-12-22,"NG","Nigeria","Africa",2123,227378,4,2989
2021-12-23,"NG","Nigeria","Africa",4035,231413,2,2991
2021-12-24,"NG","Nigeria","Africa",1940,233353,0,2991
2021-12-25,"NG","Nigeria","Africa",1356,234709,2,2993
2021-12-26,"NG","Nigeria","Africa",1305,236014,21,3014
2021-12-27,"NG","Nigeria","Africa",1547,237561,8,3022
2021-12-28,"NG","Nigeria","Africa",859,238420,2,3024
2021-12-29,"NG","Nigeria","Africa",599,239019,3,3027
2021-12-30,"NG","Nigeria","Africa",1355,240374,1,3028
2021-12-31,"NG","Nigeria","Africa",1139,241513,2,3030
2022-01-01,"NG","Nigeria","Africa",828,242341,1,3031
2022-01-02,"NG","Nigeria","Africa",536,242877,2,3033
2022-01-03,"NG","Nigeria","Africa",573,243450,6,3039
2022-01-04,"NG","Nigeria","Africa",670,244120,6,3045
2022-01-05,"NG","Nigeria","Africa",428,244548,8,3053
2022-01-06,"NG","Nigeria","Africa",856,245404,5,3058
2022-01-07,"NG","Nigeria","Africa",791,246195,8,3066
2022-01-08,"NG","Nigeria","Africa",814,247009,4,3070
2022-01-09,"NG","Nigeria","Africa",766,247775,1,3071
2022-01-10,"NG","Nigeria","Africa",537,248312,6,3077
2022-01-11,"NG","Nigeria","Africa",420,248732,8,3085
2022-01-12,"NG","Nigeria","Africa",422,249154,1,3086
2022-01-13,"NG","Nigeria","Africa",432,249586,6,3092
2022-01-14,"NG","Nigeria","Africa",423,250009,0,3092
2022-01-15,"NG","Nigeria","Africa",352,250361,0,3092
2022-01-16,"NG","Nigeria","Africa",267,250628,3,3095
2022-01-17,"NG","Nigeria","Africa",301,250929,8,3103
2022-01-18,"NG","Nigeria","Africa",249,251178,7,3110
2022-01-19,"NG","Nigeria","Africa",163,251341,6,3116
2022-01-20,"NG","Nigeria","Africa",230,251571,1,3117
2022-01-21,"NG","Nigeria","Africa",123,251694,6,3123
2022-01-22,"NG","Nigeria","Africa",236,251930,1,3124
2022-01-23,"NG","Nigeria","Africa",29,251959,0,3124
2022-01-24,"NG","Nigeria","Africa",228,252187,0,3124
2022-01-25,"NG","Nigeria","Africa",241,252428,2,3126
2022-01-26,"NG","Nigeria","Africa",250,252678,7,3133
2022-01-27,"NG","Nigeria","Africa",75,252753,1,3134
2022-01-28,"NG","Nigeria","Africa",0,252753,0,3134
2022-01-29,"NG","Nigeria","Africa",0,252753,0,3134
2022-01-30,"NG","Nigeria","Africa",267,253020,1,3135
2022-01-31,"NG","Nigeria","Africa",3,253023,0,3135
2022-02-01,"NG","Nigeria","Africa",158,253181,1,3136
2022-02-02,"NG","Nigeria","Africa",159,253340,0,3136
2022-02-03,"NG","Nigeria","Africa",65,253405,0,3136
2022-02-04,"NG","Nigeria","Africa",0,253405,0,3136
2022-02-05,"NG","Nigeria","Africa",135,253540,0,3136
2022-02-06,"NG","Nigeria","Africa",145,253685,0,3136
2022-02-07,"NG","Nigeria","Africa",42,253727,3,3139
2022-02-08,"NG","Nigeria","Africa",53,253780,0,3139
2022-02-09,"NG","Nigeria","Africa",58,253838,0,3139
2022-02-10,"NG","Nigeria","Africa",37,253875,0,3139
2022-02-11,"NG","Nigeria","Africa",0,253875,0,3139
2022-02-12,"NG","Nigeria","Africa",0,253875,0,3139
2022-02-13,"NG","Nigeria","Africa",95,253970,1,3140
2022-02-14,"NG","Nigeria","Africa",46,254016,1,3141
2022-02-15,"NG","Nigeria","Africa",0,254016,0,3141
2022-02-16,"NG","Nigeria","Africa",108,254124,0,3141
2022-02-17,"NG","Nigeria","Africa",13,254137,0,3141
2022-02-18,"NG","Nigeria","Africa",0,254137,0,3141
2022-02-19,"NG","Nigeria","Africa",84,254221,1,3142
2022-02-20,"NG","Nigeria","Africa",22,254243,0,3142
2022-02-21,"NG","Nigeria","Africa",0,254243,0,3142
2022-02-22,"NG","Nigeria","Africa",50,254293,0,3142
2022-02-23,"NG","Nigeria","Africa",32,254325,0,3142
2022-02-24,"NG","Nigeria","Africa",27,254352,0,3142
2022-02-25,"NG","Nigeria","Africa",76,254428,0,3142
2022-02-26,"NG","Nigeria","Africa",0,254428,0,3142
2022-02-27,"NG","Nigeria","Africa",73,254501,0,3142
2022-02-28,"NG","Nigeria","Africa",24,254525,0,3142
2022-03-01,"NG","Nigeria","Africa",35,254560,0,3142
2022-03-02,"NG","Nigeria","Africa",10,254570,0,3142
2022-03-03,"NG","Nigeria","Africa",28,254598,0,3142
2022-03-04,"NG","Nigeria","Africa",8,254606,0,3142
2022-03-05,"NG","Nigeria","Africa",31,254637,0,3142
2022-03-06,"NG","Nigeria","Africa",0,254637,0,3142
2021-12-06,"NU","Niue","Western Pacific",0,0,0,0
2021-12-07,"NU","Niue","Western Pacific",0,0,0,0
2021-12-08,"NU","Niue","Western Pacific",0,0,0,0
2021-12-09,"NU","Niue","Western Pacific",0,0,0,0
2021-12-10,"NU","Niue","Western Pacific",0,0,0,0
2021-12-11,"NU","Niue","Western Pacific",0,0,0,0
2021-12-12,"NU","Niue","Western Pacific",0,0,0,0
2021-12-13,"NU","Niue","Western Pacific",0,0,0,0
2021-12-14,"NU","Niue","Western Pacific",0,0,0,0
2021-12-15,"NU","Niue","Western Pacific",0,0,0,0
2021-12-16,"NU","Niue","Western Pacific",0,0,0,0
2021-12-17,"NU","Niue","Western Pacific",0,0,0,0
2021-12-18,"NU","Niue","Western Pacific",0,0,0,0
2021-12-19,"NU","Niue","Western Pacific",0,0,0,0
2021-12-20,"NU","Niue","Western Pacific",0,0,0,0
2021-12-21,"NU","Niue","Western Pacific",0,0,0,0
2021-12-22,"NU","Niue","Western Pacific",0,0,0,0
2021-12-23,"NU","Niue","Western Pacific",0,0,0,0
2021-12-24,"NU","Niue","Western Pacific",0,0,0,0
2021-12-25,"NU","Niue","Western Pacific",0,0,0,0
2021-12-26,"NU","Niue","Western Pacific",0,0,0,0
2021-12-27,"NU","Niue","Western Pacific",0,0,0,0
2021-12-28,"NU","Niue","Western Pacific",0,0,0,0
2021-12-29,"NU","Niue","Western Pacific",0,0,0,0
2021-12-30,"NU","Niue","Western Pacific",0,0,0,0
2021-12-31,"NU","Niue","Western Pacific",0,0,0,0
2022-01-01,"NU","Niue","Western Pacific",0,0,0,0
2022-01-02,"NU","Niue","Western Pacific",0,0,0,0
2022-01-03,"NU","Niue","Western Pacific",0,0,0,0
2022-01-04,"NU","Niue","Western Pacific",0,0,0,0
2022-01-05,"NU","Niue","Western Pacific",0,0,0,0
2022-01-06,"NU","Niue","Western Pacific",0,0,0,0
2022-01-07,"NU","Niue","Western Pacific",0,0,0,0
2022-01-08,"NU","Niue","Western Pacific",0,0,0,0
2022-01-09,"NU","Niue","Western Pacific",0,0,0,0
2022-01-10,"NU","Niue","Western Pacific",0,0,0,0
2022-01-11,"NU","Niue","Western Pacific",0,0,0,0
2022-01-12,"NU","Niue","Western Pacific",0,0,0,0
2022-01-13,"NU","Niue","Western Pacific",0,0,0,0
2022-01-14,"NU","Niue","Western Pacific",0,0,0,0
2022-01-15,"NU","Niue","Western Pacific",0,0,0,0
2022-01-16,"NU","Niue","Western Pacific",0,0,0,0
2022-01-17,"NU","Niue","Western Pacific",0,0,0,0
2022-01-18,"NU","Niue","Western Pacific",0,0,0,0
2022-01-19,"NU","Niue","Western Pacific",0,0,0,0
2022-01-20,"NU","Niue","Western Pacific",0,0,0,0
2022-01-21,"NU","Niue","Western Pacific",0,0,0,0
2022-01-22,"NU","Niue","Western Pacific",0,0,0,0
2022-01-23,"NU","Niue","Western Pacific",0,0,0,0
2022-01-24,"NU","Niue","Western Pacific",0,0,0,0
2022-01-25,"NU","Niue","Western Pacific",0,0,0,0
2022-01-26,"NU","Niue","Western Pacific",0,0,0,0
2022-01-27,"NU","Niue","Western Pacific",0,0,0,0
2022-01-28,"NU","Niue","Western Pacific",0,0,0,0
2022-01-29,"NU","Niue","Western Pacific",0,0,0,0
2022-01-30,"NU","Niue","Western Pacific",0,0,0,0
2022-01-31,"NU","Niue","Western Pacific",0,0,0,0
2022-02-01,"NU","Niue","Western Pacific",0,0,0,0
2022-02-02,"NU","Niue","Western Pacific",0,0,0,0
2022-02-03,"NU","Niue","Western Pacific",0,0,0,0
2022-02-04,"NU","Niue","Western Pacific",0,0,0,0
2022-02-05,"NU","Niue","Western Pacific",0,0,0,0
2022-02-06,"NU","Niue","Western Pacific",0,0,0,0
2022-02-07,"NU","Niue","Western Pacific",0,0,0,0
2022-02-08,"NU","Niue","Western Pacific",0,0,0,0
2022-02-09,"NU","Niue","Western Pacific",0,0,0,0
2022-02-10,"NU","Niue","Western Pacific",0,0,0,0
2022-02-11,"NU","Niue","Western Pacific",0,0,0,0
2022-02-12,"NU","Niue","Western Pacific",0,0,0,0
2022-02-13,"NU","Niue","Western Pacific",0,0,0,0
2022-02-14,"NU","Niue","Western Pacific",0,0,0,0
2022-02-15,"NU","Niue","Western Pacific",0,0,0,0
2022-02-16,"NU","Niue","Western Pacific",0,0,0,0
2022-02-17,"NU","Niue","Western Pacific",0,0,0,0
2022-02-18,"NU","Niue","Western Pacific",0,0,0,0
2022-02-19,"NU","Niue","Western Pacific",0,0,0,0
2022-02-20,"NU","Niue","Western Pacific",0,0,0,0
2022-02-21,"NU","Niue","Western Pacific",0,0,0,0
2022-02-22,"NU","Niue","Western Pacific",0,0,0,0
2022-02-23,"NU","Niue","Western Pacific",0,0,0,0
2022-02-24,"NU","Niue","Western Pacific",0,0,0,0
2022-02-25,"NU","Niue","Western Pacific",0,0,0,0
2022-02-26,"NU","Niue","Western Pacific",0,0,0,0
2022-02-27,"NU","Niue","Western Pacific",0,0,0,0
2022-02-28,"NU","Niue","Western Pacific",0,0,0,0
2022-03-01,"NU","Niue","Western Pacific",0,0,0,0
2022-03-02,"NU","Niue","Western Pacific",0,0,0,0
2022-03-03,"NU","Niue","Western Pacific",0,0,0,0
2022-03-04,"NU","Niue","Western Pacific",0,0,0,0
2022-03-05,"NU","Niue","Western Pacific",0,0,0,0
2022-03-06,"NU","Niue","Western Pacific",0,0,0,0
2021-12-06,"MK","North Macedonia","Europe",276,217298,10,7670
2021-12-07,"MK","North Macedonia","Europe",101,217399,14,7684
2021-12-08,"MK","North Macedonia","Europe",375,217774,12,7696
2021-12-09,"MK","North Macedonia","Europe",419,218193,10,7706
2021-12-10,"MK","North Macedonia","Europe",168,218361,10,7716
2021-12-11,"MK","North Macedonia","Europe",361,218722,16,7732
2021-12-12,"MK","North Macedonia","Europe",376,219098,15,7747
2021-12-13,"MK","North Macedonia","Europe",308,219406,11,7758
2021-12-14,"MK","North Macedonia","Europe",83,219489,9,7767
2021-12-15,"MK","North Macedonia","Europe",353,219842,10,7777
2021-12-16,"MK","North Macedonia","Europe",326,220168,9,7786
2021-12-17,"MK","North Macedonia","Europe",298,220466,8,7794
2021-12-18,"MK","North Macedonia","Europe",327,220793,16,7810
2021-12-19,"MK","North Macedonia","Europe",301,221094,11,7821
2021-12-20,"MK","North Macedonia","Europe",190,221284,14,7835
2021-12-21,"MK","North Macedonia","Europe",127,221411,8,7843
2021-12-22,"MK","North Macedonia","Europe",333,221744,9,7852
2021-12-23,"MK","North Macedonia","Europe",320,222064,15,7867
2021-12-24,"MK","North Macedonia","Europe",269,222333,16,7883
2021-12-25,"MK","North Macedonia","Europe",333,222666,13,7896
2021-12-26,"MK","North Macedonia","Europe",266,222932,15,7911
2021-12-27,"MK","North Macedonia","Europe",280,223212,10,7921
2021-12-28,"MK","North Macedonia","Europe",119,223331,6,7927
2021-12-29,"MK","North Macedonia","Europe",409,223740,12,7939
2021-12-30,"MK","North Macedonia","Europe",394,224134,15,7954
2021-12-31,"MK","North Macedonia","Europe",373,224507,12,7966
2022-01-01,"MK","North Macedonia","Europe",533,225040,10,7976
2022-01-02,"MK","North Macedonia","Europe",435,225475,9,7985
2022-01-03,"MK","North Macedonia","Europe",246,225721,8,7993
2022-01-04,"MK","North Macedonia","Europe",238,225959,11,8004
2022-01-05,"MK","North Macedonia","Europe",1197,227156,13,8017
2022-01-06,"MK","North Macedonia","Europe",1375,228531,8,8025
2022-01-07,"MK","North Macedonia","Europe",1725,230256,7,8032
2022-01-08,"MK","North Macedonia","Europe",1171,231427,10,8042
2022-01-09,"MK","North Macedonia","Europe",632,232059,9,8051
2022-01-10,"MK","North Macedonia","Europe",1396,233455,8,8059
2022-01-11,"MK","North Macedonia","Europe",813,234268,10,8069
2022-01-12,"MK","North Macedonia","Europe",1964,236232,10,8079
2022-01-13,"MK","North Macedonia","Europe",1820,238052,7,8086
2022-01-14,"MK","North Macedonia","Europe",1859,239911,11,8097
2022-01-15,"MK","North Macedonia","Europe",1731,241642,14,8111
2022-01-16,"MK","North Macedonia","Europe",1633,243275,10,8121
2022-01-17,"MK","North Macedonia","Europe",1348,244623,9,8130
2022-01-18,"MK","North Macedonia","Europe",766,245389,16,8146
2022-01-19,"MK","North Macedonia","Europe",2265,247654,15,8161
2022-01-20,"MK","North Macedonia","Europe",2041,249695,11,8172
2022-01-21,"MK","North Macedonia","Europe",1172,250867,13,8185
2022-01-22,"MK","North Macedonia","Europe",2071,252938,15,8200
2022-01-23,"MK","North Macedonia","Europe",1910,254848,21,8221
2022-01-24,"MK","North Macedonia","Europe",1424,256272,18,8239
2022-01-25,"MK","North Macedonia","Europe",715,256987,24,8263
2022-01-26,"MK","North Macedonia","Europe",2339,259326,25,8288
2022-01-27,"MK","North Macedonia","Europe",2015,261341,22,8310
2022-01-28,"MK","North Macedonia","Europe",1861,263202,25,8335
2022-01-29,"MK","North Macedonia","Europe",1887,265089,28,8363
2022-01-30,"MK","North Macedonia","Europe",1836,266925,26,8389
2022-01-31,"MK","North Macedonia","Europe",1254,268179,26,8415
2022-02-01,"MK","North Macedonia","Europe",710,268889,24,8439
2022-02-02,"MK","North Macedonia","Europe",1997,270886,32,8471
2022-02-03,"MK","North Macedonia","Europe",1543,272429,28,8499
2022-02-04,"MK","North Macedonia","Europe",1715,274144,31,8530
2022-02-05,"MK","North Macedonia","Europe",1493,275637,43,8573
2022-02-06,"MK","North Macedonia","Europe",1455,277092,25,8598
2022-02-07,"MK","North Macedonia","Europe",1045,278137,27,8625
2022-02-08,"MK","North Macedonia","Europe",690,278827,24,8649
2022-02-09,"MK","North Macedonia","Europe",1713,280540,26,8675
2022-02-10,"MK","North Macedonia","Europe",1554,282094,24,8699
2022-02-11,"MK","North Macedonia","Europe",1409,283503,21,8720
2022-02-12,"MK","North Macedonia","Europe",1328,284831,23,8743
2022-02-13,"MK","North Macedonia","Europe",1221,286052,32,8775
2022-02-14,"MK","North Macedonia","Europe",920,286972,16,8791
2022-02-15,"MK","North Macedonia","Europe",466,287438,23,8814
2022-02-16,"MK","North Macedonia","Europe",1266,288704,19,8833
2022-02-17,"MK","North Macedonia","Europe",1091,289795,25,8858
2022-02-18,"MK","North Macedonia","Europe",1116,290911,20,8878
2022-02-19,"MK","North Macedonia","Europe",905,291816,21,8899
2022-02-20,"MK","North Macedonia","Europe",840,292656,24,8923
2022-02-21,"MK","North Macedonia","Europe",668,293324,13,8936
2022-02-22,"MK","North Macedonia","Europe",235,293559,13,8949
2022-02-23,"MK","North Macedonia","Europe",848,294407,12,8961
2022-02-24,"MK","North Macedonia","Europe",672,295079,15,8976
2022-02-25,"MK","North Macedonia","Europe",631,295710,10,8986
2022-02-26,"MK","North Macedonia","Europe",517,296227,17,9003
2022-02-27,"MK","North Macedonia","Europe",474,296701,15,9018
2022-02-28,"MK","North Macedonia","Europe",378,297079,10,9028
2022-03-01,"MK","North Macedonia","Europe",183,297262,9,9037
2022-03-02,"MK","North Macedonia","Europe",476,297738,10,9047
2022-03-03,"MK","North Macedonia","Europe",457,298195,11,9058
2022-03-04,"MK","North Macedonia","Europe",465,298660,10,9068
2022-03-05,"MK","North Macedonia","Europe",387,299047,15,9083
2022-03-06,"MK","North Macedonia","Europe",370,299417,10,9093
2021-12-06,"MP","Northern Mariana Islands (Commonwealth of the)","Western Pacific",0,1104,2,5
2021-12-07,"MP","Northern Mariana Islands (Commonwealth of the)","Western Pacific",78,1182,0,5
2021-12-08,"MP","Northern Mariana Islands (Commonwealth of the)","Western Pacific",0,1182,0,5
2021-12-09,"MP","Northern Mariana Islands (Commonwealth of the)","Western Pacific",0,1182,0,5
2021-12-10,"MP","Northern Mariana Islands (Commonwealth of the)","Western Pacific",332,1514,0,5
2021-12-11,"MP","Northern Mariana Islands (Commonwealth of the)","Western Pacific",0,1514,0,5
2021-12-12,"MP","Northern Mariana Islands (Commonwealth of the)","Western Pacific",260,1774,0,5
2021-12-13,"MP","Northern Mariana Islands (Commonwealth of the)","Western Pacific",134,1908,1,6
2021-12-14,"MP","Northern Mariana Islands (Commonwealth of the)","Western Pacific",0,1908,0,6
2021-12-15,"MP","Northern Mariana Islands (Commonwealth of the)","Western Pacific",110,2018,0,6
2021-12-16,"MP","Northern Mariana Islands (Commonwealth of the)","Western Pacific",99,2117,0,6
2021-12-17,"MP","Northern Mariana Islands (Commonwealth of the)","Western Pacific",88,2205,0,6
2021-12-18,"MP","Northern Mariana Islands (Commonwealth of the)","Western Pacific",116,2321,0,6
2021-12-19,"MP","Northern Mariana Islands (Commonwealth of the)","Western Pacific",54,2375,1,7
2021-12-20,"MP","Northern Mariana Islands (Commonwealth of the)","Western Pacific",47,2422,1,8
2021-12-21,"MP","Northern Mariana Islands (Commonwealth of the)","Western Pacific",84,2506,0,8
2021-12-22,"MP","Northern Mariana Islands (Commonwealth of the)","Western Pacific",74,2580,0,8
2021-12-23,"MP","Northern Mariana Islands (Commonwealth of the)","Western Pacific",61,2641,0,8
2021-12-24,"MP","Northern Mariana Islands (Commonwealth of the)","Western Pacific",96,2737,0,8
2021-12-25,"MP","Northern Mariana Islands (Commonwealth of the)","Western Pacific",82,2819,0,8
2021-12-26,"MP","Northern Mariana Islands (Commonwealth of the)","Western Pacific",34,2853,2,10
2021-12-27,"MP","Northern Mariana Islands (Commonwealth of the)","Western Pacific",40,2893,1,11
2021-12-28,"MP","Northern Mariana Islands (Commonwealth of the)","Western Pacific",70,2963,1,12
2021-12-29,"MP","Northern Mariana Islands (Commonwealth of the)","Western Pacific",0,2963,0,12
2021-12-30,"MP","Northern Mariana Islands (Commonwealth of the)","Western Pacific",122,3085,1,13
2021-12-31,"MP","Northern Mariana Islands (Commonwealth of the)","Western Pacific",123,3208,0,13
2022-01-01,"MP","Northern Mariana Islands (Commonwealth of the)","Western Pacific",47,3255,0,13
2022-01-02,"MP","Northern Mariana Islands (Commonwealth of the)","Western Pacific",32,3287,1,14
2022-01-03,"MP","Northern Mariana Islands (Commonwealth of the)","Western Pacific",10,3297,3,17
2022-01-04,"MP","Northern Mariana Islands (Commonwealth of the)","Western Pacific",37,3334,1,18
2022-01-05,"MP","Northern Mariana Islands (Commonwealth of the)","Western Pacific",58,3392,0,18
2022-01-06,"MP","Northern Mariana Islands (Commonwealth of the)","Western Pacific",61,3453,0,18
2022-01-07,"MP","Northern Mariana Islands (Commonwealth of the)","Western Pacific",65,3518,0,18
2022-01-08,"MP","Northern Mariana Islands (Commonwealth of the)","Western Pacific",43,3561,1,19
2022-01-09,"MP","Northern Mariana Islands (Commonwealth of the)","Western Pacific",37,3598,0,19
2022-01-10,"MP","Northern Mariana Islands (Commonwealth of the)","Western Pacific",49,3647,1,20
2022-01-11,"MP","Northern Mariana Islands (Commonwealth of the)","Western Pacific",18,3665,0,20
2022-01-12,"MP","Northern Mariana Islands (Commonwealth of the)","Western Pacific",33,3698,0,20
2022-01-13,"MP","Northern Mariana Islands (Commonwealth of the)","Western Pacific",53,3751,0,20
2022-01-14,"MP","Northern Mariana Islands (Commonwealth of the)","Western Pacific",51,3802,0,20
2022-01-15,"MP","Northern Mariana Islands (Commonwealth of the)","Western Pacific",66,3868,1,21
2022-01-16,"MP","Northern Mariana Islands (Commonwealth of the)","Western Pacific",37,3905,0,21
2022-01-17,"MP","Northern Mariana Islands (Commonwealth of the)","Western Pacific",41,3946,0,21
2022-01-18,"MP","Northern Mariana Islands (Commonwealth of the)","Western Pacific",25,3971,0,21
2022-01-19,"MP","Northern Mariana Islands (Commonwealth of the)","Western Pacific",43,4014,0,21
2022-01-20,"MP","Northern Mariana Islands (Commonwealth of the)","Western Pacific",53,4067,0,21
2022-01-21,"MP","Northern Mariana Islands (Commonwealth of the)","Western Pacific",51,4118,0,21
2022-01-22,"MP","Northern Mariana Islands (Commonwealth of the)","Western Pacific",48,4166,0,21
2022-01-23,"MP","Northern Mariana Islands (Commonwealth of the)","Western Pacific",42,4208,1,22
2022-01-24,"MP","Northern Mariana Islands (Commonwealth of the)","Western Pacific",38,4246,0,22
2022-01-25,"MP","Northern Mariana Islands (Commonwealth of the)","Western Pacific",19,4265,0,22
2022-01-26,"MP","Northern Mariana Islands (Commonwealth of the)","Western Pacific",79,4344,0,22
2022-01-27,"MP","Northern Mariana Islands (Commonwealth of the)","Western Pacific",96,4440,0,22
2022-01-28,"MP","Northern Mariana Islands (Commonwealth of the)","Western Pacific",124,4564,1,23
2022-01-29,"MP","Northern Mariana Islands (Commonwealth of the)","Western Pacific",128,4692,0,23
2022-01-30,"MP","Northern Mariana Islands (Commonwealth of the)","Western Pacific",80,4772,0,23
2022-01-31,"MP","Northern Mariana Islands (Commonwealth of the)","Western Pacific",92,4864,0,23
2022-02-01,"MP","Northern Mariana Islands (Commonwealth of the)","Western Pacific",44,4908,0,23
2022-02-02,"MP","Northern Mariana Islands (Commonwealth of the)","Western Pacific",154,5062,0,23
2022-02-03,"MP","Northern Mariana Islands (Commonwealth of the)","Western Pacific",252,5314,0,23
2022-02-04,"MP","Northern Mariana Islands (Commonwealth of the)","Western Pacific",261,5575,0,23
2022-02-05,"MP","Northern Mariana Islands (Commonwealth of the)","Western Pacific",112,5687,0,23
2022-02-06,"MP","Northern Mariana Islands (Commonwealth of the)","Western Pacific",204,5891,0,23
2022-02-07,"MP","Northern Mariana Islands (Commonwealth of the)","Western Pacific",211,6102,0,23
2022-02-08,"MP","Northern Mariana Islands (Commonwealth of the)","Western Pacific",230,6332,0,23
2022-02-09,"MP","Northern Mariana Islands (Commonwealth of the)","Western Pacific",231,6563,0,23
2022-02-10,"MP","Northern Mariana Islands (Commonwealth of the)","Western Pacific",221,6784,0,23
2022-02-11,"MP","Northern Mariana Islands (Commonwealth of the)","Western Pacific",226,7010,0,23
2022-02-12,"MP","Northern Mariana Islands (Commonwealth of the)","Western Pacific",189,7199,0,23
2022-02-13,"MP","Northern Mariana Islands (Commonwealth of the)","Western Pacific",154,7353,0,23
2022-02-14,"MP","Northern Mariana Islands (Commonwealth of the)","Western Pacific",177,7530,0,23
2022-02-15,"MP","Northern Mariana Islands (Commonwealth of the)","Western Pacific",57,7587,1,24
2022-02-16,"MP","Northern Mariana Islands (Commonwealth of the)","Western Pacific",159,7746,1,25
2022-02-17,"MP","Northern Mariana Islands (Commonwealth of the)","Western Pacific",181,7927,0,25
2022-02-18,"MP","Northern Mariana Islands (Commonwealth of the)","Western Pacific",226,8153,0,25
2022-02-19,"MP","Northern Mariana Islands (Commonwealth of the)","Western Pacific",158,8311,0,25
2022-02-20,"MP","Northern Mariana Islands (Commonwealth of the)","Western Pacific",111,8422,1,26
2022-02-21,"MP","Northern Mariana Islands (Commonwealth of the)","Western Pacific",222,8644,0,26
2022-02-22,"MP","Northern Mariana Islands (Commonwealth of the)","Western Pacific",67,8711,0,26
2022-02-23,"MP","Northern Mariana Islands (Commonwealth of the)","Western Pacific",171,8882,1,27
2022-02-24,"MP","Northern Mariana Islands (Commonwealth of the)","Western Pacific",226,9108,0,27
2022-02-25,"MP","Northern Mariana Islands (Commonwealth of the)","Western Pacific",157,9265,0,27
2022-02-26,"MP","Northern Mariana Islands (Commonwealth of the)","Western Pacific",139,9404,2,29
2022-02-27,"MP","Northern Mariana Islands (Commonwealth of the)","Western Pacific",130,9534,0,29
2022-02-28,"MP","Northern Mariana Islands (Commonwealth of the)","Western Pacific",0,9534,1,30
2022-03-01,"MP","Northern Mariana Islands (Commonwealth of the)","Western Pacific",16,9550,0,30
2022-03-02,"MP","Northern Mariana Islands (Commonwealth of the)","Western Pacific",174,9724,0,30
2022-03-03,"MP","Northern Mariana Islands (Commonwealth of the)","Western Pacific",132,9856,0,30
2022-03-04,"MP","Northern Mariana Islands (Commonwealth of the)","Western Pacific",66,9922,0,30
2022-03-05,"MP","Northern Mariana Islands (Commonwealth of the)","Western Pacific",77,9999,0,30
2022-03-06,"MP","Northern Mariana Islands (Commonwealth of the)","Western Pacific",75,10074,0,30
2021-12-06,"NO","Norway","Europe",2898,289579,3,1138
2021-12-07,"NO","Norway","Europe",6472,296051,0,1138
2021-12-08,"NO","Norway","Europe",5516,301567,1,1139
2021-12-09,"NO","Norway","Europe",5308,306875,1,1140
2021-12-10,"NO","Norway","Europe",5301,312176,1,1141
2021-12-11,"NO","Norway","Europe",5182,317358,0,1141
2021-12-12,"NO","Norway","Europe",3166,320524,42,1183
2021-12-13,"NO","Norway","Europe",3212,323736,0,1183
2021-12-14,"NO","Norway","Europe",6646,330382,22,1205
2021-12-15,"NO","Norway","Europe",5199,335581,0,1205
2021-12-16,"NO","Norway","Europe",5020,340601,0,1205
2021-12-17,"NO","Norway","Europe",4655,345256,2,1207
2021-12-18,"NO","Norway","Europe",4252,349508,0,1207
2021-12-19,"NO","Norway","Europe",2747,352255,27,1234
2021-12-20,"NO","Norway","Europe",2605,354860,3,1237
2021-12-21,"NO","Norway","Europe",5365,360225,2,1239
2021-12-22,"NO","Norway","Europe",4173,364398,21,1260
2021-12-23,"NO","Norway","Europe",3690,368088,0,1260
2021-12-24,"NO","Norway","Europe",3353,371441,0,1260
2021-12-25,"NO","Norway","Europe",1781,373222,0,1260
2021-12-26,"NO","Norway","Europe",2025,375247,41,1301
2021-12-27,"NO","Norway","Europe",2431,377678,1,1302
2021-12-28,"NO","Norway","Europe",4796,382474,1,1303
2021-12-29,"NO","Norway","Europe",4016,386490,0,1303
2021-12-30,"NO","Norway","Europe",4172,390662,2,1305
2021-12-31,"NO","Norway","Europe",4192,394854,0,1305
2022-01-01,"NO","Norway","Europe",2830,397684,0,1305
2022-01-02,"NO","Norway","Europe",2592,400276,40,1345
2022-01-03,"NO","Norway","Europe",4055,404331,0,1345
2022-01-04,"NO","Norway","Europe",9136,413467,2,1347
2022-01-05,"NO","Norway","Europe",8009,421476,2,1349
2022-01-06,"NO","Norway","Europe",7036,428512,0,1349
2022-01-07,"NO","Norway","Europe",6214,434726,1,1350
2022-01-08,"NO","Norway","Europe",6371,441097,0,1350
2022-01-09,"NO","Norway","Europe",4434,445531,0,1350
2022-01-10,"NO","Norway","Europe",5169,450700,20,1370
2022-01-11,"NO","Norway","Europe",12127,462827,0,1370
2022-01-12,"NO","Norway","Europe",10906,473733,22,1392
2022-01-13,"NO","Norway","Europe",11115,484848,9,1401
2022-01-14,"NO","Norway","Europe",10881,495729,0,1401
2022-01-15,"NO","Norway","Europe",11346,507075,0,1401
2022-01-16,"NO","Norway","Europe",7745,514820,0,1401
2022-01-17,"NO","Norway","Europe",8640,523460,8,1409
2022-01-18,"NO","Norway","Europe",20814,544274,2,1411
2022-01-19,"NO","Norway","Europe",18529,562803,1,1412
2022-01-20,"NO","Norway","Europe",18153,580956,1,1413
2022-01-21,"NO","Norway","Europe",18278,599234,0,1413
2022-01-22,"NO","Norway","Europe",18554,617788,0,1413
2022-01-23,"NO","Norway","Europe",12267,630055,0,1413
2022-01-24,"NO","Norway","Europe",12864,642919,23,1436
2022-01-25,"NO","Norway","Europe",28361,671280,2,1438
2022-01-26,"NO","Norway","Europe",23587,694867,2,1440
2022-01-27,"NO","Norway","Europe",22086,716953,0,1440
2022-01-28,"NO","Norway","Europe",20089,737042,0,1440
2022-01-29,"NO","Norway","Europe",19000,756042,0,1440
2022-01-30,"NO","Norway","Europe",10778,766820,0,1440
2022-01-31,"NO","Norway","Europe",11546,778366,25,1465
2022-02-01,"NO","Norway","Europe",27861,806227,0,1465
2022-02-02,"NO","Norway","Europe",23467,829694,1,1466
2022-02-03,"NO","Norway","Europe",20353,850047,0,1466
2022-02-04,"NO","Norway","Europe",17530,867577,0,1466
2022-02-05,"NO","Norway","Europe",17416,884993,0,1466
2022-02-06,"NO","Norway","Europe",10964,895957,0,1466
2022-02-07,"NO","Norway","Europe",11094,907051,40,1506
2022-02-08,"NO","Norway","Europe",29475,936526,6,1512
2022-02-09,"NO","Norway","Europe",25513,962039,0,1512
2022-02-10,"NO","Norway","Europe",24011,986050,1,1513
2022-02-11,"NO","Norway","Europe",21930,1007980,0,1513
2022-02-12,"NO","Norway","Europe",20533,1028513,0,1513
2022-02-13,"NO","Norway","Europe",9179,1037692,0,1513
2022-02-14,"NO","Norway","Europe",7829,1045521,32,1545
2022-02-15,"NO","Norway","Europe",20265,1065786,3,1548
2022-02-16,"NO","Norway","Europe",16661,1082447,0,1548
2022-02-17,"NO","Norway","Europe",17180,1099627,0,1548
2022-02-18,"NO","Norway","Europe",15820,1115447,0,1548
2022-02-19,"NO","Norway","Europe",15691,1131138,0,1548
2022-02-20,"NO","Norway","Europe",7681,1138819,0,1548
2022-02-21,"NO","Norway","Europe",7524,1146343,48,1596
2022-02-22,"NO","Norway","Europe",22203,1168546,1,1597
2022-02-23,"NO","Norway","Europe",18322,1186868,1,1598
2022-02-24,"NO","Norway","Europe",18121,1204989,0,1598
2022-02-25,"NO","Norway","Europe",15332,1220321,0,1598
2022-02-26,"NO","Norway","Europe",14534,1234855,0,1598
2022-02-27,"NO","Norway","Europe",6200,1241055,0,1598
2022-02-28,"NO","Norway","Europe",6172,1247227,61,1659
2022-03-01,"NO","Norway","Europe",17523,1264750,2,1661
2022-03-02,"NO","Norway","Europe",12442,1277192,3,1664
2022-03-03,"NO","Norway","Europe",11092,1288284,0,1664
2022-03-04,"NO","Norway","Europe",8883,1297167,0,1664
2022-03-05,"NO","Norway","Europe",8273,1305440,0,1664
2022-03-06,"NO","Norway","Europe",3707,1309147,0,1664
2021-12-06,"PS","occupied Palestinian territory, including east Jerusalem","Eastern Mediterranean",275,462219,3,4817
2021-12-07,"PS","occupied Palestinian territory, including east Jerusalem","Eastern Mediterranean",402,462621,5,4822
2021-12-08,"PS","occupied Palestinian territory, including east Jerusalem","Eastern Mediterranean",337,462958,1,4823
2021-12-09,"PS","occupied Palestinian territory, including east Jerusalem","Eastern Mediterranean",319,463277,3,4826
2021-12-10,"PS","occupied Palestinian territory, including east Jerusalem","Eastern Mediterranean",296,463573,4,4830
2021-12-11,"PS","occupied Palestinian territory, including east Jerusalem","Eastern Mediterranean",330,463903,6,4836
2021-12-12,"PS","occupied Palestinian territory, including east Jerusalem","Eastern Mediterranean",133,464036,1,4837
2021-12-13,"PS","occupied Palestinian territory, including east Jerusalem","Eastern Mediterranean",305,464341,7,4844
2021-12-14,"PS","occupied Palestinian territory, including east Jerusalem","Eastern Mediterranean",410,464751,2,4846
2021-12-15,"PS","occupied Palestinian territory, including east Jerusalem","Eastern Mediterranean",343,465094,9,4855
2021-12-16,"PS","occupied Palestinian territory, including east Jerusalem","Eastern Mediterranean",386,465480,2,4857
2021-12-17,"PS","occupied Palestinian territory, including east Jerusalem","Eastern Mediterranean",349,465829,1,4858
2021-12-18,"PS","occupied Palestinian territory, including east Jerusalem","Eastern Mediterranean",333,466162,4,4862
2021-12-19,"PS","occupied Palestinian territory, including east Jerusalem","Eastern Mediterranean",165,466327,5,4867
2021-12-20,"PS","occupied Palestinian territory, including east Jerusalem","Eastern Mediterranean",342,466669,3,4870
2021-12-21,"PS","occupied Palestinian territory, including east Jerusalem","Eastern Mediterranean",389,467058,5,4875
2021-12-22,"PS","occupied Palestinian territory, including east Jerusalem","Eastern Mediterranean",333,467391,7,4882
2021-12-23,"PS","occupied Palestinian territory, including east Jerusalem","Eastern Mediterranean",291,467682,2,4884
2021-12-24,"PS","occupied Palestinian territory, including east Jerusalem","Eastern Mediterranean",248,467930,3,4887
2021-12-25,"PS","occupied Palestinian territory, including east Jerusalem","Eastern Mediterranean",336,468266,9,4896
2021-12-26,"PS","occupied Palestinian territory, including east Jerusalem","Eastern Mediterranean",177,468443,4,4900
2021-12-27,"PS","occupied Palestinian territory, including east Jerusalem","Eastern Mediterranean",176,468619,7,4907
2021-12-28,"PS","occupied Palestinian territory, including east Jerusalem","Eastern Mediterranean",833,469452,5,4912
2021-12-29,"PS","occupied Palestinian territory, including east Jerusalem","Eastern Mediterranean",296,469748,7,4919
2021-12-30,"PS","occupied Palestinian territory, including east Jerusalem","Eastern Mediterranean",291,470039,6,4925
2021-12-31,"PS","occupied Palestinian territory, including east Jerusalem","Eastern Mediterranean",264,470303,6,4931
2022-01-01,"PS","occupied Palestinian territory, including east Jerusalem","Eastern Mediterranean",219,470522,3,4934
2022-01-02,"PS","occupied Palestinian territory, including east Jerusalem","Eastern Mediterranean",136,470658,8,4942
2022-01-03,"PS","occupied Palestinian territory, including east Jerusalem","Eastern Mediterranean",137,470795,2,4944
2022-01-04,"PS","occupied Palestinian territory, including east Jerusalem","Eastern Mediterranean",295,471090,3,4947
2022-01-05,"PS","occupied Palestinian territory, including east Jerusalem","Eastern Mediterranean",324,471414,7,4954
2022-01-06,"PS","occupied Palestinian territory, including east Jerusalem","Eastern Mediterranean",332,471746,10,4964
2022-01-07,"PS","occupied Palestinian territory, including east Jerusalem","Eastern Mediterranean",286,472032,3,4967
2022-01-08,"PS","occupied Palestinian territory, including east Jerusalem","Eastern Mediterranean",458,472490,6,4973
2022-01-09,"PS","occupied Palestinian territory, including east Jerusalem","Eastern Mediterranean",156,472646,5,4978
2022-01-10,"PS","occupied Palestinian territory, including east Jerusalem","Eastern Mediterranean",264,472910,9,4987
2022-01-11,"PS","occupied Palestinian territory, including east Jerusalem","Eastern Mediterranean",392,473302,6,4993
2022-01-12,"PS","occupied Palestinian territory, including east Jerusalem","Eastern Mediterranean",431,473733,6,4999
2022-01-13,"PS","occupied Palestinian territory, including east Jerusalem","Eastern Mediterranean",501,474234,6,5005
2022-01-14,"PS","occupied Palestinian territory, including east Jerusalem","Eastern Mediterranean",528,474762,2,5007
2022-01-15,"PS","occupied Palestinian territory, including east Jerusalem","Eastern Mediterranean",592,475354,1,5008
2022-01-16,"PS","occupied Palestinian territory, including east Jerusalem","Eastern Mediterranean",332,475686,8,5016
2022-01-17,"PS","occupied Palestinian territory, including east Jerusalem","Eastern Mediterranean",642,476328,3,5019
2022-01-18,"PS","occupied Palestinian territory, including east Jerusalem","Eastern Mediterranean",823,477151,8,5027
2022-01-19,"PS","occupied Palestinian territory, including east Jerusalem","Eastern Mediterranean",933,478084,4,5031
2022-01-20,"PS","occupied Palestinian territory, including east Jerusalem","Eastern Mediterranean",1259,479343,5,5036
2022-01-21,"PS","occupied Palestinian territory, including east Jerusalem","Eastern Mediterranean",1240,480583,6,5042
2022-01-22,"PS","occupied Palestinian territory, including east Jerusalem","Eastern Mediterranean",1468,482051,5,5047
2022-01-23,"PS","occupied Palestinian territory, including east Jerusalem","Eastern Mediterranean",928,482979,2,5049
2022-01-24,"PS","occupied Palestinian territory, including east Jerusalem","Eastern Mediterranean",2000,484979,7,5056
2022-01-25,"PS","occupied Palestinian territory, including east Jerusalem","Eastern Mediterranean",3620,488599,5,5061
2022-01-26,"PS","occupied Palestinian territory, including east Jerusalem","Eastern Mediterranean",4095,492694,11,5072
2022-01-27,"PS","occupied Palestinian territory, including east Jerusalem","Eastern Mediterranean",7750,500444,2,5074
2022-01-28,"PS","occupied Palestinian territory, including east Jerusalem","Eastern Mediterranean",4548,504992,2,5076
2022-01-29,"PS","occupied Palestinian territory, including east Jerusalem","Eastern Mediterranean",5380,510372,5,5081
2022-01-30,"PS","occupied Palestinian territory, including east Jerusalem","Eastern Mediterranean",5687,516059,6,5087
2022-01-31,"PS","occupied Palestinian territory, including east Jerusalem","Eastern Mediterranean",8657,524716,11,5098
2022-02-01,"PS","occupied Palestinian territory, including east Jerusalem","Eastern Mediterranean",10444,535160,6,5104
2022-02-02,"PS","occupied Palestinian territory, including east Jerusalem","Eastern Mediterranean",11016,546176,12,5116
2022-02-03,"PS","occupied Palestinian territory, including east Jerusalem","Eastern Mediterranean",10374,556550,12,5128
2022-02-04,"PS","occupied Palestinian territory, including east Jerusalem","Eastern Mediterranean",7934,564484,6,5134
2022-02-05,"PS","occupied Palestinian territory, including east Jerusalem","Eastern Mediterranean",6570,571054,10,5144
2022-02-06,"PS","occupied Palestinian territory, including east Jerusalem","Eastern Mediterranean",3051,574105,8,5152
2022-02-07,"PS","occupied Palestinian territory, including east Jerusalem","Eastern Mediterranean",4319,578424,14,5166
2022-02-08,"PS","occupied Palestinian territory, including east Jerusalem","Eastern Mediterranean",7931,586355,15,5181
2022-02-09,"PS","occupied Palestinian territory, including east Jerusalem","Eastern Mediterranean",7682,594037,15,5196
2022-02-10,"PS","occupied Palestinian territory, including east Jerusalem","Eastern Mediterranean",6091,600128,19,5215
2022-02-11,"PS","occupied Palestinian territory, including east Jerusalem","Eastern Mediterranean",5219,605347,20,5235
2022-02-12,"PS","occupied Palestinian territory, including east Jerusalem","Eastern Mediterranean",4040,609387,17,5252
2022-02-13,"PS","occupied Palestinian territory, including east Jerusalem","Eastern Mediterranean",1871,611258,13,5265
2022-02-14,"PS","occupied Palestinian territory, including east Jerusalem","Eastern Mediterranean",2588,613846,18,5283
2022-02-15,"PS","occupied Palestinian territory, including east Jerusalem","Eastern Mediterranean",4681,618527,13,5296
2022-02-16,"PS","occupied Palestinian territory, including east Jerusalem","Eastern Mediterranean",3648,622175,24,5320
2022-02-17,"PS","occupied Palestinian territory, including east Jerusalem","Eastern Mediterranean",2853,625028,19,5339
2022-02-18,"PS","occupied Palestinian territory, including east Jerusalem","Eastern Mediterranean",2928,627956,18,5357
2022-02-19,"PS","occupied Palestinian territory, including east Jerusalem","Eastern Mediterranean",2545,630501,15,5372
2022-02-20,"PS","occupied Palestinian territory, including east Jerusalem","Eastern Mediterranean",1255,631756,19,5391
2022-02-21,"PS","occupied Palestinian territory, including east Jerusalem","Eastern Mediterranean",1928,633684,15,5406
2022-02-22,"PS","occupied Palestinian territory, including east Jerusalem","Eastern Mediterranean",2371,636055,19,5425
2022-02-23,"PS","occupied Palestinian territory, including east Jerusalem","Eastern Mediterranean",2117,638172,14,5439
2022-02-24,"PS","occupied Palestinian territory, including east Jerusalem","Eastern Mediterranean",2042,640214,19,5458
2022-02-25,"PS","occupied Palestinian territory, including east Jerusalem","Eastern Mediterranean",1772,641986,11,5469
2022-02-26,"PS","occupied Palestinian territory, including east Jerusalem","Eastern Mediterranean",1594,643580,17,5486
2022-02-27,"PS","occupied Palestinian territory, including east Jerusalem","Eastern Mediterranean",1057,644637,10,5496
2022-02-28,"PS","occupied Palestinian territory, including east Jerusalem","Eastern Mediterranean",1310,645947,5,5501
2022-03-01,"PS","occupied Palestinian territory, including east Jerusalem","Eastern Mediterranean",1256,647203,12,5513
2022-03-02,"PS","occupied Palestinian territory, including east Jerusalem","Eastern Mediterranean",836,648039,19,5532
2022-03-03,"PS","occupied Palestinian territory, including east Jerusalem","Eastern Mediterranean",1071,649110,10,5542
2022-03-04,"PS","occupied Palestinian territory, including east Jerusalem","Eastern Mediterranean",861,649971,15,5557
2022-03-05,"PS","occupied Palestinian territory, including east Jerusalem","Eastern Mediterranean",797,650768,13,5570
2022-03-06,"PS","occupied Palestinian territory, including east Jerusalem","Eastern Mediterranean",357,651125,7,5577
2021-12-06,"OM","Oman","Eastern Mediterranean",4,304603,0,4113
2021-12-07,"OM","Oman","Eastern Mediterranean",9,304612,0,4113
2021-12-08,"OM","Oman","Eastern Mediterranean",19,304631,0,4113
2021-12-09,"OM","Oman","Eastern Mediterranean",23,304654,0,4113
2021-12-10,"OM","Oman","Eastern Mediterranean",25,304679,0,4113
2021-12-11,"OM","Oman","Eastern Mediterranean",13,304692,0,4113
2021-12-12,"OM","Oman","Eastern Mediterranean",11,304703,0,4113
2021-12-13,"OM","Oman","Eastern Mediterranean",11,304714,0,4113
2021-12-14,"OM","Oman","Eastern Mediterranean",10,304724,0,4113
2021-12-15,"OM","Oman","Eastern Mediterranean",17,304741,0,4113
2021-12-16,"OM","Oman","Eastern Mediterranean",20,304761,0,4113
2021-12-17,"OM","Oman","Eastern Mediterranean",22,304783,0,4113
2021-12-18,"OM","Oman","Eastern Mediterranean",24,304807,0,4113
2021-12-19,"OM","Oman","Eastern Mediterranean",22,304829,0,4113
2021-12-20,"OM","Oman","Eastern Mediterranean",14,304843,0,4113
2021-12-21,"OM","Oman","Eastern Mediterranean",31,304874,0,4113
2021-12-22,"OM","Oman","Eastern Mediterranean",22,304896,0,4113
2021-12-23,"OM","Oman","Eastern Mediterranean",42,304938,0,4113
2021-12-24,"OM","Oman","Eastern Mediterranean",46,304984,0,4113
2021-12-25,"OM","Oman","Eastern Mediterranean",43,305027,0,4113
2021-12-26,"OM","Oman","Eastern Mediterranean",31,305058,0,4113
2021-12-27,"OM","Oman","Eastern Mediterranean",47,305105,1,4114
2021-12-28,"OM","Oman","Eastern Mediterranean",69,305174,0,4114
2021-12-29,"OM","Oman","Eastern Mediterranean",79,305253,0,4114
2021-12-30,"OM","Oman","Eastern Mediterranean",104,305357,2,4116
2021-12-31,"OM","Oman","Eastern Mediterranean",132,305489,0,4116
2022-01-01,"OM","Oman","Eastern Mediterranean",0,305489,0,4116
2022-01-02,"OM","Oman","Eastern Mediterranean",0,305489,0,4116
2022-01-03,"OM","Oman","Eastern Mediterranean",343,305832,1,4117
2022-01-04,"OM","Oman","Eastern Mediterranean",176,306008,0,4117
2022-01-05,"OM","Oman","Eastern Mediterranean",232,306240,0,4117
2022-01-06,"OM","Oman","Eastern Mediterranean",252,306492,0,4117
2022-01-07,"OM","Oman","Eastern Mediterranean",606,307098,0,4117
2022-01-08,"OM","Oman","Eastern Mediterranean",251,307349,0,4117
2022-01-09,"OM","Oman","Eastern Mediterranean",373,307722,1,4118
2022-01-10,"OM","Oman","Eastern Mediterranean",0,307722,0,4118
2022-01-11,"OM","Oman","Eastern Mediterranean",539,308261,1,4119
2022-01-12,"OM","Oman","Eastern Mediterranean",609,308870,0,4119
2022-01-13,"OM","Oman","Eastern Mediterranean",718,309588,0,4119
2022-01-14,"OM","Oman","Eastern Mediterranean",750,310338,0,4119
2022-01-15,"OM","Oman","Eastern Mediterranean",755,311093,0,4119
2022-01-16,"OM","Oman","Eastern Mediterranean",605,311698,0,4119
2022-01-17,"OM","Oman","Eastern Mediterranean",727,312425,3,4122
2022-01-18,"OM","Oman","Eastern Mediterranean",1113,313538,0,4122
2022-01-19,"OM","Oman","Eastern Mediterranean",1315,314853,0,4122
2022-01-20,"OM","Oman","Eastern Mediterranean",1619,316472,2,4124
2022-01-21,"OM","Oman","Eastern Mediterranean",1800,318272,1,4125
2022-01-22,"OM","Oman","Eastern Mediterranean",1708,319980,0,4125
2022-01-23,"OM","Oman","Eastern Mediterranean",1143,321123,0,4125
2022-01-24,"OM","Oman","Eastern Mediterranean",1315,322438,3,4128
2022-01-25,"OM","Oman","Eastern Mediterranean",1647,324085,1,4129
2022-01-26,"OM","Oman","Eastern Mediterranean",2079,326164,1,4130
2022-01-27,"OM","Oman","Eastern Mediterranean",2162,328326,3,4133
2022-01-28,"OM","Oman","Eastern Mediterranean",2441,330767,1,4134
2022-01-29,"OM","Oman","Eastern Mediterranean",0,330767,0,4134
2022-01-30,"OM","Oman","Eastern Mediterranean",0,330767,0,4134
2022-01-31,"OM","Oman","Eastern Mediterranean",5693,336460,9,4143
2022-02-01,"OM","Oman","Eastern Mediterranean",2420,338880,3,4146
2022-02-02,"OM","Oman","Eastern Mediterranean",2828,341708,2,4148
2022-02-03,"OM","Oman","Eastern Mediterranean",2335,344043,5,4153
2022-02-04,"OM","Oman","Eastern Mediterranean",1998,346041,5,4158
2022-02-05,"OM","Oman","Eastern Mediterranean",0,346041,0,4158
2022-02-06,"OM","Oman","Eastern Mediterranean",0,346041,0,4158
2022-02-07,"OM","Oman","Eastern Mediterranean",6146,352187,14,4172
2022-02-08,"OM","Oman","Eastern Mediterranean",2410,354597,8,4180
2022-02-09,"OM","Oman","Eastern Mediterranean",2303,356900,8,4188
2022-02-10,"OM","Oman","Eastern Mediterranean",2356,359256,2,4190
2022-02-11,"OM","Oman","Eastern Mediterranean",1743,360999,5,4195
2022-02-12,"OM","Oman","Eastern Mediterranean",2064,363063,0,4195
2022-02-13,"OM","Oman","Eastern Mediterranean",1295,364358,0,4195
2022-02-14,"OM","Oman","Eastern Mediterranean",1342,365700,13,4208
2022-02-15,"OM","Oman","Eastern Mediterranean",1979,367679,3,4211
2022-02-16,"OM","Oman","Eastern Mediterranean",1511,369190,5,4216
2022-02-17,"OM","Oman","Eastern Mediterranean",1430,370620,5,4221
2022-02-18,"OM","Oman","Eastern Mediterranean",1440,372060,4,4225
2022-02-19,"OM","Oman","Eastern Mediterranean",0,372060,0,4225
2022-02-20,"OM","Oman","Eastern Mediterranean",0,372060,0,4225
2022-02-21,"OM","Oman","Eastern Mediterranean",3628,375688,6,4231
2022-02-22,"OM","Oman","Eastern Mediterranean",1036,376724,3,4234
2022-02-23,"OM","Oman","Eastern Mediterranean",1224,377948,4,4238
2022-02-24,"OM","Oman","Eastern Mediterranean",974,378922,0,4238
2022-02-25,"OM","Oman","Eastern Mediterranean",696,379618,0,4238
2022-02-26,"OM","Oman","Eastern Mediterranean",0,379618,0,4238
2022-02-27,"OM","Oman","Eastern Mediterranean",0,379618,0,4238
2022-02-28,"OM","Oman","Eastern Mediterranean",1763,381381,4,4242
2022-03-01,"OM","Oman","Eastern Mediterranean",863,382244,2,4244
2022-03-02,"OM","Oman","Eastern Mediterranean",733,382977,0,4244
2022-03-03,"OM","Oman","Eastern Mediterranean",412,383389,2,4246
2022-03-04,"OM","Oman","Eastern Mediterranean",485,383874,2,4248
2022-03-05,"OM","Oman","Eastern Mediterranean",432,384306,0,4248
2022-03-06,"OM","Oman","Eastern Mediterranean",216,384522,0,4248
2021-12-06,"PK","Pakistan","Eastern Mediterranean",372,1286825,6,28767
2021-12-07,"PK","Pakistan","Eastern Mediterranean",336,1287161,10,28777
2021-12-08,"PK","Pakistan","Eastern Mediterranean",232,1287393,7,28784
2021-12-09,"PK","Pakistan","Eastern Mediterranean",310,1287703,9,28793
2021-12-10,"PK","Pakistan","Eastern Mediterranean",350,1288053,10,28803
2021-12-11,"PK","Pakistan","Eastern Mediterranean",313,1288366,9,28812
2021-12-12,"PK","Pakistan","Eastern Mediterranean",395,1288761,11,28823
2021-12-13,"PK","Pakistan","Eastern Mediterranean",288,1289049,7,28830
2021-12-14,"PK","Pakistan","Eastern Mediterranean",244,1289293,6,28836
2021-12-15,"PK","Pakistan","Eastern Mediterranean",250,1289543,3,28839
2021-12-16,"PK","Pakistan","Eastern Mediterranean",370,1289913,4,28843
2021-12-17,"PK","Pakistan","Eastern Mediterranean",301,1290214,6,28849
2021-12-18,"PK","Pakistan","Eastern Mediterranean",277,1290491,14,28863
2021-12-19,"PK","Pakistan","Eastern Mediterranean",357,1290848,7,28870
2021-12-20,"PK","Pakistan","Eastern Mediterranean",260,1291108,2,28872
2021-12-21,"PK","Pakistan","Eastern Mediterranean",359,1291467,6,28878
2021-12-22,"PK","Pakistan","Eastern Mediterranean",270,1291737,4,28882
2021-12-23,"PK","Pakistan","Eastern Mediterranean",310,1292047,10,28892
2021-12-24,"PK","Pakistan","Eastern Mediterranean",359,1292406,2,28894
2021-12-25,"PK","Pakistan","Eastern Mediterranean",322,1292728,4,28898
2021-12-26,"PK","Pakistan","Eastern Mediterranean",353,1293081,7,28905
2021-12-27,"PK","Pakistan","Eastern Mediterranean",359,1293440,2,28907
2021-12-28,"PK","Pakistan","Eastern Mediterranean",275,1293715,2,28909
2021-12-29,"PK","Pakistan","Eastern Mediterranean",316,1294031,3,28912
2021-12-30,"PK","Pakistan","Eastern Mediterranean",348,1294379,6,28918
2021-12-31,"PK","Pakistan","Eastern Mediterranean",482,1294861,3,28921
2022-01-01,"PK","Pakistan","Eastern Mediterranean",515,1295376,6,28927
2022-01-02,"PK","Pakistan","Eastern Mediterranean",557,1295933,6,28933
2022-01-03,"PK","Pakistan","Eastern Mediterranean",594,1296527,8,28941
2022-01-04,"PK","Pakistan","Eastern Mediterranean",708,1297235,2,28943
2022-01-05,"PK","Pakistan","Eastern Mediterranean",630,1297865,2,28945
2022-01-06,"PK","Pakistan","Eastern Mediterranean",898,1298763,5,28950
2022-01-07,"PK","Pakistan","Eastern Mediterranean",1085,1299848,5,28955
2022-01-08,"PK","Pakistan","Eastern Mediterranean",1293,1301141,6,28961
2022-01-09,"PK","Pakistan","Eastern Mediterranean",1345,1302486,1,28962
2022-01-10,"PK","Pakistan","Eastern Mediterranean",1572,1304058,7,28969
2022-01-11,"PK","Pakistan","Eastern Mediterranean",1649,1305707,3,28972
2022-01-12,"PK","Pakistan","Eastern Mediterranean",1467,1307174,2,28974
2022-01-13,"PK","Pakistan","Eastern Mediterranean",2074,1309248,13,28987
2022-01-14,"PK","Pakistan","Eastern Mediterranean",3019,1312267,5,28992
2022-01-15,"PK","Pakistan","Eastern Mediterranean",3567,1315834,7,28999
2022-01-16,"PK","Pakistan","Eastern Mediterranean",4286,1320120,4,29003
2022-01-17,"PK","Pakistan","Eastern Mediterranean",4027,1324147,9,29012
2022-01-18,"PK","Pakistan","Eastern Mediterranean",4340,1328487,7,29019
2022-01-19,"PK","Pakistan","Eastern Mediterranean",5034,1333521,10,29029
2022-01-20,"PK","Pakistan","Eastern Mediterranean",5472,1338993,8,29037
2022-01-21,"PK","Pakistan","Eastern Mediterranean",6808,1345801,5,29042
2022-01-22,"PK","Pakistan","Eastern Mediterranean",7678,1353479,23,29065
2022-01-23,"PK","Pakistan","Eastern Mediterranean",6540,1360019,12,29077
2022-01-24,"PK","Pakistan","Eastern Mediterranean",7586,1367605,20,29097
2022-01-25,"PK","Pakistan","Eastern Mediterranean",7195,1374800,8,29105
2022-01-26,"PK","Pakistan","Eastern Mediterranean",6352,1381152,17,29122
2022-01-27,"PK","Pakistan","Eastern Mediterranean",5196,1386348,15,29137
2022-01-28,"PK","Pakistan","Eastern Mediterranean",7539,1393887,25,29162
2022-01-29,"PK","Pakistan","Eastern Mediterranean",8183,1402070,30,29192
2022-01-30,"PK","Pakistan","Eastern Mediterranean",7963,1410033,27,29219
2022-01-31,"PK","Pakistan","Eastern Mediterranean",7958,1417991,29,29248
2022-02-01,"PK","Pakistan","Eastern Mediterranean",7048,1425039,21,29269
2022-02-02,"PK","Pakistan","Eastern Mediterranean",5327,1430366,32,29301
2022-02-03,"PK","Pakistan","Eastern Mediterranean",6067,1436433,29,29330
2022-02-04,"PK","Pakistan","Eastern Mediterranean",5853,1442286,42,29372
2022-02-05,"PK","Pakistan","Eastern Mediterranean",6377,1448663,48,29420
2022-02-06,"PK","Pakistan","Eastern Mediterranean",6236,1454899,28,29448
2022-02-07,"PK","Pakistan","Eastern Mediterranean",4874,1459773,30,29478
2022-02-08,"PK","Pakistan","Eastern Mediterranean",3338,1463111,38,29516
2022-02-09,"PK","Pakistan","Eastern Mediterranean",2799,1465910,37,29553
2022-02-10,"PK","Pakistan","Eastern Mediterranean",4251,1470161,48,29601
2022-02-11,"PK","Pakistan","Eastern Mediterranean",3914,1474075,47,29648
2022-02-12,"PK","Pakistan","Eastern Mediterranean",3498,1477573,39,29687
2022-02-13,"PK","Pakistan","Eastern Mediterranean",3019,1480592,44,29731
2022-02-14,"PK","Pakistan","Eastern Mediterranean",3206,1483798,41,29772
2022-02-15,"PK","Pakistan","Eastern Mediterranean",2563,1486361,29,29801
2022-02-16,"PK","Pakistan","Eastern Mediterranean",2597,1488958,27,29828
2022-02-17,"PK","Pakistan","Eastern Mediterranean",2465,1491423,49,29877
2022-02-18,"PK","Pakistan","Eastern Mediterranean",2870,1494293,40,29917
2022-02-19,"PK","Pakistan","Eastern Mediterranean",2400,1496693,33,29950
2022-02-20,"PK","Pakistan","Eastern Mediterranean",1983,1498676,26,29976
2022-02-21,"PK","Pakistan","Eastern Mediterranean",1644,1500320,33,30009
2022-02-22,"PK","Pakistan","Eastern Mediterranean",1360,1501680,31,30040
2022-02-23,"PK","Pakistan","Eastern Mediterranean",961,1502641,13,30053
2022-02-24,"PK","Pakistan","Eastern Mediterranean",1232,1503873,43,30096
2022-02-25,"PK","Pakistan","Eastern Mediterranean",1455,1505328,18,30114
2022-02-26,"PK","Pakistan","Eastern Mediterranean",1122,1506450,25,30139
2022-02-27,"PK","Pakistan","Eastern Mediterranean",1207,1507657,14,30153
2022-02-28,"PK","Pakistan","Eastern Mediterranean",847,1508504,20,30173
2022-03-01,"PK","Pakistan","Eastern Mediterranean",856,1509360,5,30178
2022-03-02,"PK","Pakistan","Eastern Mediterranean",861,1510221,18,30196
2022-03-03,"PK","Pakistan","Eastern Mediterranean",765,1510986,22,30218
2022-03-04,"PK","Pakistan","Eastern Mediterranean",768,1511754,19,30237
2022-03-05,"PK","Pakistan","Eastern Mediterranean",953,1512707,11,30248
2022-03-06,"PK","Pakistan","Eastern Mediterranean",796,1513503,10,30258
2021-12-06,"PW","Palau","Western Pacific",0,8,0,0
2021-12-07,"PW","Palau","Western Pacific",0,8,0,0
2021-12-08,"PW","Palau","Western Pacific",0,8,0,0
2021-12-09,"PW","Palau","Western Pacific",0,8,0,0
2021-12-10,"PW","Palau","Western Pacific",0,8,0,0
2021-12-11,"PW","Palau","Western Pacific",0,8,0,0
2021-12-12,"PW","Palau","Western Pacific",0,8,0,0
2021-12-13,"PW","Palau","Western Pacific",0,8,0,0
2021-12-14,"PW","Palau","Western Pacific",0,8,0,0
2021-12-15,"PW","Palau","Western Pacific",0,8,0,0
2021-12-16,"PW","Palau","Western Pacific",0,8,0,0
2021-12-17,"PW","Palau","Western Pacific",0,8,0,0
2021-12-18,"PW","Palau","Western Pacific",0,8,0,0
2021-12-19,"PW","Palau","Western Pacific",0,8,0,0
2021-12-20,"PW","Palau","Western Pacific",0,8,0,0
2021-12-21,"PW","Palau","Western Pacific",0,8,0,0
2021-12-22,"PW","Palau","Western Pacific",0,8,0,0
2021-12-23,"PW","Palau","Western Pacific",0,8,0,0
2021-12-24,"PW","Palau","Western Pacific",0,8,0,0
2021-12-25,"PW","Palau","Western Pacific",0,8,0,0
2021-12-26,"PW","Palau","Western Pacific",0,8,0,0
2021-12-27,"PW","Palau","Western Pacific",0,8,0,0
2021-12-28,"PW","Palau","Western Pacific",2,10,0,0
2021-12-29,"PW","Palau","Western Pacific",0,10,0,0
2021-12-30,"PW","Palau","Western Pacific",0,10,0,0
2021-12-31,"PW","Palau","Western Pacific",0,10,0,0
2022-01-01,"PW","Palau","Western Pacific",2,12,0,0
2022-01-02,"PW","Palau","Western Pacific",1,13,0,0
2022-01-03,"PW","Palau","Western Pacific",0,13,0,0
2022-01-04,"PW","Palau","Western Pacific",0,13,0,0
2022-01-05,"PW","Palau","Western Pacific",2,15,0,0
2022-01-06,"PW","Palau","Western Pacific",1,16,0,0
2022-01-07,"PW","Palau","Western Pacific",2,18,0,0
2022-01-08,"PW","Palau","Western Pacific",0,18,0,0
2022-01-09,"PW","Palau","Western Pacific",0,18,0,0
2022-01-10,"PW","Palau","Western Pacific",2,20,0,0
2022-01-11,"PW","Palau","Western Pacific",8,28,0,0
2022-01-12,"PW","Palau","Western Pacific",4,32,0,0
2022-01-13,"PW","Palau","Western Pacific",7,39,0,0
2022-01-14,"PW","Palau","Western Pacific",1,40,0,0
2022-01-15,"PW","Palau","Western Pacific",0,40,0,0
2022-01-16,"PW","Palau","Western Pacific",24,64,0,0
2022-01-17,"PW","Palau","Western Pacific",55,119,0,0
2022-01-18,"PW","Palau","Western Pacific",30,149,0,0
2022-01-19,"PW","Palau","Western Pacific",18,167,0,0
2022-01-20,"PW","Palau","Western Pacific",22,189,0,0
2022-01-21,"PW","Palau","Western Pacific",19,208,0,0
2022-01-22,"PW","Palau","Western Pacific",125,333,0,0
2022-01-23,"PW","Palau","Western Pacific",50,383,0,0
2022-01-24,"PW","Palau","Western Pacific",119,502,0,0
2022-01-25,"PW","Palau","Western Pacific",149,651,0,0
2022-01-26,"PW","Palau","Western Pacific",106,757,0,0
2022-01-27,"PW","Palau","Western Pacific",141,898,0,0
2022-01-28,"PW","Palau","Western Pacific",124,1022,0,0
2022-01-29,"PW","Palau","Western Pacific",322,1344,0,0
2022-01-30,"PW","Palau","Western Pacific",60,1404,0,0
2022-01-31,"PW","Palau","Western Pacific",123,1527,0,0
2022-02-01,"PW","Palau","Western Pacific",155,1682,0,0
2022-02-02,"PW","Palau","Western Pacific",168,1850,0,0
2022-02-03,"PW","Palau","Western Pacific",90,1940,0,0
2022-02-04,"PW","Palau","Western Pacific",175,2115,0,0
2022-02-05,"PW","Palau","Western Pacific",237,2352,0,0
2022-02-06,"PW","Palau","Western Pacific",143,2495,0,0
2022-02-07,"PW","Palau","Western Pacific",61,2556,0,0
2022-02-08,"PW","Palau","Western Pacific",160,2716,0,0
2022-02-09,"PW","Palau","Western Pacific",127,2843,0,0
2022-02-10,"PW","Palau","Western Pacific",113,2956,0,0
2022-02-11,"PW","Palau","Western Pacific",89,3045,0,0
2022-02-12,"PW","Palau","Western Pacific",0,3045,0,0
2022-02-13,"PW","Palau","Western Pacific",0,3045,0,0
2022-02-14,"PW","Palau","Western Pacific",88,3133,1,1
2022-02-15,"PW","Palau","Western Pacific",123,3256,3,4
2022-02-16,"PW","Palau","Western Pacific",47,3303,0,4
2022-02-17,"PW","Palau","Western Pacific",72,3375,1,5
2022-02-18,"PW","Palau","Western Pacific",50,3425,0,5
2022-02-19,"PW","Palau","Western Pacific",38,3463,0,5
2022-02-20,"PW","Palau","Western Pacific",0,3463,0,5
2022-02-21,"PW","Palau","Western Pacific",0,3463,0,5
2022-02-22,"PW","Palau","Western Pacific",100,3563,1,6
2022-02-23,"PW","Palau","Western Pacific",64,3627,0,6
2022-02-24,"PW","Palau","Western Pacific",40,3667,0,6
2022-02-25,"PW","Palau","Western Pacific",29,3696,0,6
2022-02-26,"PW","Palau","Western Pacific",30,3726,0,6
2022-02-27,"PW","Palau","Western Pacific",0,3726,0,6
2022-02-28,"PW","Palau","Western Pacific",0,3726,0,6
2022-03-01,"PW","Palau","Western Pacific",55,3781,0,6
2022-03-02,"PW","Palau","Western Pacific",28,3809,0,6
2022-03-03,"PW","Palau","Western Pacific",14,3823,0,6
2022-03-04,"PW","Palau","Western Pacific",0,3823,0,6
2022-03-05,"PW","Palau","Western Pacific",0,3823,0,6
2022-03-06,"PW","Palau","Western Pacific",0,3823,0,6
2021-12-06,"PA","Panama","Americas",288,478831,2,7373
2021-12-07,"PA","Panama","Americas",222,479053,1,7374
2021-12-08,"PA","Panama","Americas",178,479231,1,7375
2021-12-09,"PA","Panama","Americas",332,479563,4,7379
2021-12-10,"PA","Panama","Americas",338,479901,2,7381
2021-12-11,"PA","Panama","Americas",189,480090,1,7382
2021-12-12,"PA","Panama","Americas",0,480090,0,7382
2021-12-13,"PA","Panama","Americas",483,480573,4,7386
2021-12-14,"PA","Panama","Americas",214,480787,0,7386
2021-12-15,"PA","Panama","Americas",269,481056,2,7388
2021-12-16,"PA","Panama","Americas",382,481438,3,7391
2021-12-17,"PA","Panama","Americas",386,481824,3,7394
2021-12-18,"PA","Panama","Americas",406,482230,3,7397
2021-12-19,"PA","Panama","Americas",447,482677,1,7398
2021-12-20,"PA","Panama","Americas",0,482677,0,7398
2021-12-21,"PA","Panama","Americas",709,483386,0,7398
2021-12-22,"PA","Panama","Americas",252,483638,2,7400
2021-12-23,"PA","Panama","Americas",487,484125,5,7405
2021-12-24,"PA","Panama","Americas",668,484793,0,7405
2021-12-25,"PA","Panama","Americas",719,485512,1,7406
2021-12-26,"PA","Panama","Americas",865,486377,3,7409
2021-12-27,"PA","Panama","Americas",827,487204,2,7411
2021-12-28,"PA","Panama","Americas",563,487767,5,7416
2021-12-29,"PA","Panama","Americas",574,488341,2,7418
2021-12-30,"PA","Panama","Americas",1354,489695,3,7421
2021-12-31,"PA","Panama","Americas",1348,491043,4,7425
2022-01-01,"PA","Panama","Americas",2664,493707,2,7427
2022-01-02,"PA","Panama","Americas",2213,495920,1,7428
2022-01-03,"PA","Panama","Americas",1888,497808,2,7430
2022-01-04,"PA","Panama","Americas",977,498785,3,7433
2022-01-05,"PA","Panama","Americas",1363,500148,7,7440
2022-01-06,"PA","Panama","Americas",3259,503407,5,7445
2022-01-07,"PA","Panama","Americas",4372,507779,0,7445
2022-01-08,"PA","Panama","Americas",4623,512402,4,7449
2022-01-09,"PA","Panama","Americas",5043,517445,4,7453
2022-01-10,"PA","Panama","Americas",4804,522249,5,7458
2022-01-11,"PA","Panama","Americas",4066,526315,7,7465
2022-01-12,"PA","Panama","Americas",3139,529454,4,7469
2022-01-13,"PA","Panama","Americas",4105,533559,10,7479
2022-01-14,"PA","Panama","Americas",6513,540072,7,7486
2022-01-15,"PA","Panama","Americas",0,540072,0,7486
2022-01-16,"PA","Panama","Americas",18604,558676,14,7500
2022-01-17,"PA","Panama","Americas",8902,567578,11,7511
2022-01-18,"PA","Panama","Americas",7278,574856,9,7520
2022-01-19,"PA","Panama","Americas",5468,580324,8,7528
2022-01-20,"PA","Panama","Americas",11519,591843,17,7545
2022-01-21,"PA","Panama","Americas",10763,602606,9,7554
2022-01-22,"PA","Panama","Americas",12351,614957,11,7565
2022-01-23,"PA","Panama","Americas",11933,626890,9,7574
2022-01-24,"PA","Panama","Americas",10629,637519,9,7583
2022-01-25,"PA","Panama","Americas",7164,644683,15,7598
2022-01-26,"PA","Panama","Americas",5455,650138,11,7609
2022-01-27,"PA","Panama","Americas",0,650138,0,7609
2022-01-28,"PA","Panama","Americas",19722,669860,36,7645
2022-01-29,"PA","Panama","Americas",8268,678128,11,7656
2022-01-30,"PA","Panama","Americas",7502,685630,24,7680
2022-01-31,"PA","Panama","Americas",7004,692634,18,7698
2022-02-01,"PA","Panama","Americas",4490,697124,18,7716
2022-02-02,"PA","Panama","Americas",3150,700274,16,7732
2022-02-03,"PA","Panama","Americas",5606,705880,20,7752
2022-02-04,"PA","Panama","Americas",5811,711691,21,7773
2022-02-05,"PA","Panama","Americas",5480,717171,15,7788
2022-02-06,"PA","Panama","Americas",4308,721479,25,7813
2022-02-07,"PA","Panama","Americas",3589,725068,11,7824
2022-02-08,"PA","Panama","Americas",2345,727413,20,7844
2022-02-09,"PA","Panama","Americas",1614,729027,16,7860
2022-02-10,"PA","Panama","Americas",3180,732207,26,7886
2022-02-11,"PA","Panama","Americas",3028,735235,12,7898
2022-02-12,"PA","Panama","Americas",2424,737659,11,7909
2022-02-13,"PA","Panama","Americas",2111,739770,17,7926
2022-02-14,"PA","Panama","Americas",1881,741651,12,7938
2022-02-15,"PA","Panama","Americas",1203,742854,12,7950
2022-02-16,"PA","Panama","Americas",799,743653,10,7960
2022-02-17,"PA","Panama","Americas",1714,745367,10,7970
2022-02-18,"PA","Panama","Americas",1328,746695,17,7987
2022-02-19,"PA","Panama","Americas",1221,747916,6,7993
2022-02-20,"PA","Panama","Americas",1219,749135,7,8000
2022-02-21,"PA","Panama","Americas",952,750087,10,8010
2022-02-22,"PA","Panama","Americas",673,750760,9,8019
2022-02-23,"PA","Panama","Americas",481,751241,10,8029
2022-02-24,"PA","Panama","Americas",932,752173,7,8036
2022-02-25,"PA","Panama","Americas",734,752907,11,8047
2022-02-26,"PA","Panama","Americas",787,753694,11,8058
2022-02-27,"PA","Panama","Americas",668,754362,5,8063
2022-02-28,"PA","Panama","Americas",543,754905,10,8073
2022-03-01,"PA","Panama","Americas",357,755262,6,8079
2022-03-02,"PA","Panama","Americas",236,755498,4,8083
2022-03-03,"PA","Panama","Americas",355,755853,10,8093
2022-03-04,"PA","Panama","Americas",232,756085,5,8098
2022-03-05,"PA","Panama","Americas",454,756539,3,8101
2022-03-06,"PA","Panama","Americas",522,757061,5,8106
2021-12-06,"PG","Papua New Guinea","Western Pacific",33,35571,0,550
2021-12-07,"PG","Papua New Guinea","Western Pacific",91,35662,23,573
2021-12-08,"PG","Papua New Guinea","Western Pacific",40,35702,0,573
2021-12-09,"PG","Papua New Guinea","Western Pacific",133,35835,0,573
2021-12-10,"PG","Papua New Guinea","Western Pacific",54,35889,0,573
2021-12-11,"PG","Papua New Guinea","Western Pacific",38,35927,13,586
2021-12-12,"PG","Papua New Guinea","Western Pacific",10,35937,0,586
2021-12-13,"PG","Papua New Guinea","Western Pacific",0,35937,0,586
2021-12-14,"PG","Papua New Guinea","Western Pacific",19,35956,1,587
2021-12-15,"PG","Papua New Guinea","Western Pacific",6,35962,0,587
2021-12-16,"PG","Papua New Guinea","Western Pacific",31,35993,0,587
2021-12-17,"PG","Papua New Guinea","Western Pacific",11,36004,2,589
2021-12-18,"PG","Papua New Guinea","Western Pacific",0,36004,0,589
2021-12-19,"PG","Papua New Guinea","Western Pacific",0,36004,0,589
2021-12-20,"PG","Papua New Guinea","Western Pacific",2,36006,0,589
2021-12-21,"PG","Papua New Guinea","Western Pacific",0,36006,0,589
2021-12-22,"PG","Papua New Guinea","Western Pacific",19,36025,0,589
2021-12-23,"PG","Papua New Guinea","Western Pacific",68,36093,0,589
2021-12-24,"PG","Papua New Guinea","Western Pacific",17,36110,0,589
2021-12-25,"PG","Papua New Guinea","Western Pacific",14,36124,1,590
2021-12-26,"PG","Papua New Guinea","Western Pacific",6,36130,0,590
2021-12-27,"PG","Papua New Guinea","Western Pacific",0,36130,0,590
2021-12-28,"PG","Papua New Guinea","Western Pacific",0,36130,0,590
2021-12-29,"PG","Papua New Guinea","Western Pacific",7,36137,0,590
2021-12-30,"PG","Papua New Guinea","Western Pacific",21,36158,0,590
2021-12-31,"PG","Papua New Guinea","Western Pacific",0,36158,0,590
2022-01-01,"PG","Papua New Guinea","Western Pacific",32,36190,0,590
2022-01-02,"PG","Papua New Guinea","Western Pacific",0,36190,0,590
2022-01-03,"PG","Papua New Guinea","Western Pacific",2,36192,0,590
2022-01-04,"PG","Papua New Guinea","Western Pacific",1,36193,0,590
2022-01-05,"PG","Papua New Guinea","Western Pacific",3,36196,0,590
2022-01-06,"PG","Papua New Guinea","Western Pacific",89,36285,1,591
2022-01-07,"PG","Papua New Guinea","Western Pacific",41,36326,0,591
2022-01-08,"PG","Papua New Guinea","Western Pacific",31,36357,0,591
2022-01-09,"PG","Papua New Guinea","Western Pacific",46,36403,0,591
2022-01-10,"PG","Papua New Guinea","Western Pacific",4,36407,0,591
2022-01-11,"PG","Papua New Guinea","Western Pacific",8,36415,4,595
2022-01-12,"PG","Papua New Guinea","Western Pacific",14,36429,0,595
2022-01-13,"PG","Papua New Guinea","Western Pacific",3,36432,0,595
2022-01-14,"PG","Papua New Guinea","Western Pacific",3,36435,1,596
2022-01-15,"PG","Papua New Guinea","Western Pacific",1,36436,0,596
2022-01-16,"PG","Papua New Guinea","Western Pacific",10,36446,0,596
2022-01-17,"PG","Papua New Guinea","Western Pacific",0,36446,0,596
2022-01-18,"PG","Papua New Guinea","Western Pacific",0,36446,0,596
2022-01-19,"PG","Papua New Guinea","Western Pacific",9,36455,1,597
2022-01-20,"PG","Papua New Guinea","Western Pacific",25,36480,0,597
2022-01-21,"PG","Papua New Guinea","Western Pacific",0,36480,0,597
2022-01-22,"PG","Papua New Guinea","Western Pacific",0,36480,0,597
2022-01-23,"PG","Papua New Guinea","Western Pacific",47,36527,0,597
2022-01-24,"PG","Papua New Guinea","Western Pacific",21,36548,0,597
2022-01-25,"PG","Papua New Guinea","Western Pacific",0,36548,0,597
2022-01-26,"PG","Papua New Guinea","Western Pacific",22,36570,0,597
2022-01-27,"PG","Papua New Guinea","Western Pacific",139,36709,0,597
2022-01-28,"PG","Papua New Guinea","Western Pacific",157,36866,0,597
2022-01-29,"PG","Papua New Guinea","Western Pacific",0,36866,0,597
2022-01-30,"PG","Papua New Guinea","Western Pacific",0,36866,0,597
2022-01-31,"PG","Papua New Guinea","Western Pacific",279,37145,0,597
2022-02-01,"PG","Papua New Guinea","Western Pacific",125,37270,0,597
2022-02-02,"PG","Papua New Guinea","Western Pacific",120,37390,0,597
2022-02-03,"PG","Papua New Guinea","Western Pacific",0,37390,0,597
2022-02-04,"PG","Papua New Guinea","Western Pacific",0,37390,0,597
2022-02-05,"PG","Papua New Guinea","Western Pacific",0,37390,0,597
2022-02-06,"PG","Papua New Guinea","Western Pacific",276,37666,0,597
2022-02-07,"PG","Papua New Guinea","Western Pacific",66,37732,0,597
2022-02-08,"PG","Papua New Guinea","Western Pacific",56,37788,0,597
2022-02-09,"PG","Papua New Guinea","Western Pacific",195,37983,8,605
2022-02-10,"PG","Papua New Guinea","Western Pacific",239,38222,5,610
2022-02-11,"PG","Papua New Guinea","Western Pacific",107,38329,0,610
2022-02-12,"PG","Papua New Guinea","Western Pacific",152,38481,0,610
2022-02-13,"PG","Papua New Guinea","Western Pacific",158,38639,0,610
2022-02-14,"PG","Papua New Guinea","Western Pacific",32,38671,0,610
2022-02-15,"PG","Papua New Guinea","Western Pacific",162,38833,0,610
2022-02-16,"PG","Papua New Guinea","Western Pacific",202,39035,18,628
2022-02-17,"PG","Papua New Guinea","Western Pacific",212,39247,0,628
2022-02-18,"PG","Papua New Guinea","Western Pacific",333,39580,0,628
2022-02-19,"PG","Papua New Guinea","Western Pacific",329,39909,8,636
2022-02-20,"PG","Papua New Guinea","Western Pacific",0,39909,0,636
2022-02-21,"PG","Papua New Guinea","Western Pacific",195,40104,0,636
2022-02-22,"PG","Papua New Guinea","Western Pacific",345,40449,0,636
2022-02-23,"PG","Papua New Guinea","Western Pacific",172,40621,0,636
2022-02-24,"PG","Papua New Guinea","Western Pacific",127,40748,2,638
2022-02-25,"PG","Papua New Guinea","Western Pacific",290,41038,0,638
2022-02-26,"PG","Papua New Guinea","Western Pacific",0,41038,0,638
2022-02-27,"PG","Papua New Guinea","Western Pacific",233,41271,0,638
2022-02-28,"PG","Papua New Guinea","Western Pacific",19,41290,0,638
2022-03-01,"PG","Papua New Guinea","Western Pacific",12,41302,0,638
2022-03-02,"PG","Papua New Guinea","Western Pacific",33,41335,0,638
2022-03-03,"PG","Papua New Guinea","Western Pacific",86,41421,0,638
2022-03-04,"PG","Papua New Guinea","Western Pacific",112,41533,1,639
2022-03-05,"PG","Papua New Guinea","Western Pacific",0,41533,0,639
2022-03-06,"PG","Papua New Guinea","Western Pacific",0,41533,0,639
2021-12-06,"PY","Paraguay","Americas",55,463315,1,16477
2021-12-07,"PY","Paraguay","Americas",57,463372,1,16478
2021-12-08,"PY","Paraguay","Americas",55,463427,1,16479
2021-12-09,"PY","Paraguay","Americas",52,463479,5,16484
2021-12-10,"PY","Paraguay","Americas",73,463552,4,16488
2021-12-11,"PY","Paraguay","Americas",28,463580,4,16492
2021-12-12,"PY","Paraguay","Americas",70,463650,8,16500
2021-12-13,"PY","Paraguay","Americas",57,463707,2,16502
2021-12-14,"PY","Paraguay","Americas",48,463755,3,16505
2021-12-15,"PY","Paraguay","Americas",73,463828,8,16513
2021-12-16,"PY","Paraguay","Americas",98,463926,3,16516
2021-12-17,"PY","Paraguay","Americas",78,464004,1,16517
2021-12-18,"PY","Paraguay","Americas",92,464096,6,16523
2021-12-19,"PY","Paraguay","Americas",430,464526,45,16568
2021-12-20,"PY","Paraguay","Americas",56,464582,2,16570
2021-12-21,"PY","Paraguay","Americas",48,464630,5,16575
2021-12-22,"PY","Paraguay","Americas",73,464703,8,16583
2021-12-23,"PY","Paraguay","Americas",90,464793,5,16588
2021-12-24,"PY","Paraguay","Americas",102,464895,5,16593
2021-12-25,"PY","Paraguay","Americas",133,465028,3,16596
2021-12-26,"PY","Paraguay","Americas",102,465130,2,16598
2021-12-27,"PY","Paraguay","Americas",103,465233,1,16599
2021-12-28,"PY","Paraguay","Americas",105,465338,2,16601
2021-12-29,"PY","Paraguay","Americas",226,465564,6,16607
2021-12-30,"PY","Paraguay","Americas",260,465824,9,16616
2021-12-31,"PY","Paraguay","Americas",277,466101,8,16624
2022-01-01,"PY","Paraguay","Americas",1924,468025,5,16629
2022-01-02,"PY","Paraguay","Americas",321,468346,2,16631
2022-01-03,"PY","Paraguay","Americas",0,468346,0,16631
2022-01-04,"PY","Paraguay","Americas",587,468933,6,16637
2022-01-05,"PY","Paraguay","Americas",590,469523,5,16642
2022-01-06,"PY","Paraguay","Americas",937,470460,3,16645
2022-01-07,"PY","Paraguay","Americas",974,471434,8,16653
2022-01-08,"PY","Paraguay","Americas",1239,472673,5,16658
2022-01-09,"PY","Paraguay","Americas",1664,474337,4,16662
2022-01-10,"PY","Paraguay","Americas",1349,475686,8,16670
2022-01-11,"PY","Paraguay","Americas",1206,476892,3,16673
2022-01-12,"PY","Paraguay","Americas",3079,479971,11,16684
2022-01-13,"PY","Paraguay","Americas",2535,482506,5,16689
2022-01-14,"PY","Paraguay","Americas",4017,486523,8,16697
2022-01-15,"PY","Paraguay","Americas",3366,489889,14,16711
2022-01-16,"PY","Paraguay","Americas",4145,494034,9,16720
2022-01-17,"PY","Paraguay","Americas",3302,497336,92,16812
2022-01-18,"PY","Paraguay","Americas",3853,501189,9,16821
2022-01-19,"PY","Paraguay","Americas",3191,504380,23,16844
2022-01-20,"PY","Paraguay","Americas",5415,509795,22,16866
2022-01-21,"PY","Paraguay","Americas",6760,516555,21,16887
2022-01-22,"PY","Paraguay","Americas",6770,523325,25,16912
2022-01-23,"PY","Paraguay","Americas",5353,528678,23,16935
2022-01-24,"PY","Paraguay","Americas",3970,532648,18,16953
2022-01-25,"PY","Paraguay","Americas",4329,536977,17,16970
2022-01-26,"PY","Paraguay","Americas",5411,542388,39,17009
2022-01-27,"PY","Paraguay","Americas",5864,548252,45,17054
2022-01-28,"PY","Paraguay","Americas",5930,554182,58,17112
2022-01-29,"PY","Paraguay","Americas",5724,559906,64,17176
2022-01-30,"PY","Paraguay","Americas",5462,565368,36,17212
2022-01-31,"PY","Paraguay","Americas",5101,570469,19,17231
2022-02-01,"PY","Paraguay","Americas",6340,576809,29,17260
2022-02-02,"PY","Paraguay","Americas",6853,583662,61,17321
2022-02-03,"PY","Paraguay","Americas",5656,589318,65,17386
2022-02-04,"PY","Paraguay","Americas",5112,594430,40,17426
2022-02-05,"PY","Paraguay","Americas",3740,598170,50,17476
2022-02-06,"PY","Paraguay","Americas",3646,601816,39,17515
2022-02-07,"PY","Paraguay","Americas",3189,605005,43,17558
2022-02-08,"PY","Paraguay","Americas",2942,607947,47,17605
2022-02-09,"PY","Paraguay","Americas",2260,610207,48,17653
2022-02-10,"PY","Paraguay","Americas",2686,612893,51,17704
2022-02-11,"PY","Paraguay","Americas",3018,615911,47,17751
2022-02-12,"PY","Paraguay","Americas",2904,618815,50,17801
2022-02-13,"PY","Paraguay","Americas",1893,620708,43,17844
2022-02-14,"PY","Paraguay","Americas",1877,622585,38,17882
2022-02-15,"PY","Paraguay","Americas",1890,624475,23,17905
2022-02-16,"PY","Paraguay","Americas",1880,626355,59,17964
2022-02-17,"PY","Paraguay","Americas",2219,628574,63,18027
2022-02-18,"PY","Paraguay","Americas",2144,630718,52,18079
2022-02-19,"PY","Paraguay","Americas",1726,632444,37,18116
2022-02-20,"PY","Paraguay","Americas",1289,633733,31,18147
2022-02-21,"PY","Paraguay","Americas",1047,634780,44,18191
2022-02-22,"PY","Paraguay","Americas",811,635591,8,18199
2022-02-23,"PY","Paraguay","Americas",929,636520,38,18237
2022-02-24,"PY","Paraguay","Americas",705,637225,22,18259
2022-02-25,"PY","Paraguay","Americas",928,638153,22,18281
2022-02-26,"PY","Paraguay","Americas",925,639078,34,18315
2022-02-27,"PY","Paraguay","Americas",735,639813,18,18333
2022-02-28,"PY","Paraguay","Americas",739,640552,13,18346
2022-03-01,"PY","Paraguay","Americas",769,641321,13,18359
2022-03-02,"PY","Paraguay","Americas",446,641767,8,18367
2022-03-03,"PY","Paraguay","Americas",417,642184,25,18392
2022-03-04,"PY","Paraguay","Americas",389,642573,30,18422
2022-03-05,"PY","Paraguay","Americas",409,642982,18,18440
2022-03-06,"PY","Paraguay","Americas",360,643342,14,18454
2021-12-06,"PE","Peru","Americas",1619,2242646,34,201360
2021-12-07,"PE","Peru","Americas",769,2243415,19,201379
2021-12-08,"PE","Peru","Americas",1731,2245146,42,201421
2021-12-09,"PE","Peru","Americas",1487,2246633,29,201450
2021-12-10,"PE","Peru","Americas",1814,2248447,40,201490
2021-12-11,"PE","Peru","Americas",1224,2249671,37,201527
2021-12-12,"PE","Peru","Americas",1356,2251027,123,201650
2021-12-13,"PE","Peru","Americas",1819,2252846,83,201733
2021-12-14,"PE","Peru","Americas",1527,2254373,37,201770
2021-12-15,"PE","Peru","Americas",945,2255318,78,201848
2021-12-16,"PE","Peru","Americas",1478,2256796,54,201902
2021-12-17,"PE","Peru","Americas",1660,2258456,90,201992
2021-12-18,"PE","Peru","Americas",1724,2260180,84,202076
2021-12-19,"PE","Peru","Americas",1703,2261883,44,202120
2021-12-20,"PE","Peru","Americas",1856,2263739,34,202154
2021-12-21,"PE","Peru","Americas",1581,2265320,71,202225
2021-12-22,"PE","Peru","Americas",885,2266205,70,202295
2021-12-23,"PE","Peru","Americas",1510,2267715,43,202338
2021-12-24,"PE","Peru","Americas",1782,2269497,37,202375
2021-12-25,"PE","Peru","Americas",2052,2271549,49,202424
2021-12-26,"PE","Peru","Americas",1336,2272885,30,202454
2021-12-27,"PE","Peru","Americas",5922,2278807,34,202488
2021-12-28,"PE","Peru","Americas",492,2279299,36,202524
2021-12-29,"PE","Peru","Americas",2063,2281362,26,202550
2021-12-30,"PE","Peru","Americas",2112,2283474,34,202584
2021-12-31,"PE","Peru","Americas",4020,2287494,0,202584
2022-01-01,"PE","Peru","Americas",4760,2292254,69,202653
2022-01-02,"PE","Peru","Americas",4577,2296831,37,202690
2022-01-03,"PE","Peru","Americas",4346,2301177,51,202741
2022-01-04,"PE","Peru","Americas",1501,2302678,41,202782
2022-01-05,"PE","Peru","Americas",1996,2304674,36,202818
2022-01-06,"PE","Peru","Americas",5182,2309856,49,202867
2022-01-07,"PE","Peru","Americas",8687,2318543,37,202904
2022-01-08,"PE","Peru","Americas",11174,2329717,30,202934
2022-01-09,"PE","Peru","Americas",12833,2342550,47,202981
2022-01-10,"PE","Peru","Americas",16135,2358685,38,203019
2022-01-11,"PE","Peru","Americas",17128,2375813,48,203067
2022-01-12,"PE","Peru","Americas",12476,2388289,30,203097
2022-01-13,"PE","Peru","Americas",24288,2412577,60,203157
2022-01-14,"PE","Peru","Americas",27772,2440349,36,203193
2022-01-15,"PE","Peru","Americas",33360,2473709,62,203255
2022-01-16,"PE","Peru","Americas",39080,2512789,47,203302
2022-01-17,"PE","Peru","Americas",49745,2562534,74,203376
2022-01-18,"PE","Peru","Americas",43592,2606126,88,203464
2022-01-19,"PE","Peru","Americas",25700,2631826,86,203550
2022-01-20,"PE","Peru","Americas",36398,2668224,95,203645
2022-01-21,"PE","Peru","Americas",54942,2723166,105,203750
2022-01-22,"PE","Peru","Americas",56883,2780049,118,203868
2022-01-23,"PE","Peru","Americas",59470,2839519,126,203994
2022-01-24,"PE","Peru","Americas",54696,2894215,147,204141
2022-01-25,"PE","Peru","Americas",51936,2946151,182,204323
2022-01-26,"PE","Peru","Americas",30109,2976260,81,204404
2022-01-27,"PE","Peru","Americas",44496,3020756,183,204587
2022-01-28,"PE","Peru","Americas",49601,3070357,182,204769
2022-01-29,"PE","Peru","Americas",50044,3120401,171,204940
2022-01-30,"PE","Peru","Americas",40331,3160732,172,205112
2022-01-31,"PE","Peru","Americas",35756,3196488,235,205347
2022-02-01,"PE","Peru","Americas",27918,3224406,158,205505
2022-02-02,"PE","Peru","Americas",15132,3239538,329,205834
2022-02-03,"PE","Peru","Americas",22627,3262165,151,205985
2022-02-04,"PE","Peru","Americas",23986,3286151,235,206220
2022-02-05,"PE","Peru","Americas",22542,3308693,186,206406
2022-02-06,"PE","Peru","Americas",22597,3331290,240,206646
2022-02-07,"PE","Peru","Americas",18008,3349298,245,206891
2022-02-08,"PE","Peru","Americas",14191,3363489,93,206984
2022-02-09,"PE","Peru","Americas",9406,3372895,130,207114
2022-02-10,"PE","Peru","Americas",11651,3384546,198,207312
2022-02-11,"PE","Peru","Americas",13091,3397637,224,207536
2022-02-12,"PE","Peru","Americas",13564,3411201,201,207737
2022-02-13,"PE","Peru","Americas",13693,3424894,228,207965
2022-02-14,"PE","Peru","Americas",10859,3435753,155,208120
2022-02-15,"PE","Peru","Americas",9927,3445680,261,208381
2022-02-16,"PE","Peru","Americas",4032,3449712,85,208466
2022-02-17,"PE","Peru","Americas",7077,3456789,156,208622
2022-02-18,"PE","Peru","Americas",9520,3466309,167,208789
2022-02-19,"PE","Peru","Americas",8656,3474965,175,208964
2022-02-20,"PE","Peru","Americas",6787,3481752,146,209110
2022-02-21,"PE","Peru","Americas",9236,3490988,188,209298
2022-02-22,"PE","Peru","Americas",5021,3496009,170,209468
2022-02-23,"PE","Peru","Americas",1887,3497896,173,209641
2022-02-24,"PE","Peru","Americas",2984,3500880,167,209808
2022-02-25,"PE","Peru","Americas",3012,3503892,119,209927
2022-02-26,"PE","Peru","Americas",2183,3506075,189,210116
2022-02-27,"PE","Peru","Americas",2567,3508642,113,210229
2022-02-28,"PE","Peru","Americas",3762,3512404,178,210407
2022-03-01,"PE","Peru","Americas",3860,3516264,131,210538
2022-03-02,"PE","Peru","Americas",996,3517260,134,210672
2022-03-03,"PE","Peru","Americas",1461,3518721,72,210744
2022-03-04,"PE","Peru","Americas",1883,3520604,107,210851
2022-03-05,"PE","Peru","Americas",1880,3522484,56,210907
2022-03-06,"PE","Peru","Americas",2020,3524504,88,210995
2021-12-06,"PH","Philippines","Western Pacific",439,2834611,156,49386
2021-12-07,"PH","Philippines","Western Pacific",378,2834989,113,49499
2021-12-08,"PH","Philippines","Western Pacific",234,2835223,92,49591
2021-12-09,"PH","Philippines","Western Pacific",211,2835434,170,49761
2021-12-10,"PH","Philippines","Western Pacific",562,2835996,175,49936
2021-12-11,"PH","Philippines","Western Pacific",8,2836004,25,49961
2021-12-12,"PH","Philippines","Western Pacific",186,2836190,135,50096
2021-12-13,"PH","Philippines","Western Pacific",253,2836443,184,50280
2021-12-14,"PH","Philippines","Western Pacific",190,2836633,61,50341
2021-12-15,"PH","Philippines","Western Pacific",45,2836678,10,50351
2021-12-16,"PH","Philippines","Western Pacific",49,2836727,98,50449
2021-12-17,"PH","Philippines","Western Pacific",289,2837016,47,50496
2021-12-18,"PH","Philippines","Western Pacific",248,2837264,74,50570
2021-12-19,"PH","Philippines","Western Pacific",110,2837374,105,50675
2021-12-20,"PH","Philippines","Western Pacific",93,2837467,64,50739
2021-12-21,"PH","Philippines","Western Pacific",84,2837551,45,50784
2021-12-22,"PH","Philippines","Western Pacific",-28,2837523,0,50784
2021-12-23,"PH","Philippines","Western Pacific",92,2837615,132,50916
2021-12-24,"PH","Philippines","Western Pacific",112,2837727,65,50981
2021-12-25,"PH","Philippines","Western Pacific",221,2837948,69,51050
2021-12-26,"PH","Philippines","Western Pacific",259,2838207,137,51187
2021-12-27,"PH","Philippines","Western Pacific",267,2838474,13,51200
2021-12-28,"PH","Philippines","Western Pacific",216,2838690,11,51211
2021-12-29,"PH","Philippines","Western Pacific",211,2838901,2,51213
2021-12-30,"PH","Philippines","Western Pacific",736,2839637,28,51241
2021-12-31,"PH","Philippines","Western Pacific",1381,2841018,132,51373
2022-01-01,"PH","Philippines","Western Pacific",2851,2843869,131,51504
2022-01-02,"PH","Philippines","Western Pacific",3462,2847331,41,51545
2022-01-03,"PH","Philippines","Western Pacific",4404,2851735,25,51570
2022-01-04,"PH","Philippines","Western Pacific",3950,2855685,16,51586
2022-01-05,"PH","Philippines","Western Pacific",5285,2860970,18,51604
2022-01-06,"PH","Philippines","Western Pacific",10727,2871697,58,51662
2022-01-07,"PH","Philippines","Western Pacific",17148,2888845,81,51743
2022-01-08,"PH","Philippines","Western Pacific",21572,2910417,128,51871
2022-01-09,"PH","Philippines","Western Pacific",26323,2936740,264,52135
2022-01-10,"PH","Philippines","Western Pacific",28621,2965361,15,52150
2022-01-11,"PH","Philippines","Western Pacific",33105,2998466,143,52293
2022-01-12,"PH","Philippines","Western Pacific",27922,3026388,218,52511
2022-01-13,"PH","Philippines","Western Pacific",32000,3058388,143,52654
2022-01-14,"PH","Philippines","Western Pacific",33917,3092305,82,52736
2022-01-15,"PH","Philippines","Western Pacific",37070,3129375,79,52815
2022-01-16,"PH","Philippines","Western Pacific",38867,3168242,43,52858
2022-01-17,"PH","Philippines","Western Pacific",37062,3205304,49,52907
2022-01-18,"PH","Philippines","Western Pacific",36983,3242287,22,52929
2022-01-19,"PH","Philippines","Western Pacific",28380,3270667,33,52962
2022-01-20,"PH","Philippines","Western Pacific",22638,3293305,82,53044
2022-01-21,"PH","Philippines","Western Pacific",31034,3324339,109,53153
2022-01-22,"PH","Philippines","Western Pacific",32633,3356972,156,53309
2022-01-23,"PH","Philippines","Western Pacific",30416,3387388,97,53406
2022-01-24,"PH","Philippines","Western Pacific",29730,3417118,66,53472
2022-01-25,"PH","Philippines","Western Pacific",24851,3441969,47,53519
2022-01-26,"PH","Philippines","Western Pacific",17535,3459504,79,53598
2022-01-27,"PH","Philippines","Western Pacific",15752,3475256,66,53664
2022-01-28,"PH","Philippines","Western Pacific",18191,3493447,72,53736
2022-01-29,"PH","Philippines","Western Pacific",17967,3511414,65,53801
2022-01-30,"PH","Philippines","Western Pacific",17313,3528727,70,53871
2022-01-31,"PH","Philippines","Western Pacific",16929,3545656,20,53891
2022-02-01,"PH","Philippines","Western Pacific",14516,3560172,112,54003
2022-02-02,"PH","Philippines","Western Pacific",9465,3569637,51,54054
2022-02-03,"PH","Philippines","Western Pacific",7122,3576759,43,54097
2022-02-04,"PH","Philippines","Western Pacific",8702,3585461,71,54168
2022-02-05,"PH","Philippines","Western Pacific",8321,3593782,46,54214
2022-02-06,"PH","Philippines","Western Pacific",7425,3601207,0,54214
2022-02-07,"PH","Philippines","Western Pacific",8345,3609552,312,54526
2022-02-08,"PH","Philippines","Western Pacific",6507,3616059,12,54538
2022-02-09,"PH","Philippines","Western Pacific",3466,3619525,83,54621
2022-02-10,"PH","Philippines","Western Pacific",3475,3623000,69,54690
2022-02-11,"PH","Philippines","Western Pacific",3849,3626849,93,54783
2022-02-12,"PH","Philippines","Western Pacific",3727,3630576,71,54854
2022-02-13,"PH","Philippines","Western Pacific",3654,3634230,76,54930
2022-02-14,"PH","Philippines","Western Pacific",2982,3637212,0,54930
2022-02-15,"PH","Philippines","Western Pacific",2718,3639930,164,55094
2022-02-16,"PH","Philippines","Western Pacific",1996,3641926,52,55146
2022-02-17,"PH","Philippines","Western Pacific",2671,3644597,77,55223
2022-02-18,"PH","Philippines","Western Pacific",2196,3646793,107,55330
2022-02-19,"PH","Philippines","Western Pacific",2032,3648825,79,55409
2022-02-20,"PH","Philippines","Western Pacific",1666,3650491,198,55607
2022-02-21,"PH","Philippines","Western Pacific",1608,3652099,77,55684
2022-02-22,"PH","Philippines","Western Pacific",1166,3653265,79,55763
2022-02-23,"PH","Philippines","Western Pacific",910,3654175,13,55776
2022-02-24,"PH","Philippines","Western Pacific",1422,3655597,201,55977
2022-02-25,"PH","Philippines","Western Pacific",1745,3657342,188,56165
2022-02-26,"PH","Philippines","Western Pacific",1455,3658797,59,56224
2022-02-27,"PH","Philippines","Western Pacific",1214,3660011,127,56351
2022-02-28,"PH","Philippines","Western Pacific",1035,3661046,50,56401
2022-03-01,"PH","Philippines","Western Pacific",946,3661992,50,56451
2022-03-02,"PH","Philippines","Western Pacific",1062,3663054,0,56451
2022-03-03,"PH","Philippines","Western Pacific",862,3663916,53,56504
2022-03-04,"PH","Philippines","Western Pacific",978,3664894,34,56538
2022-03-05,"PH","Philippines","Western Pacific",843,3665737,232,56770
2022-03-06,"PH","Philippines","Western Pacific",935,3666672,109,56879
2021-12-06,"PN","Pitcairn Islands","Western Pacific",0,0,0,0
2021-12-07,"PN","Pitcairn Islands","Western Pacific",0,0,0,0
2021-12-08,"PN","Pitcairn Islands","Western Pacific",0,0,0,0
2021-12-09,"PN","Pitcairn Islands","Western Pacific",0,0,0,0
2021-12-10,"PN","Pitcairn Islands","Western Pacific",0,0,0,0
2021-12-11,"PN","Pitcairn Islands","Western Pacific",0,0,0,0
2021-12-12,"PN","Pitcairn Islands","Western Pacific",0,0,0,0
2021-12-13,"PN","Pitcairn Islands","Western Pacific",0,0,0,0
2021-12-14,"PN","Pitcairn Islands","Western Pacific",0,0,0,0
2021-12-15,"PN","Pitcairn Islands","Western Pacific",0,0,0,0
2021-12-16,"PN","Pitcairn Islands","Western Pacific",0,0,0,0
2021-12-17,"PN","Pitcairn Islands","Western Pacific",0,0,0,0
2021-12-18,"PN","Pitcairn Islands","Western Pacific",0,0,0,0
2021-12-19,"PN","Pitcairn Islands","Western Pacific",0,0,0,0
2021-12-20,"PN","Pitcairn Islands","Western Pacific",0,0,0,0
2021-12-21,"PN","Pitcairn Islands","Western Pacific",0,0,0,0
2021-12-22,"PN","Pitcairn Islands","Western Pacific",0,0,0,0
2021-12-23,"PN","Pitcairn Islands","Western Pacific",0,0,0,0
2021-12-24,"PN","Pitcairn Islands","Western Pacific",0,0,0,0
2021-12-25,"PN","Pitcairn Islands","Western Pacific",0,0,0,0
2021-12-26,"PN","Pitcairn Islands","Western Pacific",0,0,0,0
2021-12-27,"PN","Pitcairn Islands","Western Pacific",0,0,0,0
2021-12-28,"PN","Pitcairn Islands","Western Pacific",0,0,0,0
2021-12-29,"PN","Pitcairn Islands","Western Pacific",0,0,0,0
2021-12-30,"PN","Pitcairn Islands","Western Pacific",0,0,0,0
2021-12-31,"PN","Pitcairn Islands","Western Pacific",0,0,0,0
2022-01-01,"PN","Pitcairn Islands","Western Pacific",0,0,0,0
2022-01-02,"PN","Pitcairn Islands","Western Pacific",0,0,0,0
2022-01-03,"PN","Pitcairn Islands","Western Pacific",0,0,0,0
2022-01-04,"PN","Pitcairn Islands","Western Pacific",0,0,0,0
2022-01-05,"PN","Pitcairn Islands","Western Pacific",0,0,0,0
2022-01-06,"PN","Pitcairn Islands","Western Pacific",0,0,0,0
2022-01-07,"PN","Pitcairn Islands","Western Pacific",0,0,0,0
2022-01-08,"PN","Pitcairn Islands","Western Pacific",0,0,0,0
2022-01-09,"PN","Pitcairn Islands","Western Pacific",0,0,0,0
2022-01-10,"PN","Pitcairn Islands","Western Pacific",0,0,0,0
2022-01-11,"PN","Pitcairn Islands","Western Pacific",0,0,0,0
2022-01-12,"PN","Pitcairn Islands","Western Pacific",0,0,0,0
2022-01-13,"PN","Pitcairn Islands","Western Pacific",0,0,0,0
2022-01-14,"PN","Pitcairn Islands","Western Pacific",0,0,0,0
2022-01-15,"PN","Pitcairn Islands","Western Pacific",0,0,0,0
2022-01-16,"PN","Pitcairn Islands","Western Pacific",0,0,0,0
2022-01-17,"PN","Pitcairn Islands","Western Pacific",0,0,0,0
2022-01-18,"PN","Pitcairn Islands","Western Pacific",0,0,0,0
2022-01-19,"PN","Pitcairn Islands","Western Pacific",0,0,0,0
2022-01-20,"PN","Pitcairn Islands","Western Pacific",0,0,0,0
2022-01-21,"PN","Pitcairn Islands","Western Pacific",0,0,0,0
2022-01-22,"PN","Pitcairn Islands","Western Pacific",0,0,0,0
2022-01-23,"PN","Pitcairn Islands","Western Pacific",0,0,0,0
2022-01-24,"PN","Pitcairn Islands","Western Pacific",0,0,0,0
2022-01-25,"PN","Pitcairn Islands","Western Pacific",0,0,0,0
2022-01-26,"PN","Pitcairn Islands","Western Pacific",0,0,0,0
2022-01-27,"PN","Pitcairn Islands","Western Pacific",0,0,0,0
2022-01-28,"PN","Pitcairn Islands","Western Pacific",0,0,0,0
2022-01-29,"PN","Pitcairn Islands","Western Pacific",0,0,0,0
2022-01-30,"PN","Pitcairn Islands","Western Pacific",0,0,0,0
2022-01-31,"PN","Pitcairn Islands","Western Pacific",0,0,0,0
2022-02-01,"PN","Pitcairn Islands","Western Pacific",0,0,0,0
2022-02-02,"PN","Pitcairn Islands","Western Pacific",0,0,0,0
2022-02-03,"PN","Pitcairn Islands","Western Pacific",0,0,0,0
2022-02-04,"PN","Pitcairn Islands","Western Pacific",0,0,0,0
2022-02-05,"PN","Pitcairn Islands","Western Pacific",0,0,0,0
2022-02-06,"PN","Pitcairn Islands","Western Pacific",0,0,0,0
2022-02-07,"PN","Pitcairn Islands","Western Pacific",0,0,0,0
2022-02-08,"PN","Pitcairn Islands","Western Pacific",0,0,0,0
2022-02-09,"PN","Pitcairn Islands","Western Pacific",0,0,0,0
2022-02-10,"PN","Pitcairn Islands","Western Pacific",0,0,0,0
2022-02-11,"PN","Pitcairn Islands","Western Pacific",0,0,0,0
2022-02-12,"PN","Pitcairn Islands","Western Pacific",0,0,0,0
2022-02-13,"PN","Pitcairn Islands","Western Pacific",0,0,0,0
2022-02-14,"PN","Pitcairn Islands","Western Pacific",0,0,0,0
2022-02-15,"PN","Pitcairn Islands","Western Pacific",0,0,0,0
2022-02-16,"PN","Pitcairn Islands","Western Pacific",0,0,0,0
2022-02-17,"PN","Pitcairn Islands","Western Pacific",0,0,0,0
2022-02-18,"PN","Pitcairn Islands","Western Pacific",0,0,0,0
2022-02-19,"PN","Pitcairn Islands","Western Pacific",0,0,0,0
2022-02-20,"PN","Pitcairn Islands","Western Pacific",0,0,0,0
2022-02-21,"PN","Pitcairn Islands","Western Pacific",0,0,0,0
2022-02-22,"PN","Pitcairn Islands","Western Pacific",0,0,0,0
2022-02-23,"PN","Pitcairn Islands","Western Pacific",0,0,0,0
2022-02-24,"PN","Pitcairn Islands","Western Pacific",0,0,0,0
2022-02-25,"PN","Pitcairn Islands","Western Pacific",0,0,0,0
2022-02-26,"PN","Pitcairn Islands","Western Pacific",0,0,0,0
2022-02-27,"PN","Pitcairn Islands","Western Pacific",0,0,0,0
2022-02-28,"PN","Pitcairn Islands","Western Pacific",0,0,0,0
2022-03-01,"PN","Pitcairn Islands","Western Pacific",0,0,0,0
2022-03-02,"PN","Pitcairn Islands","Western Pacific",0,0,0,0
2022-03-03,"PN","Pitcairn Islands","Western Pacific",0,0,0,0
2022-03-04,"PN","Pitcairn Islands","Western Pacific",0,0,0,0
2022-03-05,"PN","Pitcairn Islands","Western Pacific",0,0,0,0
2022-03-06,"PN","Pitcairn Islands","Western Pacific",0,0,0,0
2021-12-06,"PL","Poland","Europe",13250,3684632,25,85701
2021-12-07,"PL","Poland","Europe",19366,3703998,504,86205
2021-12-08,"PL","Poland","Europe",28542,3732540,592,86797
2021-12-09,"PL","Poland","Europe",27458,3759998,562,87359
2021-12-10,"PL","Poland","Europe",24991,3784989,571,87930
2021-12-11,"PL","Poland","Europe",23764,3808753,486,88416
2021-12-12,"PL","Poland","Europe",19452,3828205,65,88481
2021-12-13,"PL","Poland","Europe",11379,3839584,29,88510
2021-12-14,"PL","Poland","Europe",17460,3857044,537,89047
2021-12-15,"PL","Poland","Europe",24266,3881310,669,89716
2021-12-16,"PL","Poland","Europe",22097,3903407,592,90308
2021-12-17,"PL","Poland","Europe",20027,3923434,566,90874
2021-12-18,"PL","Poland","Europe",19397,3942831,543,91417
2021-12-19,"PL","Poland","Europe",15976,3958807,70,91487
2021-12-20,"PL","Poland","Europe",9609,3968416,29,91516
2021-12-21,"PL","Poland","Europe",13806,3982222,538,92054
2021-12-22,"PL","Poland","Europe",18021,4000243,775,92829
2021-12-23,"PL","Poland","Europe",17156,4017399,616,93445
2021-12-24,"PL","Poland","Europe",15392,4032791,596,94041
2021-12-25,"PL","Poland","Europe",10788,4043579,269,94310
2021-12-26,"PL","Poland","Europe",6252,4049831,16,94326
2021-12-27,"PL","Poland","Europe",5029,4054860,38,94364
2021-12-28,"PL","Poland","Europe",9843,4064703,549,94913
2021-12-29,"PL","Poland","Europe",15571,4080274,794,95707
2021-12-30,"PL","Poland","Europe",14325,4094599,709,96416
2021-12-31,"PL","Poland","Europe",13601,4108200,638,97054
2022-01-01,"PL","Poland","Europe",12032,4120232,505,97559
2022-01-02,"PL","Poland","Europe",7179,4127411,33,97592
2022-01-03,"PL","Poland","Europe",6422,4133833,9,97601
2022-01-04,"PL","Poland","Europe",11670,4145503,433,98034
2022-01-05,"PL","Poland","Europe",17196,4162699,632,98666
2022-01-06,"PL","Poland","Europe",16576,4179275,646,99312
2022-01-07,"PL","Poland","Europe",11902,4191177,117,99429
2022-01-08,"PL","Poland","Europe",10900,4202077,292,99721
2022-01-09,"PL","Poland","Europe",11106,4213183,22,99743
2022-01-10,"PL","Poland","Europe",7785,4220968,19,99762
2022-01-11,"PL","Poland","Europe",11406,4232374,493,100255
2022-01-12,"PL","Poland","Europe",16173,4248547,684,100939
2022-01-13,"PL","Poland","Europe",16878,4265425,481,101420
2022-01-14,"PL","Poland","Europe",16047,4281472,423,101843
2022-01-15,"PL","Poland","Europe",16896,4298368,429,102272
2022-01-16,"PL","Poland","Europe",14667,4313035,35,102307
2022-01-17,"PL","Poland","Europe",10445,4323480,4,102311
2022-01-18,"PL","Poland","Europe",19652,4343132,377,102688
2022-01-19,"PL","Poland","Europe",30586,4373718,375,103063
2022-01-20,"PL","Poland","Europe",32835,4406553,315,103378
2022-01-21,"PL","Poland","Europe",36665,4443218,248,103626
2022-01-22,"PL","Poland","Europe",40876,4484094,193,103819
2022-01-23,"PL","Poland","Europe",34088,4518182,25,103844
2022-01-24,"PL","Poland","Europe",29100,4547282,4,103848
2022-01-25,"PL","Poland","Europe",36995,4584277,252,104100
2022-01-26,"PL","Poland","Europe",53420,4637697,276,104376
2022-01-27,"PL","Poland","Europe",57659,4695356,262,104638
2022-01-28,"PL","Poland","Europe",57262,4752618,271,104909
2022-01-29,"PL","Poland","Europe",51695,4804313,231,105140
2022-01-30,"PL","Poland","Europe",48251,4852564,23,105163
2022-01-31,"PL","Poland","Europe",33480,4886044,33,105196
2022-02-01,"PL","Poland","Europe",39114,4925158,239,105435
2022-02-02,"PL","Poland","Europe",56051,4981209,318,105753
2022-02-03,"PL","Poland","Europe",54477,5035686,307,106060
2022-02-04,"PL","Poland","Europe",47534,5083220,246,106306
2022-02-05,"PL","Poland","Europe",45749,5128969,272,106578
2022-02-06,"PL","Poland","Europe",34703,5163672,19,106597
2022-02-07,"PL","Poland","Europe",24512,5188184,10,106607
2022-02-08,"PL","Poland","Europe",35960,5224144,287,106894
2022-02-09,"PL","Poland","Europe",46175,5270319,310,107204
2022-02-10,"PL","Poland","Europe",42095,5312414,262,107466
2022-02-11,"PL","Poland","Europe",35768,5348182,291,107757
2022-02-12,"PL","Poland","Europe",31316,5379498,332,108089
2022-02-13,"PL","Poland","Europe",28056,5407554,31,108120
2022-02-14,"PL","Poland","Europe",7460,5415014,17,108137
2022-02-15,"PL","Poland","Europe",22243,5437257,378,108515
2022-02-16,"PL","Poland","Europe",28837,5466094,372,108887
2022-02-17,"PL","Poland","Europe",29221,5495315,318,109205
2022-02-18,"PL","Poland","Europe",23967,5519282,304,109509
2022-02-19,"PL","Poland","Europe",20880,5540162,283,109792
2022-02-20,"PL","Poland","Europe",13679,5553841,25,109817
2022-02-21,"PL","Poland","Europe",9605,5563446,16,109833
2022-02-22,"PL","Poland","Europe",18771,5582217,324,110157
2022-02-23,"PL","Poland","Europe",20463,5602680,360,110517
2022-02-24,"PL","Poland","Europe",18266,5620946,341,110858
2022-02-25,"PL","Poland","Europe",16700,5637646,198,111056
2022-02-26,"PL","Poland","Europe",13950,5651596,221,111277
2022-02-27,"PL","Poland","Europe",8897,5660493,39,111316
2022-02-28,"PL","Poland","Europe",6561,5667054,1,111317
2022-03-01,"PL","Poland","Europe",12980,5680034,269,111586
2022-03-02,"PL","Poland","Europe",14733,5694767,278,111864
2022-03-03,"PL","Poland","Europe",14060,5708827,266,112130
2022-03-04,"PL","Poland","Europe",12489,5721316,206,112336
2022-03-05,"PL","Poland","Europe",12725,5734041,199,112535
2022-03-06,"PL","Poland","Europe",7696,5741737,10,112545
2021-12-06,"PT","Portugal","Europe",3786,1166787,23,18537
2021-12-07,"PT","Portugal","Europe",2216,1169003,14,18551
2021-12-08,"PT","Portugal","Europe",3417,1172420,21,18572
2021-12-09,"PT","Portugal","Europe",5286,1177706,15,18587
2021-12-10,"PT","Portugal","Europe",3588,1181294,23,18610
2021-12-11,"PT","Portugal","Europe",3742,1185036,16,18626
2021-12-12,"PT","Portugal","Europe",5373,1190409,19,18645
2021-12-13,"PT","Portugal","Europe",3879,1194288,13,18658
2021-12-14,"PT","Portugal","Europe",2314,1196602,15,18673
2021-12-15,"PT","Portugal","Europe",3591,1200193,14,18687
2021-12-16,"PT","Portugal","Europe",5800,1205993,11,18698
2021-12-17,"PT","Portugal","Europe",5137,1211130,19,18717
2021-12-18,"PT","Portugal","Europe",4644,1215774,24,18741
2021-12-19,"PT","Portugal","Europe",5062,1220836,12,18753
2021-12-20,"PT","Portugal","Europe",4266,1225102,25,18778
2021-12-21,"PT","Portugal","Europe",2752,1227854,18,18796
2021-12-22,"PT","Portugal","Europe",5754,1233608,16,18812
2021-12-23,"PT","Portugal","Europe",8937,1242545,11,18823
2021-12-24,"PT","Portugal","Europe",10549,1253094,17,18840
2021-12-25,"PT","Portugal","Europe",12943,1266037,11,18851
2021-12-26,"PT","Portugal","Europe",10016,1276053,10,18861
2021-12-27,"PT","Portugal","Europe",3732,1279785,13,18874
2021-12-28,"PT","Portugal","Europe",6334,1286119,16,18890
2021-12-29,"PT","Portugal","Europe",17172,1303291,19,18909
2021-12-30,"PT","Portugal","Europe",26867,1330158,12,18921
2021-12-31,"PT","Portugal","Europe",28659,1358817,16,18937
2022-01-01,"PT","Portugal","Europe",30829,1389646,18,18955
2022-01-02,"PT","Portugal","Europe",23290,1412936,21,18976
2022-01-03,"PT","Portugal","Europe",11080,1424016,14,18990
2022-01-04,"PT","Portugal","Europe",10554,1434570,10,19000
2022-01-05,"PT","Portugal","Europe",25836,1460406,15,19015
2022-01-06,"PT","Portugal","Europe",39570,1499976,14,19029
2022-01-07,"PT","Portugal","Europe",39074,1539050,25,19054
2022-01-08,"PT","Portugal","Europe",38734,1577784,17,19071
2022-01-09,"PT","Portugal","Europe",35643,1613427,20,19091
2022-01-10,"PT","Portugal","Europe",26419,1639846,22,19113
2022-01-11,"PT","Portugal","Europe",20212,1660058,20,19133
2022-01-12,"PT","Portugal","Europe",33340,1693398,28,19161
2022-01-13,"PT","Portugal","Europe",40945,1734343,20,19181
2022-01-14,"PT","Portugal","Europe",40134,1774477,22,19203
2022-01-15,"PT","Portugal","Europe",40090,1814567,34,19237
2022-01-16,"PT","Portugal","Europe",38136,1852703,33,19270
2022-01-17,"PT","Portugal","Europe",32271,1884974,33,19303
2022-01-18,"PT","Portugal","Europe",21917,1906891,31,19334
2022-01-19,"PT","Portugal","Europe",43729,1950620,46,19380
2022-01-20,"PT","Portugal","Europe",52549,2003169,33,19413
2022-01-21,"PT","Portugal","Europe",56426,2059595,34,19447
2022-01-22,"PT","Portugal","Europe",58530,2118125,49,19496
2022-01-23,"PT","Portugal","Europe",58131,2176256,43,19539
2022-01-24,"PT","Portugal","Europe",45569,2221825,30,19569
2022-01-25,"PT","Portugal","Europe",32758,2254583,44,19613
2022-01-26,"PT","Portugal","Europe",57657,2312240,48,19661
2022-01-27,"PT","Portugal","Europe",65578,2377818,42,19703
2022-01-28,"PT","Portugal","Europe",65706,2443524,41,19744
2022-01-29,"PT","Portugal","Europe",63833,2507357,44,19788
2022-01-30,"PT","Portugal","Europe",59194,2566551,39,19827
2022-01-31,"PT","Portugal","Europe",45335,2611886,29,19856
2022-02-01,"PT","Portugal","Europe",27916,2639802,49,19905
2022-02-02,"PT","Portugal","Europe",50888,2690690,63,19968
2022-02-03,"PT","Portugal","Europe",54693,2745383,56,20024
2022-02-04,"PT","Portugal","Europe",50447,2795830,53,20077
2022-02-05,"PT","Portugal","Europe",47199,2843029,50,20127
2022-02-06,"PT","Portugal","Europe",41511,2884540,44,20171
2022-02-07,"PT","Portugal","Europe",31431,2915971,51,20222
2022-02-08,"PT","Portugal","Europe",17019,2932990,36,20258
2022-02-09,"PT","Portugal","Europe",30757,2963747,44,20302
2022-02-10,"PT","Portugal","Europe",34023,2997770,52,20354
2022-02-11,"PT","Portugal","Europe",27651,3025421,47,20401
2022-02-12,"PT","Portugal","Europe",24271,3049692,41,20442
2022-02-13,"PT","Portugal","Europe",19436,3069128,50,20492
2022-02-14,"PT","Portugal","Europe",16132,3085260,38,20530
2022-02-15,"PT","Portugal","Europe",8463,3093723,35,20565
2022-02-16,"PT","Portugal","Europe",18135,3111858,55,20620
2022-02-17,"PT","Portugal","Europe",20041,3131899,46,20666
2022-02-18,"PT","Portugal","Europe",16488,3148387,42,20708
2022-02-19,"PT","Portugal","Europe",15482,3163869,51,20759
2022-02-20,"PT","Portugal","Europe",14160,3178029,37,20796
2022-02-21,"PT","Portugal","Europe",9360,3187389,35,20831
2022-02-22,"PT","Portugal","Europe",5789,3193178,35,20866
2022-02-23,"PT","Portugal","Europe",13103,3206281,28,20894
2022-02-24,"PT","Portugal","Europe",13158,3219439,28,20922
2022-02-25,"PT","Portugal","Europe",11636,3231075,19,20941
2022-02-26,"PT","Portugal","Europe",10376,3241451,32,20973
2022-02-27,"PT","Portugal","Europe",9851,3251302,28,21001
2022-02-28,"PT","Portugal","Europe",7107,3258409,38,21039
2022-03-01,"PT","Portugal","Europe",4209,3262618,24,21063
2022-03-02,"PT","Portugal","Europe",11006,3273624,23,21086
2022-03-03,"PT","Portugal","Europe",8833,3282457,25,21111
2022-03-04,"PT","Portugal","Europe",12234,3294691,30,21141
2022-03-05,"PT","Portugal","Europe",13747,3308438,21,21162
2022-03-06,"PT","Portugal","Europe",13696,3322134,20,21182
2021-12-06,"PR","Puerto Rico","Americas",146,188819,1,3273
2021-12-07,"PR","Puerto Rico","Americas",72,188891,0,3273
2021-12-08,"PR","Puerto Rico","Americas",13,188904,1,3274
2021-12-09,"PR","Puerto Rico","Americas",157,189061,0,3274
2021-12-10,"PR","Puerto Rico","Americas",165,189226,0,3274
2021-12-11,"PR","Puerto Rico","Americas",158,189384,0,3274
2021-12-12,"PR","Puerto Rico","Americas",0,189384,0,3274
2021-12-13,"PR","Puerto Rico","Americas",134,189518,2,3276
2021-12-14,"PR","Puerto Rico","Americas",0,189518,0,3276
2021-12-15,"PR","Puerto Rico","Americas",183,189701,0,3276
2021-12-16,"PR","Puerto Rico","Americas",134,189835,1,3277
2021-12-17,"PR","Puerto Rico","Americas",471,190306,1,3278
2021-12-18,"PR","Puerto Rico","Americas",1059,191365,1,3279
2021-12-19,"PR","Puerto Rico","Americas",1755,193120,5,3284
2021-12-20,"PR","Puerto Rico","Americas",2747,195867,1,3285
2021-12-21,"PR","Puerto Rico","Americas",2434,198301,1,3286
2021-12-22,"PR","Puerto Rico","Americas",849,199150,1,3287
2021-12-23,"PR","Puerto Rico","Americas",3166,202316,0,3287
2021-12-24,"PR","Puerto Rico","Americas",5712,208028,1,3288
2021-12-25,"PR","Puerto Rico","Americas",0,208028,0,3288
2021-12-26,"PR","Puerto Rico","Americas",17254,225282,3,3291
2021-12-27,"PR","Puerto Rico","Americas",6620,231902,0,3291
2021-12-28,"PR","Puerto Rico","Americas",1362,233264,0,3291
2021-12-29,"PR","Puerto Rico","Americas",1716,234980,1,3292
2021-12-30,"PR","Puerto Rico","Americas",8203,243183,3,3295
2021-12-31,"PR","Puerto Rico","Americas",14331,257514,3,3298
2022-01-01,"PR","Puerto Rico","Americas",14776,272290,7,3305
2022-01-02,"PR","Puerto Rico","Americas",0,272290,3,3308
2022-01-03,"PR","Puerto Rico","Americas",26098,298388,2,3310
2022-01-04,"PR","Puerto Rico","Americas",4711,303099,4,3314
2022-01-05,"PR","Puerto Rico","Americas",1886,304985,4,3318
2022-01-06,"PR","Puerto Rico","Americas",7763,312748,6,3324
2022-01-07,"PR","Puerto Rico","Americas",14560,327308,14,3338
2022-01-08,"PR","Puerto Rico","Americas",12799,340107,19,3357
2022-01-09,"PR","Puerto Rico","Americas",6617,346724,4,3361
2022-01-10,"PR","Puerto Rico","Americas",8539,355263,12,3373
2022-01-11,"PR","Puerto Rico","Americas",6880,362143,0,3373
2022-01-12,"PR","Puerto Rico","Americas",1946,364089,20,3393
2022-01-13,"PR","Puerto Rico","Americas",9582,373671,28,3421
2022-01-14,"PR","Puerto Rico","Americas",11452,385123,25,3446
2022-01-15,"PR","Puerto Rico","Americas",13209,398332,27,3473
2022-01-16,"PR","Puerto Rico","Americas",8775,407107,20,3493
2022-01-17,"PR","Puerto Rico","Americas",5469,412576,18,3511
2022-01-18,"PR","Puerto Rico","Americas",5842,418418,9,3520
2022-01-19,"PR","Puerto Rico","Americas",498,418916,22,3542
2022-01-20,"PR","Puerto Rico","Americas",4305,423221,21,3563
2022-01-21,"PR","Puerto Rico","Americas",4354,427575,30,3593
2022-01-22,"PR","Puerto Rico","Americas",4926,432501,38,3631
2022-01-23,"PR","Puerto Rico","Americas",5865,438366,42,3673
2022-01-24,"PR","Puerto Rico","Americas",3714,442080,23,3696
2022-01-25,"PR","Puerto Rico","Americas",2229,444309,8,3704
2022-01-26,"PR","Puerto Rico","Americas",297,444606,27,3731
2022-01-27,"PR","Puerto Rico","Americas",3932,448538,23,3754
2022-01-28,"PR","Puerto Rico","Americas",1727,450265,19,3773
2022-01-29,"PR","Puerto Rico","Americas",3404,453669,36,3809
2022-01-30,"PR","Puerto Rico","Americas",1339,455008,28,3837
2022-01-31,"PR","Puerto Rico","Americas",1615,456623,17,3854
2022-02-01,"PR","Puerto Rico","Americas",878,457501,1,3855
2022-02-02,"PR","Puerto Rico","Americas",140,457641,12,3867
2022-02-03,"PR","Puerto Rico","Americas",1563,459204,20,3887
2022-02-04,"PR","Puerto Rico","Americas",1806,461010,21,3908
2022-02-05,"PR","Puerto Rico","Americas",1533,462543,17,3925
2022-02-06,"PR","Puerto Rico","Americas",745,463288,14,3939
2022-02-07,"PR","Puerto Rico","Americas",1733,465021,5,3944
2022-02-08,"PR","Puerto Rico","Americas",262,465283,1,3945
2022-02-09,"PR","Puerto Rico","Americas",55,465338,15,3960
2022-02-10,"PR","Puerto Rico","Americas",471,465809,24,3984
2022-02-11,"PR","Puerto Rico","Americas",1069,466878,10,3994
2022-02-12,"PR","Puerto Rico","Americas",726,467604,14,4008
2022-02-13,"PR","Puerto Rico","Americas",567,468171,17,4025
2022-02-14,"PR","Puerto Rico","Americas",680,468851,5,4030
2022-02-15,"PR","Puerto Rico","Americas",193,469044,2,4032
2022-02-16,"PR","Puerto Rico","Americas",563,469607,15,4047
2022-02-17,"PR","Puerto Rico","Americas",138,469745,8,4055
2022-02-18,"PR","Puerto Rico","Americas",547,470292,5,4060
2022-02-19,"PR","Puerto Rico","Americas",377,470669,9,4069
2022-02-20,"PR","Puerto Rico","Americas",563,471232,9,4078
2022-02-21,"PR","Puerto Rico","Americas",488,471720,4,4082
2022-02-22,"PR","Puerto Rico","Americas",181,471901,2,4084
2022-02-23,"PR","Puerto Rico","Americas",35,471936,2,4086
2022-02-24,"PR","Puerto Rico","Americas",164,472100,2,4088
2022-02-25,"PR","Puerto Rico","Americas",384,472484,10,4098
2022-02-26,"PR","Puerto Rico","Americas",243,472727,3,4101
2022-02-27,"PR","Puerto Rico","Americas",397,473124,3,4104
2022-02-28,"PR","Puerto Rico","Americas",214,473338,5,4109
2022-03-01,"PR","Puerto Rico","Americas",159,473497,1,4110
2022-03-02,"PR","Puerto Rico","Americas",26,473523,4,4114
2022-03-03,"PR","Puerto Rico","Americas",186,473709,8,4122
2022-03-04,"PR","Puerto Rico","Americas",315,474024,6,4128
2022-03-05,"PR","Puerto Rico","Americas",233,474257,2,4130
2022-03-06,"PR","Puerto Rico","Americas",316,474573,3,4133
2021-12-06,"QA","Qatar","Eastern Mediterranean",152,244223,0,611
2021-12-07,"QA","Qatar","Eastern Mediterranean",164,244387,0,611
2021-12-08,"QA","Qatar","Eastern Mediterranean",158,244545,0,611
2021-12-09,"QA","Qatar","Eastern Mediterranean",163,244708,0,611
2021-12-10,"QA","Qatar","Eastern Mediterranean",159,244867,0,611
2021-12-11,"QA","Qatar","Eastern Mediterranean",163,245030,1,612
2021-12-12,"QA","Qatar","Eastern Mediterranean",158,245188,0,612
2021-12-13,"QA","Qatar","Eastern Mediterranean",166,245354,1,613
2021-12-14,"QA","Qatar","Eastern Mediterranean",169,245523,0,613
2021-12-15,"QA","Qatar","Eastern Mediterranean",167,245690,0,613
2021-12-16,"QA","Qatar","Eastern Mediterranean",165,245855,1,614
2021-12-17,"QA","Qatar","Eastern Mediterranean",169,246024,0,614
2021-12-18,"QA","Qatar","Eastern Mediterranean",164,246188,0,614
2021-12-19,"QA","Qatar","Eastern Mediterranean",179,246367,0,614
2021-12-20,"QA","Qatar","Eastern Mediterranean",170,246537,0,614
2021-12-21,"QA","Qatar","Eastern Mediterranean",177,246714,0,614
2021-12-22,"QA","Qatar","Eastern Mediterranean",183,246897,0,614
2021-12-23,"QA","Qatar","Eastern Mediterranean",185,247082,0,614
2021-12-24,"QA","Qatar","Eastern Mediterranean",187,247269,0,614
2021-12-25,"QA","Qatar","Eastern Mediterranean",248,247517,0,614
2021-12-26,"QA","Qatar","Eastern Mediterranean",279,247796,0,614
2021-12-27,"QA","Qatar","Eastern Mediterranean",296,248092,1,615
2021-12-28,"QA","Qatar","Eastern Mediterranean",343,248435,1,616
2021-12-29,"QA","Qatar","Eastern Mediterranean",367,248802,0,616
2021-12-30,"QA","Qatar","Eastern Mediterranean",443,249245,0,616
2021-12-31,"QA","Qatar","Eastern Mediterranean",542,249787,1,617
2022-01-01,"QA","Qatar","Eastern Mediterranean",741,250528,1,618
2022-01-02,"QA","Qatar","Eastern Mediterranean",833,251361,0,618
2022-01-03,"QA","Qatar","Eastern Mediterranean",998,252359,0,618
2022-01-04,"QA","Qatar","Eastern Mediterranean",1177,253536,0,618
2022-01-05,"QA","Qatar","Eastern Mediterranean",1695,255231,0,618
2022-01-06,"QA","Qatar","Eastern Mediterranean",2273,257504,0,618
2022-01-07,"QA","Qatar","Eastern Mediterranean",2779,260283,0,618
2022-01-08,"QA","Qatar","Eastern Mediterranean",3192,263475,0,618
2022-01-09,"QA","Qatar","Eastern Mediterranean",3487,266962,0,618
2022-01-10,"QA","Qatar","Eastern Mediterranean",3689,270651,0,618
2022-01-11,"QA","Qatar","Eastern Mediterranean",3878,274529,1,619
2022-01-12,"QA","Qatar","Eastern Mediterranean",4169,278698,2,621
2022-01-13,"QA","Qatar","Eastern Mediterranean",4206,282904,0,621
2022-01-14,"QA","Qatar","Eastern Mediterranean",4187,287091,2,623
2022-01-15,"QA","Qatar","Eastern Mediterranean",4123,291214,0,623
2022-01-16,"QA","Qatar","Eastern Mediterranean",4007,295221,1,624
2022-01-17,"QA","Qatar","Eastern Mediterranean",4021,299242,2,626
2022-01-18,"QA","Qatar","Eastern Mediterranean",3998,303240,1,627
2022-01-19,"QA","Qatar","Eastern Mediterranean",3816,307056,3,630
2022-01-20,"QA","Qatar","Eastern Mediterranean",3723,310779,1,631
2022-01-21,"QA","Qatar","Eastern Mediterranean",3294,314073,1,632
2022-01-22,"QA","Qatar","Eastern Mediterranean",3204,317277,0,632
2022-01-23,"QA","Qatar","Eastern Mediterranean",3087,320364,1,633
2022-01-24,"QA","Qatar","Eastern Mediterranean",2981,323345,1,634
2022-01-25,"QA","Qatar","Eastern Mediterranean",2748,326093,2,636
2022-01-26,"QA","Qatar","Eastern Mediterranean",2551,328644,1,637
2022-01-27,"QA","Qatar","Eastern Mediterranean",2204,330848,1,638
2022-01-28,"QA","Qatar","Eastern Mediterranean",1952,332800,2,640
2022-01-29,"QA","Qatar","Eastern Mediterranean",1743,334543,1,641
2022-01-30,"QA","Qatar","Eastern Mediterranean",1538,336081,4,645
2022-01-31,"QA","Qatar","Eastern Mediterranean",1557,337638,0,645
2022-02-01,"QA","Qatar","Eastern Mediterranean",1509,339147,0,645
2022-02-02,"QA","Qatar","Eastern Mediterranean",1236,340383,2,647
2022-02-03,"QA","Qatar","Eastern Mediterranean",1245,341628,2,649
2022-02-04,"QA","Qatar","Eastern Mediterranean",1183,342811,2,651
2022-02-05,"QA","Qatar","Eastern Mediterranean",997,343808,1,652
2022-02-06,"QA","Qatar","Eastern Mediterranean",903,344711,0,652
2022-02-07,"QA","Qatar","Eastern Mediterranean",912,345623,0,652
2022-02-08,"QA","Qatar","Eastern Mediterranean",923,346546,0,652
2022-02-09,"QA","Qatar","Eastern Mediterranean",819,347365,1,653
2022-02-10,"QA","Qatar","Eastern Mediterranean",776,348141,0,653
2022-02-11,"QA","Qatar","Eastern Mediterranean",783,348924,2,655
2022-02-12,"QA","Qatar","Eastern Mediterranean",657,349581,1,656
2022-02-13,"QA","Qatar","Eastern Mediterranean",607,350188,0,656
2022-02-14,"QA","Qatar","Eastern Mediterranean",613,350801,0,656
2022-02-15,"QA","Qatar","Eastern Mediterranean",601,351402,2,658
2022-02-16,"QA","Qatar","Eastern Mediterranean",547,351949,0,658
2022-02-17,"QA","Qatar","Eastern Mediterranean",498,352447,0,658
2022-02-18,"QA","Qatar","Eastern Mediterranean",447,352894,2,660
2022-02-19,"QA","Qatar","Eastern Mediterranean",452,353346,1,661
2022-02-20,"QA","Qatar","Eastern Mediterranean",434,353780,1,662
2022-02-21,"QA","Qatar","Eastern Mediterranean",442,354222,0,662
2022-02-22,"QA","Qatar","Eastern Mediterranean",416,354638,0,662
2022-02-23,"QA","Qatar","Eastern Mediterranean",394,355032,0,662
2022-02-24,"QA","Qatar","Eastern Mediterranean",365,355397,2,664
2022-02-25,"QA","Qatar","Eastern Mediterranean",343,355740,0,664
2022-02-26,"QA","Qatar","Eastern Mediterranean",326,356066,0,664
2022-02-27,"QA","Qatar","Eastern Mediterranean",297,356363,3,667
2022-02-28,"QA","Qatar","Eastern Mediterranean",308,356671,1,668
2022-03-01,"QA","Qatar","Eastern Mediterranean",311,356982,2,670
2022-03-02,"QA","Qatar","Eastern Mediterranean",310,357292,0,670
2022-03-03,"QA","Qatar","Eastern Mediterranean",291,357583,0,670
2022-03-04,"QA","Qatar","Eastern Mediterranean",181,357764,0,670
2022-03-05,"QA","Qatar","Eastern Mediterranean",156,357920,0,670
2022-03-06,"QA","Qatar","Eastern Mediterranean",163,358083,0,670
2021-12-06,"KR","Republic of Korea","Western Pacific",4323,477356,41,3893
2021-12-07,"KR","Republic of Korea","Western Pacific",4953,482309,64,3957
2021-12-08,"KR","Republic of Korea","Western Pacific",7173,489482,63,4020
2021-12-09,"KR","Republic of Korea","Western Pacific",7102,496584,57,4077
2021-12-10,"KR","Republic of Korea","Western Pacific",7022,503606,53,4130
2021-12-11,"KR","Republic of Korea","Western Pacific",6976,510582,80,4210
2021-12-12,"KR","Republic of Korea","Western Pacific",6689,517271,43,4253
2021-12-13,"KR","Republic of Korea","Western Pacific",5814,523085,40,4293
2021-12-14,"KR","Republic of Korea","Western Pacific",5560,528645,94,4387
2021-12-15,"KR","Republic of Korea","Western Pacific",7850,536495,69,4456
2021-12-16,"KR","Republic of Korea","Western Pacific",7621,544116,62,4518
2021-12-17,"KR","Republic of Korea","Western Pacific",7435,551551,73,4591
2021-12-18,"KR","Republic of Korea","Western Pacific",7311,558862,53,4644
2021-12-19,"KR","Republic of Korea","Western Pacific",6234,565096,78,4722
2021-12-20,"KR","Republic of Korea","Western Pacific",5317,570413,54,4776
2021-12-21,"KR","Republic of Korea","Western Pacific",5196,575609,52,4828
2021-12-22,"KR","Republic of Korea","Western Pacific",7450,583059,78,4906
2021-12-23,"KR","Republic of Korea","Western Pacific",6917,589976,109,5015
2021-12-24,"KR","Republic of Korea","Western Pacific",6226,596202,56,5071
2021-12-25,"KR","Republic of Korea","Western Pacific",5842,602044,105,5176
2021-12-26,"KR","Republic of Korea","Western Pacific",5419,607463,69,5245
2021-12-27,"KR","Republic of Korea","Western Pacific",4204,611667,55,5300
2021-12-28,"KR","Republic of Korea","Western Pacific",3862,615529,46,5346
2021-12-29,"KR","Republic of Korea","Western Pacific",5401,620930,36,5382
2021-12-30,"KR","Republic of Korea","Western Pacific",5033,625963,73,5455
2021-12-31,"KR","Republic of Korea","Western Pacific",4872,630835,108,5563
2022-01-01,"KR","Republic of Korea","Western Pacific",4415,635250,62,5625
2022-01-02,"KR","Republic of Korea","Western Pacific",3828,639078,69,5694
2022-01-03,"KR","Republic of Korea","Western Pacific",3124,642202,36,5730
2022-01-04,"KR","Republic of Korea","Western Pacific",3023,645225,51,5781
2022-01-05,"KR","Republic of Korea","Western Pacific",4441,649666,57,5838
2022-01-06,"KR","Republic of Korea","Western Pacific",4125,653791,49,5887
2022-01-07,"KR","Republic of Korea","Western Pacific",3714,657505,45,5932
2022-01-08,"KR","Republic of Korea","Western Pacific",3510,661015,54,5986
2022-01-09,"KR","Republic of Korea","Western Pacific",3368,664383,51,6037
2022-01-10,"KR","Republic of Korea","Western Pacific",3003,667386,34,6071
2022-01-11,"KR","Republic of Korea","Western Pacific",3094,670480,43,6114
2022-01-12,"KR","Republic of Korea","Western Pacific",4383,674863,52,6166
2022-01-13,"KR","Republic of Korea","Western Pacific",4161,679024,44,6210
2022-01-14,"KR","Republic of Korea","Western Pacific",4542,683566,49,6259
2022-01-15,"KR","Republic of Korea","Western Pacific",4414,687980,22,6281
2022-01-16,"KR","Republic of Korea","Western Pacific",4193,692173,29,6310
2022-01-17,"KR","Republic of Korea","Western Pacific",3857,696030,23,6333
2022-01-18,"KR","Republic of Korea","Western Pacific",4067,700097,45,6378
2022-01-19,"KR","Republic of Korea","Western Pacific",5803,705900,74,6452
2022-01-20,"KR","Republic of Korea","Western Pacific",6600,712500,28,6480
2022-01-21,"KR","Republic of Korea","Western Pacific",6769,719269,21,6501
2022-01-22,"KR","Republic of Korea","Western Pacific",7003,726272,28,6529
2022-01-23,"KR","Republic of Korea","Western Pacific",7628,733900,11,6540
2022-01-24,"KR","Republic of Korea","Western Pacific",7508,741408,25,6565
2022-01-25,"KR","Republic of Korea","Western Pacific",8563,749971,23,6588
2022-01-26,"KR","Republic of Korea","Western Pacific",13008,762979,32,6620
2022-01-27,"KR","Republic of Korea","Western Pacific",14507,777486,34,6654
2022-01-28,"KR","Republic of Korea","Western Pacific",16096,793582,24,6678
2022-01-29,"KR","Republic of Korea","Western Pacific",17523,811105,34,6712
2022-01-30,"KR","Republic of Korea","Western Pacific",17519,828624,20,6732
2022-01-31,"KR","Republic of Korea","Western Pacific",17075,845699,23,6755
2022-02-01,"KR","Republic of Korea","Western Pacific",18341,864040,17,6772
2022-02-02,"KR","Republic of Korea","Western Pacific",20267,884307,15,6787
2022-02-03,"KR","Republic of Korea","Western Pacific",22906,907213,25,6812
2022-02-04,"KR","Republic of Korea","Western Pacific",27437,934650,24,6836
2022-02-05,"KR","Republic of Korea","Western Pacific",36347,970997,22,6858
2022-02-06,"KR","Republic of Korea","Western Pacific",38680,1009677,15,6873
2022-02-07,"KR","Republic of Korea","Western Pacific",35285,1044962,13,6886
2022-02-08,"KR","Republic of Korea","Western Pacific",36710,1081672,36,6922
2022-02-09,"KR","Republic of Korea","Western Pacific",49567,1131239,21,6943
2022-02-10,"KR","Republic of Korea","Western Pacific",54122,1185361,20,6963
2022-02-11,"KR","Republic of Korea","Western Pacific",53926,1239287,49,7012
2022-02-12,"KR","Republic of Korea","Western Pacific",54912,1294199,33,7045
2022-02-13,"KR","Republic of Korea","Western Pacific",56428,1350627,36,7081
2022-02-14,"KR","Republic of Korea","Western Pacific",54617,1405244,21,7102
2022-02-15,"KR","Republic of Korea","Western Pacific",57164,1462408,61,7163
2022-02-16,"KR","Republic of Korea","Western Pacific",90435,1552843,39,7202
2022-02-17,"KR","Republic of Korea","Western Pacific",93132,1645975,36,7238
2022-02-18,"KR","Republic of Korea","Western Pacific",109823,1755798,45,7283
2022-02-19,"KR","Republic of Korea","Western Pacific",102210,1858008,71,7354
2022-02-20,"KR","Republic of Korea","Western Pacific",104814,1962822,51,7405
2022-02-21,"KR","Republic of Korea","Western Pacific",95339,2058161,45,7450
2022-02-22,"KR","Republic of Korea","Western Pacific",99569,2157730,58,7508
2022-02-23,"KR","Republic of Korea","Western Pacific",171442,2329172,99,7607
2022-02-24,"KR","Republic of Korea","Western Pacific",170015,2499187,82,7689
2022-02-25,"KR","Republic of Korea","Western Pacific",165890,2665077,94,7783
2022-02-26,"KR","Republic of Korea","Western Pacific",166198,2831275,112,7895
2022-02-27,"KR","Republic of Korea","Western Pacific",163555,2994830,49,7944
2022-02-28,"KR","Republic of Korea","Western Pacific",139626,3134456,114,8058
2022-03-01,"KR","Republic of Korea","Western Pacific",138989,3273445,112,8170
2022-03-02,"KR","Republic of Korea","Western Pacific",219240,3492685,96,8266
2022-03-03,"KR","Republic of Korea","Western Pacific",198788,3691473,128,8394
2022-03-04,"KR","Republic of Korea","Western Pacific",266853,3958326,186,8580
2022-03-05,"KR","Republic of Korea","Western Pacific",254310,4212636,216,8796
2022-03-06,"KR","Republic of Korea","Western Pacific",243625,4456261,161,8957
2021-12-06,"MD","Republic of Moldova","Europe",94,366256,9,9796
2021-12-07,"MD","Republic of Moldova","Europe",495,366751,27,9823
2021-12-08,"MD","Republic of Moldova","Europe",588,367339,26,9849
2021-12-09,"MD","Republic of Moldova","Europe",609,367948,23,9872
2021-12-10,"MD","Republic of Moldova","Europe",549,368497,22,9894
2021-12-11,"MD","Republic of Moldova","Europe",516,369013,18,9912
2021-12-12,"MD","Republic of Moldova","Europe",389,369402,21,9933
2021-12-13,"MD","Republic of Moldova","Europe",257,369659,14,9947
2021-12-14,"MD","Republic of Moldova","Europe",344,370003,25,9972
2021-12-15,"MD","Republic of Moldova","Europe",456,370459,21,9993
2021-12-16,"MD","Republic of Moldova","Europe",492,370951,20,10013
2021-12-17,"MD","Republic of Moldova","Europe",459,371410,16,10029
2021-12-18,"MD","Republic of Moldova","Europe",440,371850,16,10045
2021-12-19,"MD","Republic of Moldova","Europe",304,372154,16,10061
2021-12-20,"MD","Republic of Moldova","Europe",46,372200,11,10072
2021-12-21,"MD","Republic of Moldova","Europe",229,372429,28,10100
2021-12-22,"MD","Republic of Moldova","Europe",554,372983,19,10119
2021-12-23,"MD","Republic of Moldova","Europe",390,373373,17,10136
2021-12-24,"MD","Republic of Moldova","Europe",379,373752,18,10154
2021-12-25,"MD","Republic of Moldova","Europe",368,374120,14,10168
2021-12-26,"MD","Republic of Moldova","Europe",229,374349,16,10184
2021-12-27,"MD","Republic of Moldova","Europe",177,374526,8,10192
2021-12-28,"MD","Republic of Moldova","Europe",237,374763,12,10204
2021-12-29,"MD","Republic of Moldova","Europe",302,375065,20,10224
2021-12-30,"MD","Republic of Moldova","Europe",293,375358,22,10246
2021-12-31,"MD","Republic of Moldova","Europe",422,375780,23,10269
2022-01-01,"MD","Republic of Moldova","Europe",375,376155,6,10275
2022-01-02,"MD","Republic of Moldova","Europe",279,376434,9,10284
2022-01-03,"MD","Republic of Moldova","Europe",168,376602,6,10290
2022-01-04,"MD","Republic of Moldova","Europe",242,376844,16,10306
2022-01-05,"MD","Republic of Moldova","Europe",652,377496,13,10319
2022-01-06,"MD","Republic of Moldova","Europe",706,378202,9,10328
2022-01-07,"MD","Republic of Moldova","Europe",702,378904,12,10340
2022-01-08,"MD","Republic of Moldova","Europe",668,379572,10,10350
2022-01-09,"MD","Republic of Moldova","Europe",329,379901,6,10356
2022-01-10,"MD","Republic of Moldova","Europe",389,380290,7,10363
2022-01-11,"MD","Republic of Moldova","Europe",695,380985,17,10380
2022-01-12,"MD","Republic of Moldova","Europe",1139,382124,17,10397
2022-01-13,"MD","Republic of Moldova","Europe",1420,383544,9,10406
2022-01-14,"MD","Republic of Moldova","Europe",1503,385047,10,10416
2022-01-15,"MD","Republic of Moldova","Europe",1858,386905,11,10427
2022-01-16,"MD","Republic of Moldova","Europe",1015,387920,10,10437
2022-01-17,"MD","Republic of Moldova","Europe",1039,388959,7,10444
2022-01-18,"MD","Republic of Moldova","Europe",1783,390742,8,10452
2022-01-19,"MD","Republic of Moldova","Europe",2681,393423,10,10462
2022-01-20,"MD","Republic of Moldova","Europe",3255,396678,8,10470
2022-01-21,"MD","Republic of Moldova","Europe",3907,400585,18,10488
2022-01-22,"MD","Republic of Moldova","Europe",3971,404556,13,10501
2022-01-23,"MD","Republic of Moldova","Europe",2447,407003,12,10513
2022-01-24,"MD","Republic of Moldova","Europe",2394,409397,9,10522
2022-01-25,"MD","Republic of Moldova","Europe",2834,412231,20,10542
2022-01-26,"MD","Republic of Moldova","Europe",5138,417369,24,10566
2022-01-27,"MD","Republic of Moldova","Europe",6199,423568,18,10584
2022-01-28,"MD","Republic of Moldova","Europe",5366,428934,16,10600
2022-01-29,"MD","Republic of Moldova","Europe",5615,434549,21,10621
2022-01-30,"MD","Republic of Moldova","Europe",3700,438249,14,10635
2022-01-31,"MD","Republic of Moldova","Europe",2449,440698,7,10642
2022-02-01,"MD","Republic of Moldova","Europe",4348,445046,24,10666
2022-02-02,"MD","Republic of Moldova","Europe",4794,449840,25,10691
2022-02-03,"MD","Republic of Moldova","Europe",5255,455095,27,10718
2022-02-04,"MD","Republic of Moldova","Europe",5212,460307,16,10734
2022-02-05,"MD","Republic of Moldova","Europe",3927,464234,21,10755
2022-02-06,"MD","Republic of Moldova","Europe",3037,467271,13,10768
2022-02-07,"MD","Republic of Moldova","Europe",1511,468782,8,10776
2022-02-08,"MD","Republic of Moldova","Europe",2742,471524,27,10803
2022-02-09,"MD","Republic of Moldova","Europe",3024,474548,34,10837
2022-02-10,"MD","Republic of Moldova","Europe",2871,477419,29,10866
2022-02-11,"MD","Republic of Moldova","Europe",2870,480289,27,10893
2022-02-12,"MD","Republic of Moldova","Europe",2553,482842,31,10924
2022-02-13,"MD","Republic of Moldova","Europe",1674,484516,16,10940
2022-02-14,"MD","Republic of Moldova","Europe",1047,485563,22,10962
2022-02-15,"MD","Republic of Moldova","Europe",1720,487283,20,10982
2022-02-16,"MD","Republic of Moldova","Europe",1616,488899,27,11009
2022-02-17,"MD","Republic of Moldova","Europe",1852,490751,32,11041
2022-02-18,"MD","Republic of Moldova","Europe",1853,492604,27,11068
2022-02-19,"MD","Republic of Moldova","Europe",1615,494219,25,11093
2022-02-20,"MD","Republic of Moldova","Europe",965,495184,10,11103
2022-02-21,"MD","Republic of Moldova","Europe",231,495415,14,11117
2022-02-22,"MD","Republic of Moldova","Europe",1561,496976,19,11136
2022-02-23,"MD","Republic of Moldova","Europe",970,497946,21,11157
2022-02-24,"MD","Republic of Moldova","Europe",1069,499015,14,11171
2022-02-25,"MD","Republic of Moldova","Europe",1129,500144,14,11185
2022-02-26,"MD","Republic of Moldova","Europe",668,500812,16,11201
2022-02-27,"MD","Republic of Moldova","Europe",500,501312,12,11213
2022-02-28,"MD","Republic of Moldova","Europe",488,501800,3,11216
2022-03-01,"MD","Republic of Moldova","Europe",586,502386,12,11228
2022-03-02,"MD","Republic of Moldova","Europe",570,502956,14,11242
2022-03-03,"MD","Republic of Moldova","Europe",734,503690,12,11254
2022-03-04,"MD","Republic of Moldova","Europe",617,504307,15,11269
2022-03-05,"MD","Republic of Moldova","Europe",568,504875,16,11285
2022-03-06,"MD","Republic of Moldova","Europe",518,505393,7,11292
2021-12-06,"RE","Réunion","Africa",0,61188,0,384
2021-12-07,"RE","Réunion","Africa",2675,63863,7,391
2021-12-08,"RE","Réunion","Africa",0,63863,0,391
2021-12-09,"RE","Réunion","Africa",0,63863,0,391
2021-12-10,"RE","Réunion","Africa",0,63863,0,391
2021-12-11,"RE","Réunion","Africa",0,63863,0,391
2021-12-12,"RE","Réunion","Africa",0,63863,0,391
2021-12-13,"RE","Réunion","Africa",0,63863,0,391
2021-12-14,"RE","Réunion","Africa",3374,67237,2,393
2021-12-15,"RE","Réunion","Africa",0,67237,0,393
2021-12-16,"RE","Réunion","Africa",0,67237,0,393
2021-12-17,"RE","Réunion","Africa",0,67237,0,393
2021-12-18,"RE","Réunion","Africa",0,67237,0,393
2021-12-19,"RE","Réunion","Africa",0,67237,0,393
2021-12-20,"RE","Réunion","Africa",0,67237,0,393
2021-12-21,"RE","Réunion","Africa",0,67237,0,393
2021-12-22,"RE","Réunion","Africa",0,67237,0,393
2021-12-23,"RE","Réunion","Africa",4558,71795,8,401
2021-12-24,"RE","Réunion","Africa",0,71795,0,401
2021-12-25,"RE","Réunion","Africa",0,71795,0,401
2021-12-26,"RE","Réunion","Africa",0,71795,0,401
2021-12-27,"RE","Réunion","Africa",0,71795,0,401
2021-12-28,"RE","Réunion","Africa",0,71795,0,401
2021-12-29,"RE","Réunion","Africa",4807,76602,8,409
2021-12-30,"RE","Réunion","Africa",0,76602,0,409
2021-12-31,"RE","Réunion","Africa",0,76602,0,409
2022-01-01,"RE","Réunion","Africa",0,76602,0,409
2022-01-02,"RE","Réunion","Africa",0,76602,0,409
2022-01-03,"RE","Réunion","Africa",0,76602,0,409
2022-01-04,"RE","Réunion","Africa",0,76602,0,409
2022-01-05,"RE","Réunion","Africa",9358,85960,10,419
2022-01-06,"RE","Réunion","Africa",0,85960,0,419
2022-01-07,"RE","Réunion","Africa",0,85960,0,419
2022-01-08,"RE","Réunion","Africa",0,85960,0,419
2022-01-09,"RE","Réunion","Africa",0,85960,0,419
2022-01-10,"RE","Réunion","Africa",0,85960,0,419
2022-01-11,"RE","Réunion","Africa",0,85960,0,419
2022-01-12,"RE","Réunion","Africa",16256,102216,16,435
2022-01-13,"RE","Réunion","Africa",0,102216,0,435
2022-01-14,"RE","Réunion","Africa",0,102216,0,435
2022-01-15,"RE","Réunion","Africa",0,102216,0,435
2022-01-16,"RE","Réunion","Africa",0,102216,0,435
2022-01-17,"RE","Réunion","Africa",0,102216,0,435
2022-01-18,"RE","Réunion","Africa",0,102216,0,435
2022-01-19,"RE","Réunion","Africa",31401,133617,27,462
2022-01-20,"RE","Réunion","Africa",0,133617,0,462
2022-01-21,"RE","Réunion","Africa",0,133617,0,462
2022-01-22,"RE","Réunion","Africa",0,133617,0,462
2022-01-23,"RE","Réunion","Africa",0,133617,0,462
2022-01-24,"RE","Réunion","Africa",0,133617,0,462
2022-01-25,"RE","Réunion","Africa",46914,180531,38,500
2022-01-26,"RE","Réunion","Africa",0,180531,0,500
2022-01-27,"RE","Réunion","Africa",0,180531,0,500
2022-01-28,"RE","Réunion","Africa",0,180531,0,500
2022-01-29,"RE","Réunion","Africa",0,180531,0,500
2022-01-30,"RE","Réunion","Africa",0,180531,0,500
2022-01-31,"RE","Réunion","Africa",0,180531,0,500
2022-02-01,"RE","Réunion","Africa",0,180531,0,500
2022-02-02,"RE","Réunion","Africa",45474,226005,31,531
2022-02-03,"RE","Réunion","Africa",0,226005,0,531
2022-02-04,"RE","Réunion","Africa",0,226005,0,531
2022-02-05,"RE","Réunion","Africa",0,226005,0,531
2022-02-06,"RE","Réunion","Africa",0,226005,0,531
2022-02-07,"RE","Réunion","Africa",0,226005,0,531
2022-02-08,"RE","Réunion","Africa",0,226005,0,531
2022-02-09,"RE","Réunion","Africa",30782,256787,34,565
2022-02-10,"RE","Réunion","Africa",0,256787,0,565
2022-02-11,"RE","Réunion","Africa",0,256787,0,565
2022-02-12,"RE","Réunion","Africa",0,256787,0,565
2022-02-13,"RE","Réunion","Africa",0,256787,0,565
2022-02-14,"RE","Réunion","Africa",0,256787,0,565
2022-02-15,"RE","Réunion","Africa",0,256787,0,565
2022-02-16,"RE","Réunion","Africa",21707,278494,38,603
2022-02-17,"RE","Réunion","Africa",0,278494,0,603
2022-02-18,"RE","Réunion","Africa",0,278494,0,603
2022-02-19,"RE","Réunion","Africa",0,278494,0,603
2022-02-20,"RE","Réunion","Africa",0,278494,0,603
2022-02-21,"RE","Réunion","Africa",0,278494,0,603
2022-02-22,"RE","Réunion","Africa",13632,292126,37,640
2022-02-23,"RE","Réunion","Africa",0,292126,0,640
2022-02-24,"RE","Réunion","Africa",0,292126,0,640
2022-02-25,"RE","Réunion","Africa",0,292126,0,640
2022-02-26,"RE","Réunion","Africa",0,292126,0,640
2022-02-27,"RE","Réunion","Africa",0,292126,0,640
2022-02-28,"RE","Réunion","Africa",0,292126,0,640
2022-03-01,"RE","Réunion","Africa",10036,302162,26,666
2022-03-02,"RE","Réunion","Africa",0,302162,0,666
2022-03-03,"RE","Réunion","Africa",0,302162,0,666
2022-03-04,"RE","Réunion","Africa",0,302162,0,666
2022-03-05,"RE","Réunion","Africa",0,302162,0,666
2022-03-06,"RE","Réunion","Africa",0,302162,0,666
2021-12-06,"RO","Romania","Europe",916,1786036,78,57099
2021-12-07,"RO","Romania","Europe",803,1786839,54,57153
2021-12-08,"RO","Romania","Europe",1421,1788260,107,57260
2021-12-09,"RO","Romania","Europe",1279,1789539,100,57360
2021-12-10,"RO","Romania","Europe",1032,1790571,74,57434
2021-12-11,"RO","Romania","Europe",931,1791502,97,57531
2021-12-12,"RO","Romania","Europe",931,1792433,105,57636
2021-12-13,"RO","Romania","Europe",716,1793149,60,57696
2021-12-14,"RO","Romania","Europe",494,1793643,45,57741
2021-12-15,"RO","Romania","Europe",946,1794589,106,57847
2021-12-16,"RO","Romania","Europe",829,1795418,88,57935
2021-12-17,"RO","Romania","Europe",812,1796230,84,58019
2021-12-18,"RO","Romania","Europe",743,1796973,60,58079
2021-12-19,"RO","Romania","Europe",733,1797706,64,58143
2021-12-20,"RO","Romania","Europe",499,1798205,53,58196
2021-12-21,"RO","Romania","Europe",424,1798629,36,58232
2021-12-22,"RO","Romania","Europe",826,1799455,88,58320
2021-12-23,"RO","Romania","Europe",851,1800306,62,58382
2021-12-24,"RO","Romania","Europe",775,1801081,81,58463
2021-12-25,"RO","Romania","Europe",717,1801798,44,58507
2021-12-26,"RO","Romania","Europe",598,1802396,29,58536
2021-12-27,"RO","Romania","Europe",349,1802745,15,58551
2021-12-28,"RO","Romania","Europe",566,1803311,24,58575
2021-12-29,"RO","Romania","Europe",1144,1804455,67,58642
2021-12-30,"RO","Romania","Europe",1271,1805726,35,58677
2021-12-31,"RO","Romania","Europe",1497,1807223,37,58714
2022-01-01,"RO","Romania","Europe",1668,1808891,38,58752
2022-01-02,"RO","Romania","Europe",1451,1810342,27,58779
2022-01-03,"RO","Romania","Europe",958,1811300,17,58796
2022-01-04,"RO","Romania","Europe",1756,1813056,18,58814
2022-01-05,"RO","Romania","Europe",3900,1816956,52,58866
2022-01-06,"RO","Romania","Europe",4893,1821849,30,58896
2022-01-07,"RO","Romania","Europe",6018,1827867,44,58940
2022-01-08,"RO","Romania","Europe",5922,1833789,31,58971
2022-01-09,"RO","Romania","Europe",6036,1839825,26,58997
2022-01-10,"RO","Romania","Europe",4712,1844537,14,59011
2022-01-11,"RO","Romania","Europe",4104,1848641,16,59027
2022-01-12,"RO","Romania","Europe",8861,1857502,43,59070
2022-01-13,"RO","Romania","Europe",8600,1866102,44,59114
2022-01-14,"RO","Romania","Europe",9785,1875887,36,59150
2022-01-15,"RO","Romania","Europe",9884,1885771,30,59180
2022-01-16,"RO","Romania","Europe",10062,1895833,32,59212
2022-01-17,"RO","Romania","Europe",7595,1903428,28,59240
2022-01-18,"RO","Romania","Europe",8118,1911546,17,59257
2022-01-19,"RO","Romania","Europe",16760,1928306,70,59327
2022-01-20,"RO","Romania","Europe",16610,1944916,58,59385
2022-01-21,"RO","Romania","Europe",19105,1964021,43,59428
2022-01-22,"RO","Romania","Europe",19649,1983670,49,59477
2022-01-23,"RO","Romania","Europe",19371,2003041,48,59525
2022-01-24,"RO","Romania","Europe",14088,2017129,22,59547
2022-01-25,"RO","Romania","Europe",12082,2029211,41,59588
2022-01-26,"RO","Romania","Europe",19685,2048896,44,59632
2022-01-27,"RO","Romania","Europe",34255,2083151,94,59726
2022-01-28,"RO","Romania","Europe",31683,2114834,71,59797
2022-01-29,"RO","Romania","Europe",31724,2146558,60,59857
2022-01-30,"RO","Romania","Europe",30168,2176726,75,59932
2022-01-31,"RO","Romania","Europe",19668,2196394,52,59984
2022-02-01,"RO","Romania","Europe",20131,2216525,41,60025
2022-02-02,"RO","Romania","Europe",40018,2256543,97,60122
2022-02-03,"RO","Romania","Europe",35802,2292345,120,60242
2022-02-04,"RO","Romania","Europe",32671,2325016,111,60353
2022-02-05,"RO","Romania","Europe",31776,2356792,97,60450
2022-02-06,"RO","Romania","Europe",28921,2385713,110,60560
2022-02-07,"RO","Romania","Europe",16108,2401821,82,60642
2022-02-08,"RO","Romania","Europe",16958,2418779,81,60723
2022-02-09,"RO","Romania","Europe",36269,2455048,193,60916
2022-02-10,"RO","Romania","Europe",27346,2482394,176,61092
2022-02-11,"RO","Romania","Europe",26466,2508860,139,61231
2022-02-12,"RO","Romania","Europe",22737,2531597,132,61363
2022-02-13,"RO","Romania","Europe",18751,2550348,157,61520
2022-02-14,"RO","Romania","Europe",11967,2562315,81,61601
2022-02-15,"RO","Romania","Europe",12069,2574384,75,61676
2022-02-16,"RO","Romania","Europe",21885,2596269,204,61880
2022-02-17,"RO","Romania","Europe",17447,2613716,183,62063
2022-02-18,"RO","Romania","Europe",15374,2629090,125,62188
2022-02-19,"RO","Romania","Europe",14524,2643614,135,62323
2022-02-20,"RO","Romania","Europe",12319,2655933,148,62471
2022-02-21,"RO","Romania","Europe",7687,2663620,68,62539
2022-02-22,"RO","Romania","Europe",7694,2671314,85,62624
2022-02-23,"RO","Romania","Europe",14775,2686089,215,62839
2022-02-24,"RO","Romania","Europe",11477,2697566,119,62958
2022-02-25,"RO","Romania","Europe",10749,2708315,115,63073
2022-02-26,"RO","Romania","Europe",8974,2717289,120,63193
2022-02-27,"RO","Romania","Europe",7191,2724480,101,63294
2022-02-28,"RO","Romania","Europe",4247,2728727,59,63353
2022-03-01,"RO","Romania","Europe",4757,2733484,61,63414
2022-03-02,"RO","Romania","Europe",8461,2741945,164,63578
2022-03-03,"RO","Romania","Europe",6832,2748777,90,63668
2022-03-04,"RO","Romania","Europe",5953,2754730,114,63782
2022-03-05,"RO","Romania","Europe",5602,2760332,67,63849
2022-03-06,"RO","Romania","Europe",4837,2765169,82,63931
2021-12-06,"RU","Russian Federation","Europe",32136,9833749,1184,282462
2021-12-07,"RU","Russian Federation","Europe",31096,9864845,1182,283644
2021-12-08,"RU","Russian Federation","Europe",30752,9895597,1179,284823
2021-12-09,"RU","Russian Federation","Europe",30209,9925806,1181,286004
2021-12-10,"RU","Russian Federation","Europe",30873,9956679,1176,287180
2021-12-11,"RU","Russian Federation","Europe",30288,9986967,1171,288351
2021-12-12,"RU","Russian Federation","Europe",29929,10016896,1132,289483
2021-12-13,"RU","Russian Federation","Europe",29558,10046454,1121,290604
2021-12-14,"RU","Russian Federation","Europe",28343,10074797,1145,291749
2021-12-15,"RU","Russian Federation","Europe",28363,10103160,1142,292891
2021-12-16,"RU","Russian Federation","Europe",28486,10131646,1133,294024
2021-12-17,"RU","Russian Federation","Europe",27743,10159389,1080,295104
2021-12-18,"RU","Russian Federation","Europe",27434,10186823,1076,296180
2021-12-19,"RU","Russian Federation","Europe",27967,10214790,1023,297203
2021-12-20,"RU","Russian Federation","Europe",27022,10241812,1019,298222
2021-12-21,"RU","Russian Federation","Europe",25907,10267719,1027,299249
2021-12-22,"RU","Russian Federation","Europe",25264,10292983,1020,300269
2021-12-23,"RU","Russian Federation","Europe",25667,10318650,1002,301271
2021-12-24,"RU","Russian Federation","Europe",24703,10343353,998,302269
2021-12-25,"RU","Russian Federation","Europe",24946,10368299,981,303250
2021-12-26,"RU","Russian Federation","Europe",23721,10392020,968,304218
2021-12-27,"RU","Russian Federation","Europe",23210,10415230,937,305155
2021-12-28,"RU","Russian Federation","Europe",21922,10437152,935,306090
2021-12-29,"RU","Russian Federation","Europe",21119,10458271,932,307022
2021-12-30,"RU","Russian Federation","Europe",21073,10479344,926,307948
2021-12-31,"RU","Russian Federation","Europe",20638,10499982,912,308860
2022-01-01,"RU","Russian Federation","Europe",19751,10519733,847,309707
2022-01-02,"RU","Russian Federation","Europe",18233,10537966,811,310518
2022-01-03,"RU","Russian Federation","Europe",16343,10554309,835,311353
2022-01-04,"RU","Russian Federation","Europe",15903,10570212,834,312187
2022-01-05,"RU","Russian Federation","Europe",15772,10585984,828,313015
2022-01-06,"RU","Russian Federation","Europe",15316,10601300,802,313817
2022-01-07,"RU","Russian Federation","Europe",16735,10618035,787,314604
2022-01-08,"RU","Russian Federation","Europe",16568,10634603,796,315400
2022-01-09,"RU","Russian Federation","Europe",16246,10650849,763,316163
2022-01-10,"RU","Russian Federation","Europe",15830,10666679,741,316904
2022-01-11,"RU","Russian Federation","Europe",17525,10684204,783,317687
2022-01-12,"RU","Russian Federation","Europe",17946,10702150,745,318432
2022-01-13,"RU","Russian Federation","Europe",21155,10723305,740,319172
2022-01-14,"RU","Russian Federation","Europe",23820,10747125,739,319911
2022-01-15,"RU","Russian Federation","Europe",27179,10774304,723,320634
2022-01-16,"RU","Russian Federation","Europe",29230,10803534,686,321320
2022-01-17,"RU","Russian Federation","Europe",30726,10834260,670,321990
2022-01-18,"RU","Russian Federation","Europe",31252,10865512,688,322678
2022-01-19,"RU","Russian Federation","Europe",33899,10899411,698,323376
2022-01-20,"RU","Russian Federation","Europe",38850,10938261,684,324060
2022-01-21,"RU","Russian Federation","Europe",49513,10987774,692,324752
2022-01-22,"RU","Russian Federation","Europe",57212,11044986,681,325433
2022-01-23,"RU","Russian Federation","Europe",63205,11108191,679,326112
2022-01-24,"RU","Russian Federation","Europe",65109,11173300,655,326767
2022-01-25,"RU","Russian Federation","Europe",67809,11241109,681,327448
2022-01-26,"RU","Russian Federation","Europe",74692,11315801,657,328105
2022-01-27,"RU","Russian Federation","Europe",88816,11404617,665,328770
2022-01-28,"RU","Russian Federation","Europe",98040,11502657,673,329443
2022-01-29,"RU","Russian Federation","Europe",113122,11615779,668,330111
2022-01-30,"RU","Russian Federation","Europe",121228,11737007,617,330728
2022-01-31,"RU","Russian Federation","Europe",124070,11861077,621,331349
2022-02-01,"RU","Russian Federation","Europe",125836,11986913,663,332012
2022-02-02,"RU","Russian Federation","Europe",141883,12128796,678,332690
2022-02-03,"RU","Russian Federation","Europe",155768,12284564,667,333357
2022-02-04,"RU","Russian Federation","Europe",168201,12452765,682,334039
2022-02-05,"RU","Russian Federation","Europe",177282,12630047,714,334753
2022-02-06,"RU","Russian Federation","Europe",180071,12810118,661,335414
2022-02-07,"RU","Russian Federation","Europe",171905,12982023,609,336023
2022-02-08,"RU","Russian Federation","Europe",165643,13147666,698,336721
2022-02-09,"RU","Russian Federation","Europe",183103,13330769,669,337390
2022-02-10,"RU","Russian Federation","Europe",197076,13527845,701,338091
2022-02-11,"RU","Russian Federation","Europe",203949,13731794,722,338813
2022-02-12,"RU","Russian Federation","Europe",203766,13935560,729,339542
2022-02-13,"RU","Russian Federation","Europe",197949,14133509,706,340248
2022-02-14,"RU","Russian Federation","Europe",180456,14313965,683,340931
2022-02-15,"RU","Russian Federation","Europe",166631,14480596,704,341635
2022-02-16,"RU","Russian Federation","Europe",179284,14659880,748,342383
2022-02-17,"RU","Russian Federation","Europe",180622,14840502,790,343173
2022-02-18,"RU","Russian Federation","Europe",180071,15020573,784,343957
2022-02-19,"RU","Russian Federation","Europe",179147,15199720,798,344755
2022-02-20,"RU","Russian Federation","Europe",170699,15370419,745,345500
2022-02-21,"RU","Russian Federation","Europe",152337,15522756,735,346235
2022-02-22,"RU","Russian Federation","Europe",135172,15657928,796,347031
2022-02-23,"RU","Russian Federation","Europe",137642,15795570,785,347816
2022-02-24,"RU","Russian Federation","Europe",132998,15928568,762,348578
2022-02-25,"RU","Russian Federation","Europe",123460,16052028,787,349365
2022-02-26,"RU","Russian Federation","Europe",123175,16175203,793,350158
2022-02-27,"RU","Russian Federation","Europe",115913,16291116,769,350927
2022-02-28,"RU","Russian Federation","Europe",106920,16398036,733,351660
2022-03-01,"RU","Russian Federation","Europe",97333,16495369,786,352446
2022-03-02,"RU","Russian Federation","Europe",97455,16592824,784,353230
2022-03-03,"RU","Russian Federation","Europe",93026,16685850,781,354011
2022-03-04,"RU","Russian Federation","Europe",89174,16775024,776,354787
2022-03-05,"RU","Russian Federation","Europe",86769,16861793,750,355537
2022-03-06,"RU","Russian Federation","Europe",79863,16941656,744,356281
2021-12-06,"RW","Rwanda","Africa",10,100414,0,1343
2021-12-07,"RW","Rwanda","Africa",15,100429,0,1343
2021-12-08,"RW","Rwanda","Africa",20,100449,0,1343
2021-12-09,"RW","Rwanda","Africa",15,100464,1,1344
2021-12-10,"RW","Rwanda","Africa",53,100517,0,1344
2021-12-11,"RW","Rwanda","Africa",39,100556,0,1344
2021-12-12,"RW","Rwanda","Africa",28,100584,0,1344
2021-12-13,"RW","Rwanda","Africa",50,100634,0,1344
2021-12-14,"RW","Rwanda","Africa",79,100713,0,1344
2021-12-15,"RW","Rwanda","Africa",50,100763,0,1344
2021-12-16,"RW","Rwanda","Africa",125,100888,0,1344
2021-12-17,"RW","Rwanda","Africa",142,101030,0,1344
2021-12-18,"RW","Rwanda","Africa",153,101183,0,1344
2021-12-19,"RW","Rwanda","Africa",230,101413,0,1344
2021-12-20,"RW","Rwanda","Africa",169,101582,0,1344
2021-12-21,"RW","Rwanda","Africa",307,101889,1,1345
2021-12-22,"RW","Rwanda","Africa",343,102232,0,1345
2021-12-23,"RW","Rwanda","Africa",465,102697,0,1345
2021-12-24,"RW","Rwanda","Africa",473,103170,0,1345
2021-12-25,"RW","Rwanda","Africa",629,103799,0,1345
2021-12-26,"RW","Rwanda","Africa",713,104512,1,1346
2021-12-27,"RW","Rwanda","Africa",515,105027,1,1347
2021-12-28,"RW","Rwanda","Africa",962,105989,1,1348
2021-12-29,"RW","Rwanda","Africa",998,106987,1,1349
2021-12-30,"RW","Rwanda","Africa",2083,109070,0,1349
2021-12-31,"RW","Rwanda","Africa",1488,110558,0,1349
2022-01-01,"RW","Rwanda","Africa",1228,111786,1,1350
2022-01-02,"RW","Rwanda","Africa",868,112654,1,1351
2022-01-03,"RW","Rwanda","Africa",928,113582,4,1355
2022-01-04,"RW","Rwanda","Africa",998,114580,2,1357
2022-01-05,"RW","Rwanda","Africa",1477,116057,0,1357
2022-01-06,"RW","Rwanda","Africa",1066,117123,5,1362
2022-01-07,"RW","Rwanda","Africa",1219,118342,5,1367
2022-01-08,"RW","Rwanda","Africa",1079,119421,0,1367
2022-01-09,"RW","Rwanda","Africa",953,120374,6,1373
2022-01-10,"RW","Rwanda","Africa",610,120984,2,1375
2022-01-11,"RW","Rwanda","Africa",758,121742,9,1384
2022-01-12,"RW","Rwanda","Africa",661,122403,3,1387
2022-01-13,"RW","Rwanda","Africa",763,123166,4,1391
2022-01-14,"RW","Rwanda","Africa",720,123886,4,1395
2022-01-15,"RW","Rwanda","Africa",533,124419,4,1399
2022-01-16,"RW","Rwanda","Africa",383,124802,4,1403
2022-01-17,"RW","Rwanda","Africa",364,125166,5,1408
2022-01-18,"RW","Rwanda","Africa",402,125568,3,1411
2022-01-19,"RW","Rwanda","Africa",565,126133,2,1413
2022-01-20,"RW","Rwanda","Africa",552,126685,4,1417
2022-01-21,"RW","Rwanda","Africa",542,127227,5,1422
2022-01-22,"RW","Rwanda","Africa",428,127655,6,1428
2022-01-23,"RW","Rwanda","Africa",247,127902,4,1432
2022-01-24,"RW","Rwanda","Africa",107,128009,0,1432
2022-01-25,"RW","Rwanda","Africa",196,128205,1,1433
2022-01-26,"RW","Rwanda","Africa",173,128378,0,1433
2022-01-27,"RW","Rwanda","Africa",131,128509,1,1434
2022-01-28,"RW","Rwanda","Africa",120,128629,2,1436
2022-01-29,"RW","Rwanda","Africa",79,128708,2,1438
2022-01-30,"RW","Rwanda","Africa",94,128802,0,1438
2022-01-31,"RW","Rwanda","Africa",39,128841,0,1438
2022-02-01,"RW","Rwanda","Africa",50,128891,2,1440
2022-02-02,"RW","Rwanda","Africa",42,128933,4,1444
2022-02-03,"RW","Rwanda","Africa",38,128971,0,1444
2022-02-04,"RW","Rwanda","Africa",68,129039,0,1444
2022-02-05,"RW","Rwanda","Africa",45,129084,1,1445
2022-02-06,"RW","Rwanda","Africa",41,129125,1,1446
2022-02-07,"RW","Rwanda","Africa",0,129125,0,1446
2022-02-08,"RW","Rwanda","Africa",32,129157,1,1447
2022-02-09,"RW","Rwanda","Africa",20,129177,0,1447
2022-02-10,"RW","Rwanda","Africa",33,129210,2,1449
2022-02-11,"RW","Rwanda","Africa",24,129234,0,1449
2022-02-12,"RW","Rwanda","Africa",44,129278,0,1449
2022-02-13,"RW","Rwanda","Africa",17,129295,1,1450
2022-02-14,"RW","Rwanda","Africa",0,129295,0,1450
2022-02-15,"RW","Rwanda","Africa",16,129311,2,1452
2022-02-16,"RW","Rwanda","Africa",15,129326,0,1452
2022-02-17,"RW","Rwanda","Africa",11,129337,0,1452
2022-02-18,"RW","Rwanda","Africa",0,129337,0,1452
2022-02-19,"RW","Rwanda","Africa",22,129359,2,1454
2022-02-20,"RW","Rwanda","Africa",10,129369,1,1455
2022-02-21,"RW","Rwanda","Africa",3,129372,1,1456
2022-02-22,"RW","Rwanda","Africa",6,129378,0,1456
2022-02-23,"RW","Rwanda","Africa",41,129419,1,1457
2022-02-24,"RW","Rwanda","Africa",17,129436,0,1457
2022-02-25,"RW","Rwanda","Africa",32,129468,0,1457
2022-02-26,"RW","Rwanda","Africa",15,129483,0,1457
2022-02-27,"RW","Rwanda","Africa",2,129485,0,1457
2022-02-28,"RW","Rwanda","Africa",4,129489,0,1457
2022-03-01,"RW","Rwanda","Africa",13,129502,0,1457
2022-03-02,"RW","Rwanda","Africa",14,129516,0,1457
2022-03-03,"RW","Rwanda","Africa",17,129533,0,1457
2022-03-04,"RW","Rwanda","Africa",10,129543,1,1458
2022-03-05,"RW","Rwanda","Africa",5,129548,0,1458
2022-03-06,"RW","Rwanda","Africa",3,129551,0,1458
2021-12-06,"XC","Saba","Americas",0,12,0,0
2021-12-07,"XC","Saba","Americas",0,12,0,0
2021-12-08,"XC","Saba","Americas",0,12,0,0
2021-12-09,"XC","Saba","Americas",0,12,0,0
2021-12-10,"XC","Saba","Americas",0,12,0,0
2021-12-11,"XC","Saba","Americas",0,12,0,0
2021-12-12,"XC","Saba","Americas",0,12,0,0
2021-12-13,"XC","Saba","Americas",0,12,0,0
2021-12-14,"XC","Saba","Americas",0,12,0,0
2021-12-15,"XC","Saba","Americas",0,12,0,0
2021-12-16,"XC","Saba","Americas",0,12,0,0
2021-12-17,"XC","Saba","Americas",1,13,0,0
2021-12-18,"XC","Saba","Americas",0,13,0,0
2021-12-19,"XC","Saba","Americas",0,13,0,0
2021-12-20,"XC","Saba","Americas",0,13,0,0
2021-12-21,"XC","Saba","Americas",0,13,0,0
2021-12-22,"XC","Saba","Americas",1,14,0,0
2021-12-23,"XC","Saba","Americas",0,14,0,0
2021-12-24,"XC","Saba","Americas",0,14,0,0
2021-12-25,"XC","Saba","Americas",0,14,0,0
2021-12-26,"XC","Saba","Americas",0,14,0,0
2021-12-27,"XC","Saba","Americas",0,14,0,0
2021-12-28,"XC","Saba","Americas",9,23,0,0
2021-12-29,"XC","Saba","Americas",7,30,0,0
2021-12-30,"XC","Saba","Americas",1,31,0,0
2021-12-31,"XC","Saba","Americas",0,31,0,0
2022-01-01,"XC","Saba","Americas",13,44,0,0
2022-01-02,"XC","Saba","Americas",0,44,0,0
2022-01-03,"XC","Saba","Americas",0,44,0,0
2022-01-04,"XC","Saba","Americas",13,57,0,0
2022-01-05,"XC","Saba","Americas",0,57,0,0
2022-01-06,"XC","Saba","Americas",27,84,0,0
2022-01-07,"XC","Saba","Americas",11,95,0,0
2022-01-08,"XC","Saba","Americas",12,107,0,0
2022-01-09,"XC","Saba","Americas",0,107,0,0
2022-01-10,"XC","Saba","Americas",0,107,0,0
2022-01-11,"XC","Saba","Americas",35,142,0,0
2022-01-12,"XC","Saba","Americas",13,155,0,0
2022-01-13,"XC","Saba","Americas",12,167,0,0
2022-01-14,"XC","Saba","Americas",9,176,0,0
2022-01-15,"XC","Saba","Americas",4,180,0,0
2022-01-16,"XC","Saba","Americas",0,180,0,0
2022-01-17,"XC","Saba","Americas",0,180,0,0
2022-01-18,"XC","Saba","Americas",0,180,0,0
2022-01-19,"XC","Saba","Americas",8,188,0,0
2022-01-20,"XC","Saba","Americas",6,194,0,0
2022-01-21,"XC","Saba","Americas",2,196,0,0
2022-01-22,"XC","Saba","Americas",2,198,0,0
2022-01-23,"XC","Saba","Americas",0,198,0,0
2022-01-24,"XC","Saba","Americas",0,198,0,0
2022-01-25,"XC","Saba","Americas",1,199,0,0
2022-01-26,"XC","Saba","Americas",0,199,0,0
2022-01-27,"XC","Saba","Americas",0,199,0,0
2022-01-28,"XC","Saba","Americas",0,199,0,0
2022-01-29,"XC","Saba","Americas",0,199,0,0
2022-01-30,"XC","Saba","Americas",0,199,0,0
2022-01-31,"XC","Saba","Americas",0,199,0,0
2022-02-01,"XC","Saba","Americas",0,199,0,0
2022-02-02,"XC","Saba","Americas",1,200,0,0
2022-02-03,"XC","Saba","Americas",0,200,0,0
2022-02-04,"XC","Saba","Americas",0,200,0,0
2022-02-05,"XC","Saba","Americas",0,200,0,0
2022-02-06,"XC","Saba","Americas",0,200,0,0
2022-02-07,"XC","Saba","Americas",0,200,0,0
2022-02-08,"XC","Saba","Americas",0,200,0,0
2022-02-09,"XC","Saba","Americas",0,200,0,0
2022-02-10,"XC","Saba","Americas",0,200,0,0
2022-02-11,"XC","Saba","Americas",0,200,0,0
2022-02-12,"XC","Saba","Americas",0,200,0,0
2022-02-13,"XC","Saba","Americas",0,200,0,0
2022-02-14,"XC","Saba","Americas",0,200,0,0
2022-02-15,"XC","Saba","Americas",2,202,0,0
2022-02-16,"XC","Saba","Americas",1,203,0,0
2022-02-17,"XC","Saba","Americas",1,204,0,0
2022-02-18,"XC","Saba","Americas",1,205,0,0
2022-02-19,"XC","Saba","Americas",0,205,0,0
2022-02-20,"XC","Saba","Americas",0,205,0,0
2022-02-21,"XC","Saba","Americas",0,205,0,0
2022-02-22,"XC","Saba","Americas",3,208,0,0
2022-02-23,"XC","Saba","Americas",0,208,0,0
2022-02-24,"XC","Saba","Americas",0,208,0,0
2022-02-25,"XC","Saba","Americas",0,208,0,0
2022-02-26,"XC","Saba","Americas",0,208,0,0
2022-02-27,"XC","Saba","Americas",0,208,0,0
2022-02-28,"XC","Saba","Americas",0,208,0,0
2022-03-01,"XC","Saba","Americas",0,208,0,0
2022-03-02,"XC","Saba","Americas",1,209,0,0
2022-03-03,"XC","Saba","Americas",0,209,0,0
2022-03-04,"XC","Saba","Americas",0,209,0,0
2022-03-05,"XC","Saba","Americas",0,209,0,0
2022-03-06,"XC","Saba","Americas",0,209,0,0
2021-12-06,"BL","Saint Barthélemy","Americas",0,1674,0,4
2021-12-07,"BL","Saint Barthélemy","Americas",0,1674,0,4
2021-12-08,"BL","Saint Barthélemy","Americas",0,1674,0,4
2021-12-09,"BL","Saint Barthélemy","Americas",0,1674,0,4
2021-12-10,"BL","Saint Barthélemy","Americas",9,1683,0,4
2021-12-11,"BL","Saint Barthélemy","Americas",0,1683,0,4
2021-12-12,"BL","Saint Barthélemy","Americas",0,1683,0,4
2021-12-13,"BL","Saint Barthélemy","Americas",0,1683,0,4
2021-12-14,"BL","Saint Barthélemy","Americas",0,1683,0,4
2021-12-15,"BL","Saint Barthélemy","Americas",0,1683,0,4
2021-12-16,"BL","Saint Barthélemy","Americas",0,1683,0,4
2021-12-17,"BL","Saint Barthélemy","Americas",0,1683,0,4
2021-12-18,"BL","Saint Barthélemy","Americas",0,1683,0,4
2021-12-19,"BL","Saint Barthélemy","Americas",0,1683,0,4
2021-12-20,"BL","Saint Barthélemy","Americas",0,1683,0,4
2021-12-21,"BL","Saint Barthélemy","Americas",9,1692,0,4
2021-12-22,"BL","Saint Barthélemy","Americas",0,1692,0,4
2021-12-23,"BL","Saint Barthélemy","Americas",0,1692,0,4
2021-12-24,"BL","Saint Barthélemy","Americas",0,1692,0,4
2021-12-25,"BL","Saint Barthélemy","Americas",34,1726,0,4
2021-12-26,"BL","Saint Barthélemy","Americas",0,1726,0,4
2021-12-27,"BL","Saint Barthélemy","Americas",0,1726,0,4
2021-12-28,"BL","Saint Barthélemy","Americas",0,1726,0,4
2021-12-29,"BL","Saint Barthélemy","Americas",0,1726,0,4
2021-12-30,"BL","Saint Barthélemy","Americas",0,1726,0,4
2021-12-31,"BL","Saint Barthélemy","Americas",0,1726,0,4
2022-01-01,"BL","Saint Barthélemy","Americas",229,1955,0,4
2022-01-02,"BL","Saint Barthélemy","Americas",0,1955,0,4
2022-01-03,"BL","Saint Barthélemy","Americas",0,1955,0,4
2022-01-04,"BL","Saint Barthélemy","Americas",0,1955,0,4
2022-01-05,"BL","Saint Barthélemy","Americas",0,1955,0,4
2022-01-06,"BL","Saint Barthélemy","Americas",0,1955,0,4
2022-01-07,"BL","Saint Barthélemy","Americas",0,1955,0,4
2022-01-08,"BL","Saint Barthélemy","Americas",495,2450,0,4
2022-01-09,"BL","Saint Barthélemy","Americas",0,2450,0,4
2022-01-10,"BL","Saint Barthélemy","Americas",0,2450,0,4
2022-01-11,"BL","Saint Barthélemy","Americas",0,2450,0,4
2022-01-12,"BL","Saint Barthélemy","Americas",0,2450,0,4
2022-01-13,"BL","Saint Barthélemy","Americas",0,2450,0,4
2022-01-14,"BL","Saint Barthélemy","Americas",0,2450,0,4
2022-01-15,"BL","Saint Barthélemy","Americas",502,2952,0,4
2022-01-16,"BL","Saint Barthélemy","Americas",0,2952,0,4
2022-01-17,"BL","Saint Barthélemy","Americas",0,2952,0,4
2022-01-18,"BL","Saint Barthélemy","Americas",0,2952,0,4
2022-01-19,"BL","Saint Barthélemy","Americas",0,2952,0,4
2022-01-20,"BL","Saint Barthélemy","Americas",0,2952,0,4
2022-01-21,"BL","Saint Barthélemy","Americas",0,2952,0,4
2022-01-22,"BL","Saint Barthélemy","Americas",266,3218,0,4
2022-01-23,"BL","Saint Barthélemy","Americas",0,3218,0,4
2022-01-24,"BL","Saint Barthélemy","Americas",0,3218,0,4
2022-01-25,"BL","Saint Barthélemy","Americas",0,3218,0,4
2022-01-26,"BL","Saint Barthélemy","Americas",0,3218,0,4
2022-01-27,"BL","Saint Barthélemy","Americas",0,3218,0,4
2022-01-28,"BL","Saint Barthélemy","Americas",0,3218,0,4
2022-01-29,"BL","Saint Barthélemy","Americas",209,3427,0,4
2022-01-30,"BL","Saint Barthélemy","Americas",0,3427,0,4
2022-01-31,"BL","Saint Barthélemy","Americas",115,3542,0,4
2022-02-01,"BL","Saint Barthélemy","Americas",0,3542,0,4
2022-02-02,"BL","Saint Barthélemy","Americas",0,3542,0,4
2022-02-03,"BL","Saint Barthélemy","Americas",0,3542,0,4
2022-02-04,"BL","Saint Barthélemy","Americas",0,3542,0,4
2022-02-05,"BL","Saint Barthélemy","Americas",0,3542,0,4
2022-02-06,"BL","Saint Barthélemy","Americas",0,3542,0,4
2022-02-07,"BL","Saint Barthélemy","Americas",91,3633,0,4
2022-02-08,"BL","Saint Barthélemy","Americas",0,3633,0,4
2022-02-09,"BL","Saint Barthélemy","Americas",0,3633,0,4
2022-02-10,"BL","Saint Barthélemy","Americas",0,3633,0,4
2022-02-11,"BL","Saint Barthélemy","Americas",0,3633,0,4
2022-02-12,"BL","Saint Barthélemy","Americas",0,3633,0,4
2022-02-13,"BL","Saint Barthélemy","Americas",0,3633,0,4
2022-02-14,"BL","Saint Barthélemy","Americas",0,3633,0,4
2022-02-15,"BL","Saint Barthélemy","Americas",0,3633,0,4
2022-02-16,"BL","Saint Barthélemy","Americas",0,3633,0,4
2022-02-17,"BL","Saint Barthélemy","Americas",0,3633,0,4
2022-02-18,"BL","Saint Barthélemy","Americas",0,3633,0,4
2022-02-19,"BL","Saint Barthélemy","Americas",51,3684,0,4
2022-02-20,"BL","Saint Barthélemy","Americas",0,3684,0,4
2022-02-21,"BL","Saint Barthélemy","Americas",0,3684,0,4
2022-02-22,"BL","Saint Barthélemy","Americas",0,3684,0,4
2022-02-23,"BL","Saint Barthélemy","Americas",0,3684,0,4
2022-02-24,"BL","Saint Barthélemy","Americas",0,3684,0,4
2022-02-25,"BL","Saint Barthélemy","Americas",0,3684,0,4
2022-02-26,"BL","Saint Barthélemy","Americas",27,3711,0,4
2022-02-27,"BL","Saint Barthélemy","Americas",0,3711,0,4
2022-02-28,"BL","Saint Barthélemy","Americas",0,3711,0,4
2022-03-01,"BL","Saint Barthélemy","Americas",0,3711,0,4
2022-03-02,"BL","Saint Barthélemy","Americas",0,3711,0,4
2022-03-03,"BL","Saint Barthélemy","Americas",0,3711,0,4
2022-03-04,"BL","Saint Barthélemy","Americas",0,3711,0,4
2022-03-05,"BL","Saint Barthélemy","Americas",15,3726,0,4
2022-03-06,"BL","Saint Barthélemy","Americas",0,3726,0,4
2021-12-06,"SH","Saint Helena","Africa",0,0,0,0
2021-12-07,"SH","Saint Helena","Africa",0,0,0,0
2021-12-08,"SH","Saint Helena","Africa",0,0,0,0
2021-12-09,"SH","Saint Helena","Africa",0,0,0,0
2021-12-10,"SH","Saint Helena","Africa",0,0,0,0
2021-12-11,"SH","Saint Helena","Africa",0,0,0,0
2021-12-12,"SH","Saint Helena","Africa",0,0,0,0
2021-12-13,"SH","Saint Helena","Africa",0,0,0,0
2021-12-14,"SH","Saint Helena","Africa",0,0,0,0
2021-12-15,"SH","Saint Helena","Africa",0,0,0,0
2021-12-16,"SH","Saint Helena","Africa",0,0,0,0
2021-12-17,"SH","Saint Helena","Africa",0,0,0,0
2021-12-18,"SH","Saint Helena","Africa",0,0,0,0
2021-12-19,"SH","Saint Helena","Africa",0,0,0,0
2021-12-20,"SH","Saint Helena","Africa",0,0,0,0
2021-12-21,"SH","Saint Helena","Africa",0,0,0,0
2021-12-22,"SH","Saint Helena","Africa",0,0,0,0
2021-12-23,"SH","Saint Helena","Africa",0,0,0,0
2021-12-24,"SH","Saint Helena","Africa",0,0,0,0
2021-12-25,"SH","Saint Helena","Africa",0,0,0,0
2021-12-26,"SH","Saint Helena","Africa",0,0,0,0
2021-12-27,"SH","Saint Helena","Africa",0,0,0,0
2021-12-28,"SH","Saint Helena","Africa",0,0,0,0
2021-12-29,"SH","Saint Helena","Africa",0,0,0,0
2021-12-30,"SH","Saint Helena","Africa",0,0,0,0
2021-12-31,"SH","Saint Helena","Africa",0,0,0,0
2022-01-01,"SH","Saint Helena","Africa",0,0,0,0
2022-01-02,"SH","Saint Helena","Africa",0,0,0,0
2022-01-03,"SH","Saint Helena","Africa",0,0,0,0
2022-01-04,"SH","Saint Helena","Africa",0,0,0,0
2022-01-05,"SH","Saint Helena","Africa",0,0,0,0
2022-01-06,"SH","Saint Helena","Africa",0,0,0,0
2022-01-07,"SH","Saint Helena","Africa",0,0,0,0
2022-01-08,"SH","Saint Helena","Africa",0,0,0,0
2022-01-09,"SH","Saint Helena","Africa",0,0,0,0
2022-01-10,"SH","Saint Helena","Africa",0,0,0,0
2022-01-11,"SH","Saint Helena","Africa",0,0,0,0
2022-01-12,"SH","Saint Helena","Africa",0,0,0,0
2022-01-13,"SH","Saint Helena","Africa",0,0,0,0
2022-01-14,"SH","Saint Helena","Africa",0,0,0,0
2022-01-15,"SH","Saint Helena","Africa",0,0,0,0
2022-01-16,"SH","Saint Helena","Africa",0,0,0,0
2022-01-17,"SH","Saint Helena","Africa",0,0,0,0
2022-01-18,"SH","Saint Helena","Africa",0,0,0,0
2022-01-19,"SH","Saint Helena","Africa",0,0,0,0
2022-01-20,"SH","Saint Helena","Africa",0,0,0,0
2022-01-21,"SH","Saint Helena","Africa",0,0,0,0
2022-01-22,"SH","Saint Helena","Africa",0,0,0,0
2022-01-23,"SH","Saint Helena","Africa",0,0,0,0
2022-01-24,"SH","Saint Helena","Africa",0,0,0,0
2022-01-25,"SH","Saint Helena","Africa",0,0,0,0
2022-01-26,"SH","Saint Helena","Africa",0,0,0,0
2022-01-27,"SH","Saint Helena","Africa",0,0,0,0
2022-01-28,"SH","Saint Helena","Africa",0,0,0,0
2022-01-29,"SH","Saint Helena","Africa",0,0,0,0
2022-01-30,"SH","Saint Helena","Africa",0,0,0,0
2022-01-31,"SH","Saint Helena","Africa",0,0,0,0
2022-02-01,"SH","Saint Helena","Africa",0,0,0,0
2022-02-02,"SH","Saint Helena","Africa",0,0,0,0
2022-02-03,"SH","Saint Helena","Africa",0,0,0,0
2022-02-04,"SH","Saint Helena","Africa",0,0,0,0
2022-02-05,"SH","Saint Helena","Africa",0,0,0,0
2022-02-06,"SH","Saint Helena","Africa",0,0,0,0
2022-02-07,"SH","Saint Helena","Africa",0,0,0,0
2022-02-08,"SH","Saint Helena","Africa",0,0,0,0
2022-02-09,"SH","Saint Helena","Africa",0,0,0,0
2022-02-10,"SH","Saint Helena","Africa",0,0,0,0
2022-02-11,"SH","Saint Helena","Africa",0,0,0,0
2022-02-12,"SH","Saint Helena","Africa",0,0,0,0
2022-02-13,"SH","Saint Helena","Africa",0,0,0,0
2022-02-14,"SH","Saint Helena","Africa",0,0,0,0
2022-02-15,"SH","Saint Helena","Africa",0,0,0,0
2022-02-16,"SH","Saint Helena","Africa",0,0,0,0
2022-02-17,"SH","Saint Helena","Africa",0,0,0,0
2022-02-18,"SH","Saint Helena","Africa",0,0,0,0
2022-02-19,"SH","Saint Helena","Africa",0,0,0,0
2022-02-20,"SH","Saint Helena","Africa",0,0,0,0
2022-02-21,"SH","Saint Helena","Africa",0,0,0,0
2022-02-22,"SH","Saint Helena","Africa",0,0,0,0
2022-02-23,"SH","Saint Helena","Africa",0,0,0,0
2022-02-24,"SH","Saint Helena","Africa",0,0,0,0
2022-02-25,"SH","Saint Helena","Africa",0,0,0,0
2022-02-26,"SH","Saint Helena","Africa",0,0,0,0
2022-02-27,"SH","Saint Helena","Africa",0,0,0,0
2022-02-28,"SH","Saint Helena","Africa",0,0,0,0
2022-03-01,"SH","Saint Helena","Africa",0,0,0,0
2022-03-02,"SH","Saint Helena","Africa",0,0,0,0
2022-03-03,"SH","Saint Helena","Africa",0,0,0,0
2022-03-04,"SH","Saint Helena","Africa",0,0,0,0
2022-03-05,"SH","Saint Helena","Africa",0,0,0,0
2022-03-06,"SH","Saint Helena","Africa",0,0,0,0
2021-12-06,"KN","Saint Kitts and Nevis","Americas",1,2790,0,28
2021-12-07,"KN","Saint Kitts and Nevis","Americas",0,2790,0,28
2021-12-08,"KN","Saint Kitts and Nevis","Americas",0,2790,0,28
2021-12-09,"KN","Saint Kitts and Nevis","Americas",1,2791,0,28
2021-12-10,"KN","Saint Kitts and Nevis","Americas",0,2791,0,28
2021-12-11,"KN","Saint Kitts and Nevis","Americas",1,2792,0,28
2021-12-12,"KN","Saint Kitts and Nevis","Americas",3,2795,0,28
2021-12-13,"KN","Saint Kitts and Nevis","Americas",1,2796,0,28
2021-12-14,"KN","Saint Kitts and Nevis","Americas",0,2796,0,28
2021-12-15,"KN","Saint Kitts and Nevis","Americas",0,2796,0,28
2021-12-16,"KN","Saint Kitts and Nevis","Americas",1,2797,0,28
2021-12-17,"KN","Saint Kitts and Nevis","Americas",0,2797,0,28
2021-12-18,"KN","Saint Kitts and Nevis","Americas",1,2798,0,28
2021-12-19,"KN","Saint Kitts and Nevis","Americas",0,2798,0,28
2021-12-20,"KN","Saint Kitts and Nevis","Americas",3,2801,0,28
2021-12-21,"KN","Saint Kitts and Nevis","Americas",0,2801,0,28
2021-12-22,"KN","Saint Kitts and Nevis","Americas",7,2808,0,28
2021-12-23,"KN","Saint Kitts and Nevis","Americas",1,2809,0,28
2021-12-24,"KN","Saint Kitts and Nevis","Americas",6,2815,0,28
2021-12-25,"KN","Saint Kitts and Nevis","Americas",7,2822,0,28
2021-12-26,"KN","Saint Kitts and Nevis","Americas",14,2836,0,28
2021-12-27,"KN","Saint Kitts and Nevis","Americas",7,2843,0,28
2021-12-28,"KN","Saint Kitts and Nevis","Americas",5,2848,0,28
2021-12-29,"KN","Saint Kitts and Nevis","Americas",10,2858,0,28
2021-12-30,"KN","Saint Kitts and Nevis","Americas",19,2877,0,28
2021-12-31,"KN","Saint Kitts and Nevis","Americas",41,2918,0,28
2022-01-01,"KN","Saint Kitts and Nevis","Americas",81,2999,0,28
2022-01-02,"KN","Saint Kitts and Nevis","Americas",44,3043,0,28
2022-01-03,"KN","Saint Kitts and Nevis","Americas",150,3193,0,28
2022-01-04,"KN","Saint Kitts and Nevis","Americas",59,3252,0,28
2022-01-05,"KN","Saint Kitts and Nevis","Americas",81,3333,0,28
2022-01-06,"KN","Saint Kitts and Nevis","Americas",156,3489,0,28
2022-01-07,"KN","Saint Kitts and Nevis","Americas",177,3666,0,28
2022-01-08,"KN","Saint Kitts and Nevis","Americas",238,3904,0,28
2022-01-09,"KN","Saint Kitts and Nevis","Americas",152,4056,0,28
2022-01-10,"KN","Saint Kitts and Nevis","Americas",89,4145,0,28
2022-01-11,"KN","Saint Kitts and Nevis","Americas",71,4216,0,28
2022-01-12,"KN","Saint Kitts and Nevis","Americas",123,4339,0,28
2022-01-13,"KN","Saint Kitts and Nevis","Americas",145,4484,0,28
2022-01-14,"KN","Saint Kitts and Nevis","Americas",161,4645,0,28
2022-01-15,"KN","Saint Kitts and Nevis","Americas",85,4730,0,28
2022-01-16,"KN","Saint Kitts and Nevis","Americas",152,4882,0,28
2022-01-17,"KN","Saint Kitts and Nevis","Americas",0,4882,0,28
2022-01-18,"KN","Saint Kitts and Nevis","Americas",86,4968,0,28
2022-01-19,"KN","Saint Kitts and Nevis","Americas",58,5026,0,28
2022-01-20,"KN","Saint Kitts and Nevis","Americas",39,5065,0,28
2022-01-21,"KN","Saint Kitts and Nevis","Americas",76,5141,0,28
2022-01-22,"KN","Saint Kitts and Nevis","Americas",49,5190,0,28
2022-01-23,"KN","Saint Kitts and Nevis","Americas",40,5230,0,28
2022-01-24,"KN","Saint Kitts and Nevis","Americas",24,5254,0,28
2022-01-25,"KN","Saint Kitts and Nevis","Americas",16,5270,0,28
2022-01-26,"KN","Saint Kitts and Nevis","Americas",33,5303,4,32
2022-01-27,"KN","Saint Kitts and Nevis","Americas",28,5331,1,33
2022-01-28,"KN","Saint Kitts and Nevis","Americas",37,5368,0,33
2022-01-29,"KN","Saint Kitts and Nevis","Americas",25,5393,0,33
2022-01-30,"KN","Saint Kitts and Nevis","Americas",10,5403,0,33
2022-01-31,"KN","Saint Kitts and Nevis","Americas",16,5419,0,33
2022-02-01,"KN","Saint Kitts and Nevis","Americas",3,5422,0,33
2022-02-02,"KN","Saint Kitts and Nevis","Americas",13,5435,4,37
2022-02-03,"KN","Saint Kitts and Nevis","Americas",11,5446,0,37
2022-02-04,"KN","Saint Kitts and Nevis","Americas",7,5453,0,37
2022-02-05,"KN","Saint Kitts and Nevis","Americas",14,5467,0,37
2022-02-06,"KN","Saint Kitts and Nevis","Americas",2,5469,0,37
2022-02-07,"KN","Saint Kitts and Nevis","Americas",6,5475,0,37
2022-02-08,"KN","Saint Kitts and Nevis","Americas",1,5476,1,38
2022-02-09,"KN","Saint Kitts and Nevis","Americas",8,5484,0,38
2022-02-10,"KN","Saint Kitts and Nevis","Americas",4,5488,0,38
2022-02-11,"KN","Saint Kitts and Nevis","Americas",4,5492,1,39
2022-02-12,"KN","Saint Kitts and Nevis","Americas",3,5495,0,39
2022-02-13,"KN","Saint Kitts and Nevis","Americas",0,5495,0,39
2022-02-14,"KN","Saint Kitts and Nevis","Americas",0,5495,0,39
2022-02-15,"KN","Saint Kitts and Nevis","Americas",4,5499,1,40
2022-02-16,"KN","Saint Kitts and Nevis","Americas",6,5505,0,40
2022-02-17,"KN","Saint Kitts and Nevis","Americas",3,5508,0,40
2022-02-18,"KN","Saint Kitts and Nevis","Americas",3,5511,0,40
2022-02-19,"KN","Saint Kitts and Nevis","Americas",0,5511,0,40
2022-02-20,"KN","Saint Kitts and Nevis","Americas",0,5511,0,40
2022-02-21,"KN","Saint Kitts and Nevis","Americas",0,5511,0,40
2022-02-22,"KN","Saint Kitts and Nevis","Americas",12,5523,2,42
2022-02-23,"KN","Saint Kitts and Nevis","Americas",0,5523,0,42
2022-02-24,"KN","Saint Kitts and Nevis","Americas",0,5523,0,42
2022-02-25,"KN","Saint Kitts and Nevis","Americas",1,5524,0,42
2022-02-26,"KN","Saint Kitts and Nevis","Americas",1,5525,0,42
2022-02-27,"KN","Saint Kitts and Nevis","Americas",1,5526,0,42
2022-02-28,"KN","Saint Kitts and Nevis","Americas",4,5530,0,42
2022-03-01,"KN","Saint Kitts and Nevis","Americas",0,5530,0,42
2022-03-02,"KN","Saint Kitts and Nevis","Americas",0,5530,0,42
2022-03-03,"KN","Saint Kitts and Nevis","Americas",0,5530,0,42
2022-03-04,"KN","Saint Kitts and Nevis","Americas",0,5530,0,42
2022-03-05,"KN","Saint Kitts and Nevis","Americas",1,5531,0,42
2022-03-06,"KN","Saint Kitts and Nevis","Americas",2,5533,0,42
2021-12-06,"LC","Saint Lucia","Americas",7,13034,0,282
2021-12-07,"LC","Saint Lucia","Americas",14,13048,0,282
2021-12-08,"LC","Saint Lucia","Americas",4,13052,1,283
2021-12-09,"LC","Saint Lucia","Americas",8,13060,0,283
2021-12-10,"LC","Saint Lucia","Americas",7,13067,0,283
2021-12-11,"LC","Saint Lucia","Americas",6,13073,0,283
2021-12-12,"LC","Saint Lucia","Americas",13,13086,0,283
2021-12-13,"LC","Saint Lucia","Americas",11,13097,0,283
2021-12-14,"LC","Saint Lucia","Americas",1,13098,0,283
2021-12-15,"LC","Saint Lucia","Americas",2,13100,0,283
2021-12-16,"LC","Saint Lucia","Americas",5,13105,0,283
2021-12-17,"LC","Saint Lucia","Americas",10,13115,2,285
2021-12-18,"LC","Saint Lucia","Americas",12,13127,6,291
2021-12-19,"LC","Saint Lucia","Americas",9,13136,0,291
2021-12-20,"LC","Saint Lucia","Americas",13,13149,2,293
2021-12-21,"LC","Saint Lucia","Americas",17,13166,0,293
2021-12-22,"LC","Saint Lucia","Americas",11,13177,2,295
2021-12-23,"LC","Saint Lucia","Americas",32,13209,0,295
2021-12-24,"LC","Saint Lucia","Americas",16,13225,0,295
2021-12-25,"LC","Saint Lucia","Americas",23,13248,0,295
2021-12-26,"LC","Saint Lucia","Americas",27,13275,0,295
2021-12-27,"LC","Saint Lucia","Americas",27,13302,0,295
2021-12-28,"LC","Saint Lucia","Americas",17,13319,0,295
2021-12-29,"LC","Saint Lucia","Americas",38,13357,0,295
2021-12-30,"LC","Saint Lucia","Americas",53,13410,0,295
2021-12-31,"LC","Saint Lucia","Americas",63,13473,0,295
2022-01-01,"LC","Saint Lucia","Americas",97,13570,0,295
2022-01-02,"LC","Saint Lucia","Americas",70,13640,6,301
2022-01-03,"LC","Saint Lucia","Americas",92,13732,0,301
2022-01-04,"LC","Saint Lucia","Americas",84,13816,0,301
2022-01-05,"LC","Saint Lucia","Americas",65,13881,0,301
2022-01-06,"LC","Saint Lucia","Americas",93,13974,4,305
2022-01-07,"LC","Saint Lucia","Americas",258,14232,0,305
2022-01-08,"LC","Saint Lucia","Americas",182,14414,1,306
2022-01-09,"LC","Saint Lucia","Americas",240,14654,0,306
2022-01-10,"LC","Saint Lucia","Americas",0,14654,0,306
2022-01-11,"LC","Saint Lucia","Americas",220,14874,0,306
2022-01-12,"LC","Saint Lucia","Americas",498,15372,4,310
2022-01-13,"LC","Saint Lucia","Americas",0,15372,0,310
2022-01-14,"LC","Saint Lucia","Americas",565,15937,0,310
2022-01-15,"LC","Saint Lucia","Americas",568,16505,1,311
2022-01-16,"LC","Saint Lucia","Americas",464,16969,3,314
2022-01-17,"LC","Saint Lucia","Americas",281,17250,0,314
2022-01-18,"LC","Saint Lucia","Americas",281,17531,0,314
2022-01-19,"LC","Saint Lucia","Americas",135,17666,0,314
2022-01-20,"LC","Saint Lucia","Americas",205,17871,2,316
2022-01-21,"LC","Saint Lucia","Americas",451,18322,0,316
2022-01-22,"LC","Saint Lucia","Americas",424,18746,0,316
2022-01-23,"LC","Saint Lucia","Americas",439,19185,0,316
2022-01-24,"LC","Saint Lucia","Americas",283,19468,0,316
2022-01-25,"LC","Saint Lucia","Americas",212,19680,0,316
2022-01-26,"LC","Saint Lucia","Americas",75,19755,8,324
2022-01-27,"LC","Saint Lucia","Americas",212,19967,2,326
2022-01-28,"LC","Saint Lucia","Americas",225,20192,0,326
2022-01-29,"LC","Saint Lucia","Americas",225,20417,0,326
2022-01-30,"LC","Saint Lucia","Americas",0,20417,0,326
2022-01-31,"LC","Saint Lucia","Americas",381,20798,0,326
2022-02-01,"LC","Saint Lucia","Americas",144,20942,2,328
2022-02-02,"LC","Saint Lucia","Americas",0,20942,1,329
2022-02-03,"LC","Saint Lucia","Americas",139,21081,4,333
2022-02-04,"LC","Saint Lucia","Americas",119,21200,0,333
2022-02-05,"LC","Saint Lucia","Americas",199,21399,0,333
2022-02-06,"LC","Saint Lucia","Americas",114,21513,8,341
2022-02-07,"LC","Saint Lucia","Americas",0,21513,0,341
2022-02-08,"LC","Saint Lucia","Americas",178,21691,0,341
2022-02-09,"LC","Saint Lucia","Americas",44,21735,0,341
2022-02-10,"LC","Saint Lucia","Americas",33,21768,1,342
2022-02-11,"LC","Saint Lucia","Americas",63,21831,0,342
2022-02-12,"LC","Saint Lucia","Americas",42,21873,4,346
2022-02-13,"LC","Saint Lucia","Americas",59,21932,1,347
2022-02-14,"LC","Saint Lucia","Americas",116,22048,0,347
2022-02-15,"LC","Saint Lucia","Americas",73,22121,0,347
2022-02-16,"LC","Saint Lucia","Americas",56,22177,2,349
2022-02-17,"LC","Saint Lucia","Americas",92,22269,4,353
2022-02-18,"LC","Saint Lucia","Americas",112,22381,0,353
2022-02-19,"LC","Saint Lucia","Americas",45,22426,0,353
2022-02-20,"LC","Saint Lucia","Americas",42,22468,3,356
2022-02-21,"LC","Saint Lucia","Americas",66,22534,0,356
2022-02-22,"LC","Saint Lucia","Americas",11,22545,1,357
2022-02-23,"LC","Saint Lucia","Americas",23,22568,0,357
2022-02-24,"LC","Saint Lucia","Americas",15,22583,0,357
2022-02-25,"LC","Saint Lucia","Americas",11,22594,0,357
2022-02-26,"LC","Saint Lucia","Americas",33,22627,1,358
2022-02-27,"LC","Saint Lucia","Americas",22,22649,0,358
2022-02-28,"LC","Saint Lucia","Americas",18,22667,0,358
2022-03-01,"LC","Saint Lucia","Americas",21,22688,0,358
2022-03-02,"LC","Saint Lucia","Americas",6,22694,0,358
2022-03-03,"LC","Saint Lucia","Americas",18,22712,0,358
2022-03-04,"LC","Saint Lucia","Americas",17,22729,2,360
2022-03-05,"LC","Saint Lucia","Americas",4,22733,0,360
2022-03-06,"LC","Saint Lucia","Americas",0,22733,0,360
2021-12-06,"MF","Saint Martin","Americas",0,4040,0,38
2021-12-07,"MF","Saint Martin","Americas",0,4040,0,38
2021-12-08,"MF","Saint Martin","Americas",0,4040,0,38
2021-12-09,"MF","Saint Martin","Americas",0,4040,0,38
2021-12-10,"MF","Saint Martin","Americas",0,4040,0,38
2021-12-11,"MF","Saint Martin","Americas",19,4059,0,38
2021-12-12,"MF","Saint Martin","Americas",0,4059,0,38
2021-12-13,"MF","Saint Martin","Americas",0,4059,0,38
2021-12-14,"MF","Saint Martin","Americas",0,4059,0,38
2021-12-15,"MF","Saint Martin","Americas",0,4059,0,38
2021-12-16,"MF","Saint Martin","Americas",0,4059,0,38
2021-12-17,"MF","Saint Martin","Americas",0,4059,0,38
2021-12-18,"MF","Saint Martin","Americas",0,4059,0,38
2021-12-19,"MF","Saint Martin","Americas",0,4059,0,38
2021-12-20,"MF","Saint Martin","Americas",0,4059,0,38
2021-12-21,"MF","Saint Martin","Americas",16,4075,0,38
2021-12-22,"MF","Saint Martin","Americas",0,4075,0,38
2021-12-23,"MF","Saint Martin","Americas",0,4075,0,38
2021-12-24,"MF","Saint Martin","Americas",0,4075,0,38
2021-12-25,"MF","Saint Martin","Americas",43,4118,1,39
2021-12-26,"MF","Saint Martin","Americas",0,4118,0,39
2021-12-27,"MF","Saint Martin","Americas",0,4118,0,39
2021-12-28,"MF","Saint Martin","Americas",0,4118,0,39
2021-12-29,"MF","Saint Martin","Americas",0,4118,0,39
2021-12-30,"MF","Saint Martin","Americas",0,4118,0,39
2021-12-31,"MF","Saint Martin","Americas",0,4118,0,39
2022-01-01,"MF","Saint Martin","Americas",129,4247,1,40
2022-01-02,"MF","Saint Martin","Americas",0,4247,0,40
2022-01-03,"MF","Saint Martin","Americas",0,4247,0,40
2022-01-04,"MF","Saint Martin","Americas",0,4247,0,40
2022-01-05,"MF","Saint Martin","Americas",0,4247,0,40
2022-01-06,"MF","Saint Martin","Americas",0,4247,0,40
2022-01-07,"MF","Saint Martin","Americas",0,4247,0,40
2022-01-08,"MF","Saint Martin","Americas",975,5222,0,40
2022-01-09,"MF","Saint Martin","Americas",0,5222,0,40
2022-01-10,"MF","Saint Martin","Americas",0,5222,0,40
2022-01-11,"MF","Saint Martin","Americas",0,5222,0,40
2022-01-12,"MF","Saint Martin","Americas",0,5222,0,40
2022-01-13,"MF","Saint Martin","Americas",0,5222,0,40
2022-01-14,"MF","Saint Martin","Americas",0,5222,0,40
2022-01-15,"MF","Saint Martin","Americas",2295,7517,0,40
2022-01-16,"MF","Saint Martin","Americas",0,7517,0,40
2022-01-17,"MF","Saint Martin","Americas",0,7517,0,40
2022-01-18,"MF","Saint Martin","Americas",0,7517,0,40
2022-01-19,"MF","Saint Martin","Americas",0,7517,0,40
2022-01-20,"MF","Saint Martin","Americas",0,7517,0,40
2022-01-21,"MF","Saint Martin","Americas",0,7517,0,40
2022-01-22,"MF","Saint Martin","Americas",1396,8913,1,41
2022-01-23,"MF","Saint Martin","Americas",0,8913,0,41
2022-01-24,"MF","Saint Martin","Americas",0,8913,0,41
2022-01-25,"MF","Saint Martin","Americas",0,8913,0,41
2022-01-26,"MF","Saint Martin","Americas",0,8913,0,41
2022-01-27,"MF","Saint Martin","Americas",0,8913,0,41
2022-01-28,"MF","Saint Martin","Americas",0,8913,0,41
2022-01-29,"MF","Saint Martin","Americas",520,9433,1,42
2022-01-30,"MF","Saint Martin","Americas",0,9433,0,42
2022-01-31,"MF","Saint Martin","Americas",173,9606,1,43
2022-02-01,"MF","Saint Martin","Americas",0,9606,0,43
2022-02-02,"MF","Saint Martin","Americas",0,9606,0,43
2022-02-03,"MF","Saint Martin","Americas",0,9606,0,43
2022-02-04,"MF","Saint Martin","Americas",0,9606,0,43
2022-02-05,"MF","Saint Martin","Americas",0,9606,0,43
2022-02-06,"MF","Saint Martin","Americas",0,9606,0,43
2022-02-07,"MF","Saint Martin","Americas",126,9732,1,44
2022-02-08,"MF","Saint Martin","Americas",0,9732,0,44
2022-02-09,"MF","Saint Martin","Americas",0,9732,0,44
2022-02-10,"MF","Saint Martin","Americas",0,9732,0,44
2022-02-11,"MF","Saint Martin","Americas",0,9732,0,44
2022-02-12,"MF","Saint Martin","Americas",0,9732,0,44
2022-02-13,"MF","Saint Martin","Americas",0,9732,0,44
2022-02-14,"MF","Saint Martin","Americas",0,9732,0,44
2022-02-15,"MF","Saint Martin","Americas",0,9732,0,44
2022-02-16,"MF","Saint Martin","Americas",0,9732,0,44
2022-02-17,"MF","Saint Martin","Americas",0,9732,0,44
2022-02-18,"MF","Saint Martin","Americas",0,9732,0,44
2022-02-19,"MF","Saint Martin","Americas",58,9790,0,44
2022-02-20,"MF","Saint Martin","Americas",0,9790,0,44
2022-02-21,"MF","Saint Martin","Americas",0,9790,0,44
2022-02-22,"MF","Saint Martin","Americas",0,9790,0,44
2022-02-23,"MF","Saint Martin","Americas",0,9790,0,44
2022-02-24,"MF","Saint Martin","Americas",0,9790,0,44
2022-02-25,"MF","Saint Martin","Americas",0,9790,0,44
2022-02-26,"MF","Saint Martin","Americas",52,9842,0,44
2022-02-27,"MF","Saint Martin","Americas",0,9842,0,44
2022-02-28,"MF","Saint Martin","Americas",0,9842,0,44
2022-03-01,"MF","Saint Martin","Americas",0,9842,0,44
2022-03-02,"MF","Saint Martin","Americas",0,9842,0,44
2022-03-03,"MF","Saint Martin","Americas",0,9842,0,44
2022-03-04,"MF","Saint Martin","Americas",0,9842,0,44
2022-03-05,"MF","Saint Martin","Americas",28,9870,0,44
2022-03-06,"MF","Saint Martin","Americas",0,9870,0,44
2021-12-06,"PM","Saint Pierre and Miquelon","Americas",0,88,0,0
2021-12-07,"PM","Saint Pierre and Miquelon","Americas",0,88,0,0
2021-12-08,"PM","Saint Pierre and Miquelon","Americas",3,91,0,0
2021-12-09,"PM","Saint Pierre and Miquelon","Americas",0,91,0,0
2021-12-10,"PM","Saint Pierre and Miquelon","Americas",3,94,0,0
2021-12-11,"PM","Saint Pierre and Miquelon","Americas",1,95,0,0
2021-12-12,"PM","Saint Pierre and Miquelon","Americas",0,95,0,0
2021-12-13,"PM","Saint Pierre and Miquelon","Americas",0,95,0,0
2021-12-14,"PM","Saint Pierre and Miquelon","Americas",0,95,0,0
2021-12-15,"PM","Saint Pierre and Miquelon","Americas",0,95,0,0
2021-12-16,"PM","Saint Pierre and Miquelon","Americas",0,95,0,0
2021-12-17,"PM","Saint Pierre and Miquelon","Americas",1,96,0,0
2021-12-18,"PM","Saint Pierre and Miquelon","Americas",0,96,0,0
2021-12-19,"PM","Saint Pierre and Miquelon","Americas",0,96,0,0
2021-12-20,"PM","Saint Pierre and Miquelon","Americas",0,96,0,0
2021-12-21,"PM","Saint Pierre and Miquelon","Americas",0,96,0,0
2021-12-22,"PM","Saint Pierre and Miquelon","Americas",0,96,0,0
2021-12-23,"PM","Saint Pierre and Miquelon","Americas",0,96,0,0
2021-12-24,"PM","Saint Pierre and Miquelon","Americas",0,96,0,0
2021-12-25,"PM","Saint Pierre and Miquelon","Americas",2,98,0,0
2021-12-26,"PM","Saint Pierre and Miquelon","Americas",0,98,0,0
2021-12-27,"PM","Saint Pierre and Miquelon","Americas",0,98,0,0
2021-12-28,"PM","Saint Pierre and Miquelon","Americas",0,98,0,0
2021-12-29,"PM","Saint Pierre and Miquelon","Americas",0,98,0,0
2021-12-30,"PM","Saint Pierre and Miquelon","Americas",0,98,0,0
2021-12-31,"PM","Saint Pierre and Miquelon","Americas",0,98,0,0
2022-01-01,"PM","Saint Pierre and Miquelon","Americas",0,98,0,0
2022-01-02,"PM","Saint Pierre and Miquelon","Americas",0,98,0,0
2022-01-03,"PM","Saint Pierre and Miquelon","Americas",0,98,0,0
2022-01-04,"PM","Saint Pierre and Miquelon","Americas",0,98,0,0
2022-01-05,"PM","Saint Pierre and Miquelon","Americas",15,113,0,0
2022-01-06,"PM","Saint Pierre and Miquelon","Americas",0,113,0,0
2022-01-07,"PM","Saint Pierre and Miquelon","Americas",0,113,0,0
2022-01-08,"PM","Saint Pierre and Miquelon","Americas",0,113,0,0
2022-01-09,"PM","Saint Pierre and Miquelon","Americas",0,113,0,0
2022-01-10,"PM","Saint Pierre and Miquelon","Americas",0,113,0,0
2022-01-11,"PM","Saint Pierre and Miquelon","Americas",0,113,0,0
2022-01-12,"PM","Saint Pierre and Miquelon","Americas",0,113,0,0
2022-01-13,"PM","Saint Pierre and Miquelon","Americas",0,113,0,0
2022-01-14,"PM","Saint Pierre and Miquelon","Americas",0,113,0,0
2022-01-15,"PM","Saint Pierre and Miquelon","Americas",142,255,0,0
2022-01-16,"PM","Saint Pierre and Miquelon","Americas",0,255,0,0
2022-01-17,"PM","Saint Pierre and Miquelon","Americas",0,255,0,0
2022-01-18,"PM","Saint Pierre and Miquelon","Americas",0,255,0,0
2022-01-19,"PM","Saint Pierre and Miquelon","Americas",0,255,0,0
2022-01-20,"PM","Saint Pierre and Miquelon","Americas",183,438,0,0
2022-01-21,"PM","Saint Pierre and Miquelon","Americas",0,438,0,0
2022-01-22,"PM","Saint Pierre and Miquelon","Americas",0,438,0,0
2022-01-23,"PM","Saint Pierre and Miquelon","Americas",0,438,0,0
2022-01-24,"PM","Saint Pierre and Miquelon","Americas",0,438,0,0
2022-01-25,"PM","Saint Pierre and Miquelon","Americas",0,438,0,0
2022-01-26,"PM","Saint Pierre and Miquelon","Americas",0,438,0,0
2022-01-27,"PM","Saint Pierre and Miquelon","Americas",190,628,0,0
2022-01-28,"PM","Saint Pierre and Miquelon","Americas",0,628,0,0
2022-01-29,"PM","Saint Pierre and Miquelon","Americas",0,628,0,0
2022-01-30,"PM","Saint Pierre and Miquelon","Americas",0,628,0,0
2022-01-31,"PM","Saint Pierre and Miquelon","Americas",0,628,0,0
2022-02-01,"PM","Saint Pierre and Miquelon","Americas",200,828,1,1
2022-02-02,"PM","Saint Pierre and Miquelon","Americas",0,828,0,1
2022-02-03,"PM","Saint Pierre and Miquelon","Americas",0,828,0,1
2022-02-04,"PM","Saint Pierre and Miquelon","Americas",0,828,0,1
2022-02-05,"PM","Saint Pierre and Miquelon","Americas",0,828,0,1
2022-02-06,"PM","Saint Pierre and Miquelon","Americas",0,828,0,1
2022-02-07,"PM","Saint Pierre and Miquelon","Americas",0,828,0,1
2022-02-08,"PM","Saint Pierre and Miquelon","Americas",0,828,0,1
2022-02-09,"PM","Saint Pierre and Miquelon","Americas",93,921,0,1
2022-02-10,"PM","Saint Pierre and Miquelon","Americas",0,921,0,1
2022-02-11,"PM","Saint Pierre and Miquelon","Americas",0,921,0,1
2022-02-12,"PM","Saint Pierre and Miquelon","Americas",0,921,0,1
2022-02-13,"PM","Saint Pierre and Miquelon","Americas",0,921,0,1
2022-02-14,"PM","Saint Pierre and Miquelon","Americas",0,921,0,1
2022-02-15,"PM","Saint Pierre and Miquelon","Americas",0,921,0,1
2022-02-16,"PM","Saint Pierre and Miquelon","Americas",44,965,0,1
2022-02-17,"PM","Saint Pierre and Miquelon","Americas",0,965,0,1
2022-02-18,"PM","Saint Pierre and Miquelon","Americas",0,965,0,1
2022-02-19,"PM","Saint Pierre and Miquelon","Americas",0,965,0,1
2022-02-20,"PM","Saint Pierre and Miquelon","Americas",0,965,0,1
2022-02-21,"PM","Saint Pierre and Miquelon","Americas",0,965,0,1
2022-02-22,"PM","Saint Pierre and Miquelon","Americas",16,981,0,1
2022-02-23,"PM","Saint Pierre and Miquelon","Americas",14,995,0,1
2022-02-24,"PM","Saint Pierre and Miquelon","Americas",0,995,0,1
2022-02-25,"PM","Saint Pierre and Miquelon","Americas",0,995,0,1
2022-02-26,"PM","Saint Pierre and Miquelon","Americas",0,995,0,1
2022-02-27,"PM","Saint Pierre and Miquelon","Americas",0,995,0,1
2022-02-28,"PM","Saint Pierre and Miquelon","Americas",0,995,0,1
2022-03-01,"PM","Saint Pierre and Miquelon","Americas",0,995,0,1
2022-03-02,"PM","Saint Pierre and Miquelon","Americas",8,1003,0,1
2022-03-03,"PM","Saint Pierre and Miquelon","Americas",0,1003,0,1
2022-03-04,"PM","Saint Pierre and Miquelon","Americas",0,1003,0,1
2022-03-05,"PM","Saint Pierre and Miquelon","Americas",0,1003,0,1
2022-03-06,"PM","Saint Pierre and Miquelon","Americas",0,1003,0,1
2021-12-06,"VC","Saint Vincent and the Grenadines","Americas",3,5645,2,76
2021-12-07,"VC","Saint Vincent and the Grenadines","Americas",29,5674,0,76
2021-12-08,"VC","Saint Vincent and the Grenadines","Americas",6,5680,0,76
2021-12-09,"VC","Saint Vincent and the Grenadines","Americas",12,5692,0,76
2021-12-10,"VC","Saint Vincent and the Grenadines","Americas",18,5710,0,76
2021-12-11,"VC","Saint Vincent and the Grenadines","Americas",11,5721,1,77
2021-12-12,"VC","Saint Vincent and the Grenadines","Americas",1,5722,0,77
2021-12-13,"VC","Saint Vincent and the Grenadines","Americas",1,5723,0,77
2021-12-14,"VC","Saint Vincent and the Grenadines","Americas",20,5743,0,77
2021-12-15,"VC","Saint Vincent and the Grenadines","Americas",9,5752,0,77
2021-12-16,"VC","Saint Vincent and the Grenadines","Americas",6,5758,0,77
2021-12-17,"VC","Saint Vincent and the Grenadines","Americas",0,5758,0,77
2021-12-18,"VC","Saint Vincent and the Grenadines","Americas",0,5758,0,77
2021-12-19,"VC","Saint Vincent and the Grenadines","Americas",0,5758,0,77
2021-12-20,"VC","Saint Vincent and the Grenadines","Americas",26,5784,0,77
2021-12-21,"VC","Saint Vincent and the Grenadines","Americas",26,5810,0,77
2021-12-22,"VC","Saint Vincent and the Grenadines","Americas",11,5821,2,79
2021-12-23,"VC","Saint Vincent and the Grenadines","Americas",7,5828,0,79
2021-12-24,"VC","Saint Vincent and the Grenadines","Americas",12,5840,0,79
2021-12-25,"VC","Saint Vincent and the Grenadines","Americas",3,5843,2,81
2021-12-26,"VC","Saint Vincent and the Grenadines","Americas",0,5843,0,81
2021-12-27,"VC","Saint Vincent and the Grenadines","Americas",0,5843,0,81
2021-12-28,"VC","Saint Vincent and the Grenadines","Americas",7,5850,0,81
2021-12-29,"VC","Saint Vincent and the Grenadines","Americas",21,5871,0,81
2021-12-30,"VC","Saint Vincent and the Grenadines","Americas",36,5907,0,81
2021-12-31,"VC","Saint Vincent and the Grenadines","Americas",45,5952,2,83
2022-01-01,"VC","Saint Vincent and the Grenadines","Americas",39,5991,0,83
2022-01-02,"VC","Saint Vincent and the Grenadines","Americas",0,5991,0,83
2022-01-03,"VC","Saint Vincent and the Grenadines","Americas",48,6039,0,83
2022-01-04,"VC","Saint Vincent and the Grenadines","Americas",117,6156,0,83
2022-01-05,"VC","Saint Vincent and the Grenadines","Americas",91,6247,0,83
2022-01-06,"VC","Saint Vincent and the Grenadines","Americas",100,6347,1,84
2022-01-07,"VC","Saint Vincent and the Grenadines","Americas",168,6515,0,84
2022-01-08,"VC","Saint Vincent and the Grenadines","Americas",149,6664,0,84
2022-01-09,"VC","Saint Vincent and the Grenadines","Americas",87,6751,0,84
2022-01-10,"VC","Saint Vincent and the Grenadines","Americas",22,6773,0,84
2022-01-11,"VC","Saint Vincent and the Grenadines","Americas",126,6899,1,85
2022-01-12,"VC","Saint Vincent and the Grenadines","Americas",136,7035,0,85
2022-01-13,"VC","Saint Vincent and the Grenadines","Americas",67,7102,0,85
2022-01-14,"VC","Saint Vincent and the Grenadines","Americas",83,7185,0,85
2022-01-15,"VC","Saint Vincent and the Grenadines","Americas",56,7241,2,87
2022-01-16,"VC","Saint Vincent and the Grenadines","Americas",57,7298,0,87
2022-01-17,"VC","Saint Vincent and the Grenadines","Americas",31,7329,0,87
2022-01-18,"VC","Saint Vincent and the Grenadines","Americas",124,7453,1,88
2022-01-19,"VC","Saint Vincent and the Grenadines","Americas",99,7552,1,89
2022-01-20,"VC","Saint Vincent and the Grenadines","Americas",68,7620,1,90
2022-01-21,"VC","Saint Vincent and the Grenadines","Americas",58,7678,0,90
2022-01-22,"VC","Saint Vincent and the Grenadines","Americas",27,7705,0,90
2022-01-23,"VC","Saint Vincent and the Grenadines","Americas",24,7729,1,91
2022-01-24,"VC","Saint Vincent and the Grenadines","Americas",4,7733,1,92
2022-01-25,"VC","Saint Vincent and the Grenadines","Americas",39,7772,0,92
2022-01-26,"VC","Saint Vincent and the Grenadines","Americas",62,7834,0,92
2022-01-27,"VC","Saint Vincent and the Grenadines","Americas",40,7874,0,92
2022-01-28,"VC","Saint Vincent and the Grenadines","Americas",12,7886,1,93
2022-01-29,"VC","Saint Vincent and the Grenadines","Americas",0,7886,0,93
2022-01-30,"VC","Saint Vincent and the Grenadines","Americas",17,7903,0,93
2022-01-31,"VC","Saint Vincent and the Grenadines","Americas",0,7903,0,93
2022-02-01,"VC","Saint Vincent and the Grenadines","Americas",26,7929,1,94
2022-02-02,"VC","Saint Vincent and the Grenadines","Americas",10,7939,0,94
2022-02-03,"VC","Saint Vincent and the Grenadines","Americas",0,7939,0,94
2022-02-04,"VC","Saint Vincent and the Grenadines","Americas",96,8035,1,95
2022-02-05,"VC","Saint Vincent and the Grenadines","Americas",79,8114,0,95
2022-02-06,"VC","Saint Vincent and the Grenadines","Americas",0,8114,0,95
2022-02-07,"VC","Saint Vincent and the Grenadines","Americas",0,8114,0,95
2022-02-08,"VC","Saint Vincent and the Grenadines","Americas",20,8134,4,99
2022-02-09,"VC","Saint Vincent and the Grenadines","Americas",10,8144,0,99
2022-02-10,"VC","Saint Vincent and the Grenadines","Americas",15,8159,2,101
2022-02-11,"VC","Saint Vincent and the Grenadines","Americas",9,8168,0,101
2022-02-12,"VC","Saint Vincent and the Grenadines","Americas",12,8180,0,101
2022-02-13,"VC","Saint Vincent and the Grenadines","Americas",50,8230,1,102
2022-02-14,"VC","Saint Vincent and the Grenadines","Americas",16,8246,0,102
2022-02-15,"VC","Saint Vincent and the Grenadines","Americas",2,8248,1,103
2022-02-16,"VC","Saint Vincent and the Grenadines","Americas",14,8262,0,103
2022-02-17,"VC","Saint Vincent and the Grenadines","Americas",16,8278,1,104
2022-02-18,"VC","Saint Vincent and the Grenadines","Americas",0,8278,0,104
2022-02-19,"VC","Saint Vincent and the Grenadines","Americas",0,8278,0,104
2022-02-20,"VC","Saint Vincent and the Grenadines","Americas",0,8278,0,104
2022-02-21,"VC","Saint Vincent and the Grenadines","Americas",0,8278,0,104
2022-02-22,"VC","Saint Vincent and the Grenadines","Americas",19,8297,1,105
2022-02-23,"VC","Saint Vincent and the Grenadines","Americas",4,8301,1,106
2022-02-24,"VC","Saint Vincent and the Grenadines","Americas",2,8303,0,106
2022-02-25,"VC","Saint Vincent and the Grenadines","Americas",2,8305,0,106
2022-02-26,"VC","Saint Vincent and the Grenadines","Americas",2,8307,0,106
2022-02-27,"VC","Saint Vincent and the Grenadines","Americas",2,8309,0,106
2022-02-28,"VC","Saint Vincent and the Grenadines","Americas",0,8309,0,106
2022-03-01,"VC","Saint Vincent and the Grenadines","Americas",2,8311,0,106
2022-03-02,"VC","Saint Vincent and the Grenadines","Americas",0,8311,0,106
2022-03-03,"VC","Saint Vincent and the Grenadines","Americas",2,8313,0,106
2022-03-04,"VC","Saint Vincent and the Grenadines","Americas",3,8316,0,106
2022-03-05,"VC","Saint Vincent and the Grenadines","Americas",4,8320,0,106
2022-03-06,"VC","Saint Vincent and the Grenadines","Americas",0,8320,0,106
2021-12-06,"WS","Samoa","Western Pacific",0,1,0,0
2021-12-07,"WS","Samoa","Western Pacific",0,1,0,0
2021-12-08,"WS","Samoa","Western Pacific",0,1,0,0
2021-12-09,"WS","Samoa","Western Pacific",0,1,0,0
2021-12-10,"WS","Samoa","Western Pacific",0,1,0,0
2021-12-11,"WS","Samoa","Western Pacific",0,1,0,0
2021-12-12,"WS","Samoa","Western Pacific",0,1,0,0
2021-12-13,"WS","Samoa","Western Pacific",0,1,0,0
2021-12-14,"WS","Samoa","Western Pacific",1,2,0,0
2021-12-15,"WS","Samoa","Western Pacific",0,2,0,0
2021-12-16,"WS","Samoa","Western Pacific",0,2,0,0
2021-12-17,"WS","Samoa","Western Pacific",0,2,0,0
2021-12-18,"WS","Samoa","Western Pacific",0,2,0,0
2021-12-19,"WS","Samoa","Western Pacific",0,2,0,0
2021-12-20,"WS","Samoa","Western Pacific",0,2,0,0
2021-12-21,"WS","Samoa","Western Pacific",0,2,0,0
2021-12-22,"WS","Samoa","Western Pacific",0,2,0,0
2021-12-23,"WS","Samoa","Western Pacific",0,2,0,0
2021-12-24,"WS","Samoa","Western Pacific",0,2,0,0
2021-12-25,"WS","Samoa","Western Pacific",0,2,0,0
2021-12-26,"WS","Samoa","Western Pacific",0,2,0,0
2021-12-27,"WS","Samoa","Western Pacific",0,2,0,0
2021-12-28,"WS","Samoa","Western Pacific",0,2,0,0
2021-12-29,"WS","Samoa","Western Pacific",0,2,0,0
2021-12-30,"WS","Samoa","Western Pacific",0,2,0,0
2021-12-31,"WS","Samoa","Western Pacific",0,2,0,0
2022-01-01,"WS","Samoa","Western Pacific",0,2,0,0
2022-01-02,"WS","Samoa","Western Pacific",0,2,0,0
2022-01-03,"WS","Samoa","Western Pacific",0,2,0,0
2022-01-04,"WS","Samoa","Western Pacific",0,2,0,0
2022-01-05,"WS","Samoa","Western Pacific",0,2,0,0
2022-01-06,"WS","Samoa","Western Pacific",0,2,0,0
2022-01-07,"WS","Samoa","Western Pacific",0,2,0,0
2022-01-08,"WS","Samoa","Western Pacific",0,2,0,0
2022-01-09,"WS","Samoa","Western Pacific",0,2,0,0
2022-01-10,"WS","Samoa","Western Pacific",0,2,0,0
2022-01-11,"WS","Samoa","Western Pacific",0,2,0,0
2022-01-12,"WS","Samoa","Western Pacific",0,2,0,0
2022-01-13,"WS","Samoa","Western Pacific",0,2,0,0
2022-01-14,"WS","Samoa","Western Pacific",0,2,0,0
2022-01-15,"WS","Samoa","Western Pacific",0,2,0,0
2022-01-16,"WS","Samoa","Western Pacific",0,2,0,0
2022-01-17,"WS","Samoa","Western Pacific",0,2,0,0
2022-01-18,"WS","Samoa","Western Pacific",0,2,0,0
2022-01-19,"WS","Samoa","Western Pacific",0,2,0,0
2022-01-20,"WS","Samoa","Western Pacific",0,2,0,0
2022-01-21,"WS","Samoa","Western Pacific",10,12,0,0
2022-01-22,"WS","Samoa","Western Pacific",0,12,0,0
2022-01-23,"WS","Samoa","Western Pacific",5,17,0,0
2022-01-24,"WS","Samoa","Western Pacific",0,17,0,0
2022-01-25,"WS","Samoa","Western Pacific",5,22,0,0
2022-01-26,"WS","Samoa","Western Pacific",6,28,0,0
2022-01-27,"WS","Samoa","Western Pacific",1,29,0,0
2022-01-28,"WS","Samoa","Western Pacific",0,29,0,0
2022-01-29,"WS","Samoa","Western Pacific",0,29,0,0
2022-01-30,"WS","Samoa","Western Pacific",0,29,0,0
2022-01-31,"WS","Samoa","Western Pacific",3,32,0,0
2022-02-01,"WS","Samoa","Western Pacific",0,32,0,0
2022-02-02,"WS","Samoa","Western Pacific",0,32,0,0
2022-02-03,"WS","Samoa","Western Pacific",1,33,0,0
2022-02-04,"WS","Samoa","Western Pacific",0,33,0,0
2022-02-05,"WS","Samoa","Western Pacific",0,33,0,0
2022-02-06,"WS","Samoa","Western Pacific",0,33,0,0
2022-02-07,"WS","Samoa","Western Pacific",0,33,0,0
2022-02-08,"WS","Samoa","Western Pacific",0,33,0,0
2022-02-09,"WS","Samoa","Western Pacific",0,33,0,0
2022-02-10,"WS","Samoa","Western Pacific",0,33,0,0
2022-02-11,"WS","Samoa","Western Pacific",0,33,0,0
2022-02-12,"WS","Samoa","Western Pacific",0,33,0,0
2022-02-13,"WS","Samoa","Western Pacific",0,33,0,0
2022-02-14,"WS","Samoa","Western Pacific",0,33,0,0
2022-02-15,"WS","Samoa","Western Pacific",0,33,0,0
2022-02-16,"WS","Samoa","Western Pacific",0,33,0,0
2022-02-17,"WS","Samoa","Western Pacific",0,33,0,0
2022-02-18,"WS","Samoa","Western Pacific",0,33,0,0
2022-02-19,"WS","Samoa","Western Pacific",0,33,0,0
2022-02-20,"WS","Samoa","Western Pacific",0,33,0,0
2022-02-21,"WS","Samoa","Western Pacific",0,33,0,0
2022-02-22,"WS","Samoa","Western Pacific",0,33,0,0
2022-02-23,"WS","Samoa","Western Pacific",0,33,0,0
2022-02-24,"WS","Samoa","Western Pacific",0,33,0,0
2022-02-25,"WS","Samoa","Western Pacific",0,33,0,0
2022-02-26,"WS","Samoa","Western Pacific",0,33,0,0
2022-02-27,"WS","Samoa","Western Pacific",0,33,0,0
2022-02-28,"WS","Samoa","Western Pacific",0,33,0,0
2022-03-01,"WS","Samoa","Western Pacific",0,33,0,0
2022-03-02,"WS","Samoa","Western Pacific",0,33,0,0
2022-03-03,"WS","Samoa","Western Pacific",0,33,0,0
2022-03-04,"WS","Samoa","Western Pacific",0,33,0,0
2022-03-05,"WS","Samoa","Western Pacific",0,33,0,0
2022-03-06,"WS","Samoa","Western Pacific",0,33,0,0
2021-12-06,"SM","San Marino","Europe",0,6234,0,94
2021-12-07,"SM","San Marino","Europe",91,6325,0,94
2021-12-08,"SM","San Marino","Europe",42,6367,0,94
2021-12-09,"SM","San Marino","Europe",7,6374,0,94
2021-12-10,"SM","San Marino","Europe",106,6480,0,94
2021-12-11,"SM","San Marino","Europe",84,6564,0,94
2021-12-12,"SM","San Marino","Europe",46,6610,0,94
2021-12-13,"SM","San Marino","Europe",3,6613,0,94
2021-12-14,"SM","San Marino","Europe",121,6734,0,94
2021-12-15,"SM","San Marino","Europe",89,6823,0,94
2021-12-16,"SM","San Marino","Europe",109,6932,1,95
2021-12-17,"SM","San Marino","Europe",92,7024,0,95
2021-12-18,"SM","San Marino","Europe",80,7104,1,96
2021-12-19,"SM","San Marino","Europe",65,7169,0,96
2021-12-20,"SM","San Marino","Europe",8,7177,0,96
2021-12-21,"SM","San Marino","Europe",92,7269,1,97
2021-12-22,"SM","San Marino","Europe",96,7365,0,97
2021-12-23,"SM","San Marino","Europe",92,7457,0,97
2021-12-24,"SM","San Marino","Europe",79,7536,1,98
2021-12-25,"SM","San Marino","Europe",70,7606,0,98
2021-12-26,"SM","San Marino","Europe",9,7615,0,98
2021-12-27,"SM","San Marino","Europe",51,7666,0,98
2021-12-28,"SM","San Marino","Europe",159,7825,0,98
2021-12-29,"SM","San Marino","Europe",118,7943,0,98
2021-12-30,"SM","San Marino","Europe",128,8071,0,98
2021-12-31,"SM","San Marino","Europe",154,8225,1,99
2022-01-01,"SM","San Marino","Europe",166,8391,1,100
2022-01-02,"SM","San Marino","Europe",6,8397,0,100
2022-01-03,"SM","San Marino","Europe",125,8522,0,100
2022-01-04,"SM","San Marino","Europe",196,8718,2,102
2022-01-05,"SM","San Marino","Europe",176,8894,0,102
2022-01-06,"SM","San Marino","Europe",250,9144,1,103
2022-01-07,"SM","San Marino","Europe",18,9162,0,103
2022-01-08,"SM","San Marino","Europe",260,9422,0,103
2022-01-09,"SM","San Marino","Europe",164,9586,0,103
2022-01-10,"SM","San Marino","Europe",14,9600,0,103
2022-01-11,"SM","San Marino","Europe",274,9874,0,103
2022-01-12,"SM","San Marino","Europe",219,10093,0,103
2022-01-13,"SM","San Marino","Europe",177,10270,0,103
2022-01-14,"SM","San Marino","Europe",150,10420,0,103
2022-01-15,"SM","San Marino","Europe",148,10568,0,103
2022-01-16,"SM","San Marino","Europe",128,10696,0,103
2022-01-17,"SM","San Marino","Europe",6,10702,0,103
2022-01-18,"SM","San Marino","Europe",223,10925,0,103
2022-01-19,"SM","San Marino","Europe",217,11142,0,103
2022-01-20,"SM","San Marino","Europe",210,11352,2,105
2022-01-21,"SM","San Marino","Europe",178,11530,1,106
2022-01-22,"SM","San Marino","Europe",172,11702,1,107
2022-01-23,"SM","San Marino","Europe",141,11843,0,107
2022-01-24,"SM","San Marino","Europe",15,11858,1,108
2022-01-25,"SM","San Marino","Europe",211,12069,0,108
2022-01-26,"SM","San Marino","Europe",238,12307,1,109
2022-01-27,"SM","San Marino","Europe",231,12538,0,109
2022-01-28,"SM","San Marino","Europe",166,12704,0,109
2022-01-29,"SM","San Marino","Europe",143,12847,0,109
2022-01-30,"SM","San Marino","Europe",109,12956,0,109
2022-01-31,"SM","San Marino","Europe",13,12969,0,109
2022-02-01,"SM","San Marino","Europe",193,13162,0,109
2022-02-02,"SM","San Marino","Europe",129,13291,0,109
2022-02-03,"SM","San Marino","Europe",103,13394,0,109
2022-02-04,"SM","San Marino","Europe",102,13496,0,109
2022-02-05,"SM","San Marino","Europe",94,13590,0,109
2022-02-06,"SM","San Marino","Europe",13,13603,0,109
2022-02-07,"SM","San Marino","Europe",17,13620,0,109
2022-02-08,"SM","San Marino","Europe",134,13754,0,109
2022-02-09,"SM","San Marino","Europe",62,13816,0,109
2022-02-10,"SM","San Marino","Europe",65,13881,1,110
2022-02-11,"SM","San Marino","Europe",52,13933,0,110
2022-02-12,"SM","San Marino","Europe",37,13970,0,110
2022-02-13,"SM","San Marino","Europe",37,14007,0,110
2022-02-14,"SM","San Marino","Europe",5,14012,0,110
2022-02-15,"SM","San Marino","Europe",51,14063,0,110
2022-02-16,"SM","San Marino","Europe",38,14101,0,110
2022-02-17,"SM","San Marino","Europe",31,14132,0,110
2022-02-18,"SM","San Marino","Europe",22,14154,2,112
2022-02-19,"SM","San Marino","Europe",39,14193,0,112
2022-02-20,"SM","San Marino","Europe",13,14206,0,112
2022-02-21,"SM","San Marino","Europe",5,14211,0,112
2022-02-22,"SM","San Marino","Europe",59,14270,0,112
2022-02-23,"SM","San Marino","Europe",25,14295,0,112
2022-02-24,"SM","San Marino","Europe",20,14315,0,112
2022-02-25,"SM","San Marino","Europe",15,14330,0,112
2022-02-26,"SM","San Marino","Europe",32,14362,0,112
2022-02-27,"SM","San Marino","Europe",9,14371,0,112
2022-02-28,"SM","San Marino","Europe",4,14375,0,112
2022-03-01,"SM","San Marino","Europe",45,14420,0,112
2022-03-02,"SM","San Marino","Europe",19,14439,0,112
2022-03-03,"SM","San Marino","Europe",29,14468,0,112
2022-03-04,"SM","San Marino","Europe",19,14487,0,112
2022-03-05,"SM","San Marino","Europe",22,14509,0,112
2022-03-06,"SM","San Marino","Europe",11,14520,0,112
2021-12-06,"ST","Sao Tome and Principe","Africa",1,3733,0,56
2021-12-07,"ST","Sao Tome and Principe","Africa",0,3733,0,56
2021-12-08,"ST","Sao Tome and Principe","Africa",0,3733,0,56
2021-12-09,"ST","Sao Tome and Principe","Africa",0,3733,1,57
2021-12-10,"ST","Sao Tome and Principe","Africa",0,3733,0,57
2021-12-11,"ST","Sao Tome and Principe","Africa",0,3733,0,57
2021-12-12,"ST","Sao Tome and Principe","Africa",0,3733,0,57
2021-12-13,"ST","Sao Tome and Principe","Africa",0,3733,0,57
2021-12-14,"ST","Sao Tome and Principe","Africa",0,3733,0,57
2021-12-15,"ST","Sao Tome and Principe","Africa",0,3733,0,57
2021-12-16,"ST","Sao Tome and Principe","Africa",0,3733,0,57
2021-12-17,"ST","Sao Tome and Principe","Africa",2,3735,0,57
2021-12-18,"ST","Sao Tome and Principe","Africa",0,3735,0,57
2021-12-19,"ST","Sao Tome and Principe","Africa",0,3735,0,57
2021-12-20,"ST","Sao Tome and Principe","Africa",0,3735,0,57
2021-12-21,"ST","Sao Tome and Principe","Africa",0,3735,0,57
2021-12-22,"ST","Sao Tome and Principe","Africa",1,3736,0,57
2021-12-23,"ST","Sao Tome and Principe","Africa",1,3737,0,57
2021-12-24,"ST","Sao Tome and Principe","Africa",4,3741,0,57
2021-12-25,"ST","Sao Tome and Principe","Africa",3,3744,0,57
2021-12-26,"ST","Sao Tome and Principe","Africa",0,3744,0,57
2021-12-27,"ST","Sao Tome and Principe","Africa",14,3758,0,57
2021-12-28,"ST","Sao Tome and Principe","Africa",1,3759,0,57
2021-12-29,"ST","Sao Tome and Principe","Africa",31,3790,0,57
2021-12-30,"ST","Sao Tome and Principe","Africa",29,3819,0,57
2021-12-31,"ST","Sao Tome and Principe","Africa",58,3877,0,57
2022-01-01,"ST","Sao Tome and Principe","Africa",20,3897,0,57
2022-01-02,"ST","Sao Tome and Principe","Africa",6,3903,0,57
2022-01-03,"ST","Sao Tome and Principe","Africa",9,3912,0,57
2022-01-04,"ST","Sao Tome and Principe","Africa",33,3945,1,58
2022-01-05,"ST","Sao Tome and Principe","Africa",65,4010,0,58
2022-01-06,"ST","Sao Tome and Principe","Africa",24,4034,3,61
2022-01-07,"ST","Sao Tome and Principe","Africa",117,4151,0,61
2022-01-08,"ST","Sao Tome and Principe","Africa",265,4416,1,62
2022-01-09,"ST","Sao Tome and Principe","Africa",319,4735,1,63
2022-01-10,"ST","Sao Tome and Principe","Africa",157,4892,0,63
2022-01-11,"ST","Sao Tome and Principe","Africa",0,4892,0,63
2022-01-12,"ST","Sao Tome and Principe","Africa",160,5052,2,65
2022-01-13,"ST","Sao Tome and Principe","Africa",183,5235,0,65
2022-01-14,"ST","Sao Tome and Principe","Africa",169,5404,0,65
2022-01-15,"ST","Sao Tome and Principe","Africa",54,5458,0,65
2022-01-16,"ST","Sao Tome and Principe","Africa",37,5495,0,65
2022-01-17,"ST","Sao Tome and Principe","Africa",30,5525,1,66
2022-01-18,"ST","Sao Tome and Principe","Africa",44,5569,0,66
2022-01-19,"ST","Sao Tome and Principe","Africa",65,5634,0,66
2022-01-20,"ST","Sao Tome and Principe","Africa",17,5651,0,66
2022-01-21,"ST","Sao Tome and Principe","Africa",134,5785,1,67
2022-01-22,"ST","Sao Tome and Principe","Africa",13,5798,1,68
2022-01-23,"ST","Sao Tome and Principe","Africa",18,5816,0,68
2022-01-24,"ST","Sao Tome and Principe","Africa",16,5832,1,69
2022-01-25,"ST","Sao Tome and Principe","Africa",4,5836,0,69
2022-01-26,"ST","Sao Tome and Principe","Africa",13,5849,0,69
2022-01-27,"ST","Sao Tome and Principe","Africa",7,5856,0,69
2022-01-28,"ST","Sao Tome and Principe","Africa",11,5867,0,69
2022-01-29,"ST","Sao Tome and Principe","Africa",6,5873,0,69
2022-01-30,"ST","Sao Tome and Principe","Africa",10,5883,0,69
2022-01-31,"ST","Sao Tome and Principe","Africa",2,5885,0,69
2022-02-01,"ST","Sao Tome and Principe","Africa",5,5890,0,69
2022-02-02,"ST","Sao Tome and Principe","Africa",9,5899,1,70
2022-02-03,"ST","Sao Tome and Principe","Africa",4,5903,0,70
2022-02-04,"ST","Sao Tome and Principe","Africa",4,5907,0,70
2022-02-05,"ST","Sao Tome and Principe","Africa",1,5908,0,70
2022-02-06,"ST","Sao Tome and Principe","Africa",3,5911,1,71
2022-02-07,"ST","Sao Tome and Principe","Africa",1,5912,0,71
2022-02-08,"ST","Sao Tome and Principe","Africa",0,5912,0,71
2022-02-09,"ST","Sao Tome and Principe","Africa",0,5912,0,71
2022-02-10,"ST","Sao Tome and Principe","Africa",1,5913,0,71
2022-02-11,"ST","Sao Tome and Principe","Africa",3,5916,0,71
2022-02-12,"ST","Sao Tome and Principe","Africa",3,5919,0,71
2022-02-13,"ST","Sao Tome and Principe","Africa",1,5920,0,71
2022-02-14,"ST","Sao Tome and Principe","Africa",0,5920,0,71
2022-02-15,"ST","Sao Tome and Principe","Africa",0,5920,0,71
2022-02-16,"ST","Sao Tome and Principe","Africa",0,5920,0,71
2022-02-17,"ST","Sao Tome and Principe","Africa",2,5922,0,71
2022-02-18,"ST","Sao Tome and Principe","Africa",0,5922,0,71
2022-02-19,"ST","Sao Tome and Principe","Africa",2,5924,0,71
2022-02-20,"ST","Sao Tome and Principe","Africa",1,5925,0,71
2022-02-21,"ST","Sao Tome and Principe","Africa",1,5926,0,71
2022-02-22,"ST","Sao Tome and Principe","Africa",4,5930,1,72
2022-02-23,"ST","Sao Tome and Principe","Africa",0,5930,0,72
2022-02-24,"ST","Sao Tome and Principe","Africa",2,5932,0,72
2022-02-25,"ST","Sao Tome and Principe","Africa",0,5932,0,72
2022-02-26,"ST","Sao Tome and Principe","Africa",1,5933,0,72
2022-02-27,"ST","Sao Tome and Principe","Africa",0,5933,0,72
2022-02-28,"ST","Sao Tome and Principe","Africa",1,5934,0,72
2022-03-01,"ST","Sao Tome and Principe","Africa",0,5934,0,72
2022-03-02,"ST","Sao Tome and Principe","Africa",0,5934,0,72
2022-03-03,"ST","Sao Tome and Principe","Africa",0,5934,0,72
2022-03-04,"ST","Sao Tome and Principe","Africa",5,5939,0,72
2022-03-05,"ST","Sao Tome and Principe","Africa",0,5939,0,72
2022-03-06,"ST","Sao Tome and Principe","Africa",0,5939,0,72
2021-12-06,"SA","Saudi Arabia","Eastern Mediterranean",35,549912,2,8844
2021-12-07,"SA","Saudi Arabia","Eastern Mediterranean",43,549955,1,8845
2021-12-08,"SA","Saudi Arabia","Eastern Mediterranean",42,549997,2,8847
2021-12-09,"SA","Saudi Arabia","Eastern Mediterranean",46,550043,2,8849
2021-12-10,"SA","Saudi Arabia","Eastern Mediterranean",45,550088,1,8850
2021-12-11,"SA","Saudi Arabia","Eastern Mediterranean",48,550136,1,8851
2021-12-12,"SA","Saudi Arabia","Eastern Mediterranean",53,550189,1,8852
2021-12-13,"SA","Saudi Arabia","Eastern Mediterranean",51,550240,1,8853
2021-12-14,"SA","Saudi Arabia","Eastern Mediterranean",64,550304,2,8855
2021-12-15,"SA","Saudi Arabia","Eastern Mediterranean",65,550369,1,8856
2021-12-16,"SA","Saudi Arabia","Eastern Mediterranean",88,550457,1,8857
2021-12-17,"SA","Saudi Arabia","Eastern Mediterranean",85,550542,1,8858
2021-12-18,"SA","Saudi Arabia","Eastern Mediterranean",80,550622,2,8860
2021-12-19,"SA","Saudi Arabia","Eastern Mediterranean",116,550738,1,8861
2021-12-20,"SA","Saudi Arabia","Eastern Mediterranean",104,550842,1,8862
2021-12-21,"SA","Saudi Arabia","Eastern Mediterranean",146,550988,2,8864
2021-12-22,"SA","Saudi Arabia","Eastern Mediterranean",222,551210,1,8865
2021-12-23,"SA","Saudi Arabia","Eastern Mediterranean",252,551462,2,8867
2021-12-24,"SA","Saudi Arabia","Eastern Mediterranean",287,551749,1,8868
2021-12-25,"SA","Saudi Arabia","Eastern Mediterranean",332,552081,1,8869
2021-12-26,"SA","Saudi Arabia","Eastern Mediterranean",325,552406,1,8870
2021-12-27,"SA","Saudi Arabia","Eastern Mediterranean",389,552795,1,8871
2021-12-28,"SA","Saudi Arabia","Eastern Mediterranean",524,553319,1,8872
2021-12-29,"SA","Saudi Arabia","Eastern Mediterranean",602,553921,1,8873
2021-12-30,"SA","Saudi Arabia","Eastern Mediterranean",744,554665,1,8874
2021-12-31,"SA","Saudi Arabia","Eastern Mediterranean",752,555417,1,8875
2022-01-01,"SA","Saudi Arabia","Eastern Mediterranean",819,556236,2,8877
2022-01-02,"SA","Saudi Arabia","Eastern Mediterranean",846,557082,1,8878
2022-01-03,"SA","Saudi Arabia","Eastern Mediterranean",1024,558106,1,8879
2022-01-04,"SA","Saudi Arabia","Eastern Mediterranean",1746,559852,2,8881
2022-01-05,"SA","Saudi Arabia","Eastern Mediterranean",2585,562437,2,8883
2022-01-06,"SA","Saudi Arabia","Eastern Mediterranean",3045,565482,3,8886
2022-01-07,"SA","Saudi Arabia","Eastern Mediterranean",3168,568650,2,8888
2022-01-08,"SA","Saudi Arabia","Eastern Mediterranean",3575,572225,2,8890
2022-01-09,"SA","Saudi Arabia","Eastern Mediterranean",3068,575293,2,8892
2022-01-10,"SA","Saudi Arabia","Eastern Mediterranean",3460,578753,1,8893
2022-01-11,"SA","Saudi Arabia","Eastern Mediterranean",4778,583531,2,8895
2022-01-12,"SA","Saudi Arabia","Eastern Mediterranean",4652,588183,2,8897
2022-01-13,"SA","Saudi Arabia","Eastern Mediterranean",5362,593545,2,8899
2022-01-14,"SA","Saudi Arabia","Eastern Mediterranean",5499,599044,2,8901
2022-01-15,"SA","Saudi Arabia","Eastern Mediterranean",5628,604672,2,8903
2022-01-16,"SA","Saudi Arabia","Eastern Mediterranean",5281,609953,2,8905
2022-01-17,"SA","Saudi Arabia","Eastern Mediterranean",5477,615430,1,8906
2022-01-18,"SA","Saudi Arabia","Eastern Mediterranean",5505,620935,2,8908
2022-01-19,"SA","Saudi Arabia","Eastern Mediterranean",5873,626808,2,8910
2022-01-20,"SA","Saudi Arabia","Eastern Mediterranean",5928,632736,2,8912
2022-01-21,"SA","Saudi Arabia","Eastern Mediterranean",5591,638327,2,8914
2022-01-22,"SA","Saudi Arabia","Eastern Mediterranean",4884,643211,2,8916
2022-01-23,"SA","Saudi Arabia","Eastern Mediterranean",4608,647819,2,8918
2022-01-24,"SA","Saudi Arabia","Eastern Mediterranean",4535,652354,2,8920
2022-01-25,"SA","Saudi Arabia","Eastern Mediterranean",4838,657192,2,8922
2022-01-26,"SA","Saudi Arabia","Eastern Mediterranean",4541,661733,2,8924
2022-01-27,"SA","Saudi Arabia","Eastern Mediterranean",4526,666259,3,8927
2022-01-28,"SA","Saudi Arabia","Eastern Mediterranean",4738,670997,2,8929
2022-01-29,"SA","Saudi Arabia","Eastern Mediterranean",4474,675471,2,8931
2022-01-30,"SA","Saudi Arabia","Eastern Mediterranean",3913,679384,2,8933
2022-01-31,"SA","Saudi Arabia","Eastern Mediterranean",3669,683053,3,8936
2022-02-01,"SA","Saudi Arabia","Eastern Mediterranean",4211,687264,4,8940
2022-02-02,"SA","Saudi Arabia","Eastern Mediterranean",3861,691125,1,8941
2022-02-03,"SA","Saudi Arabia","Eastern Mediterranean",4092,695217,2,8943
2022-02-04,"SA","Saudi Arabia","Eastern Mediterranean",3852,699069,4,8947
2022-02-05,"SA","Saudi Arabia","Eastern Mediterranean",3555,702624,3,8950
2022-02-06,"SA","Saudi Arabia","Eastern Mediterranean",3013,705637,3,8953
2022-02-07,"SA","Saudi Arabia","Eastern Mediterranean",3260,708897,1,8954
2022-02-08,"SA","Saudi Arabia","Eastern Mediterranean",3747,712644,3,8957
2022-02-09,"SA","Saudi Arabia","Eastern Mediterranean",3330,715974,2,8959
2022-02-10,"SA","Saudi Arabia","Eastern Mediterranean",3162,719136,3,8962
2022-02-11,"SA","Saudi Arabia","Eastern Mediterranean",2866,722002,3,8965
2022-02-12,"SA","Saudi Arabia","Eastern Mediterranean",2523,724525,4,8969
2022-02-13,"SA","Saudi Arabia","Eastern Mediterranean",1726,726251,2,8971
2022-02-14,"SA","Saudi Arabia","Eastern Mediterranean",2136,728387,2,8973
2022-02-15,"SA","Saudi Arabia","Eastern Mediterranean",2227,730614,1,8974
2022-02-16,"SA","Saudi Arabia","Eastern Mediterranean",1982,732596,1,8975
2022-02-17,"SA","Saudi Arabia","Eastern Mediterranean",1793,734389,2,8977
2022-02-18,"SA","Saudi Arabia","Eastern Mediterranean",1569,735958,1,8978
2022-02-19,"SA","Saudi Arabia","Eastern Mediterranean",1376,737334,3,8981
2022-02-20,"SA","Saudi Arabia","Eastern Mediterranean",997,738331,1,8982
2022-02-21,"SA","Saudi Arabia","Eastern Mediterranean",1013,739344,2,8984
2022-02-22,"SA","Saudi Arabia","Eastern Mediterranean",1052,740396,2,8986
2022-02-23,"SA","Saudi Arabia","Eastern Mediterranean",841,741237,1,8987
2022-02-24,"SA","Saudi Arabia","Eastern Mediterranean",627,741864,3,8990
2022-02-25,"SA","Saudi Arabia","Eastern Mediterranean",677,742541,1,8991
2022-02-26,"SA","Saudi Arabia","Eastern Mediterranean",664,743205,2,8993
2022-02-27,"SA","Saudi Arabia","Eastern Mediterranean",537,743742,1,8994
2022-02-28,"SA","Saudi Arabia","Eastern Mediterranean",632,744374,2,8996
2022-03-01,"SA","Saudi Arabia","Eastern Mediterranean",653,745027,2,8998
2022-03-02,"SA","Saudi Arabia","Eastern Mediterranean",563,745590,3,9001
2022-03-03,"SA","Saudi Arabia","Eastern Mediterranean",476,746066,1,9002
2022-03-04,"SA","Saudi Arabia","Eastern Mediterranean",407,746473,2,9004
2022-03-05,"SA","Saudi Arabia","Eastern Mediterranean",363,746836,1,9005
2022-03-06,"SA","Saudi Arabia","Eastern Mediterranean",283,747119,1,9006
2021-12-06,"SN","Senegal","Africa",11,74024,0,1886
2021-12-07,"SN","Senegal","Africa",7,74031,0,1886
2021-12-08,"SN","Senegal","Africa",5,74036,0,1886
2021-12-09,"SN","Senegal","Africa",7,74043,0,1886
2021-12-10,"SN","Senegal","Africa",11,74054,0,1886
2021-12-11,"SN","Senegal","Africa",11,74065,0,1886
2021-12-12,"SN","Senegal","Africa",11,74076,0,1886
2021-12-13,"SN","Senegal","Africa",10,74086,0,1886
2021-12-14,"SN","Senegal","Africa",6,74092,0,1886
2021-12-15,"SN","Senegal","Africa",2,74094,0,1886
2021-12-16,"SN","Senegal","Africa",11,74105,0,1886
2021-12-17,"SN","Senegal","Africa",10,74115,0,1886
2021-12-18,"SN","Senegal","Africa",14,74129,0,1886
2021-12-19,"SN","Senegal","Africa",12,74141,0,1886
2021-12-20,"SN","Senegal","Africa",20,74161,0,1886
2021-12-21,"SN","Senegal","Africa",22,74183,0,1886
2021-12-22,"SN","Senegal","Africa",13,74196,0,1886
2021-12-23,"SN","Senegal","Africa",27,74223,4,1890
2021-12-24,"SN","Senegal","Africa",33,74256,0,1890
2021-12-25,"SN","Senegal","Africa",46,74302,0,1890
2021-12-26,"SN","Senegal","Africa",51,74353,0,1890
2021-12-27,"SN","Senegal","Africa",59,74412,0,1890
2021-12-28,"SN","Senegal","Africa",57,74469,0,1890
2021-12-29,"SN","Senegal","Africa",47,74516,0,1890
2021-12-30,"SN","Senegal","Africa",156,74672,0,1890
2021-12-31,"SN","Senegal","Africa",198,74870,0,1890
2022-01-01,"SN","Senegal","Africa",185,75055,0,1890
2022-01-02,"SN","Senegal","Africa",282,75337,0,1890
2022-01-03,"SN","Senegal","Africa",334,75671,0,1890
2022-01-04,"SN","Senegal","Africa",288,75959,0,1890
2022-01-05,"SN","Senegal","Africa",274,76233,1,1891
2022-01-06,"SN","Senegal","Africa",520,76753,1,1892
2022-01-07,"SN","Senegal","Africa",519,77272,0,1892
2022-01-08,"SN","Senegal","Africa",663,77935,3,1895
2022-01-09,"SN","Senegal","Africa",689,78624,1,1896
2022-01-10,"SN","Senegal","Africa",666,79290,2,1898
2022-01-11,"SN","Senegal","Africa",476,79766,1,1899
2022-01-12,"SN","Senegal","Africa",0,79766,0,1899
2022-01-13,"SN","Senegal","Africa",992,80758,2,1901
2022-01-14,"SN","Senegal","Africa",608,81366,2,1903
2022-01-15,"SN","Senegal","Africa",502,81868,1,1904
2022-01-16,"SN","Senegal","Africa",403,82271,4,1908
2022-01-17,"SN","Senegal","Africa",441,82712,0,1908
2022-01-18,"SN","Senegal","Africa",274,82986,1,1909
2022-01-19,"SN","Senegal","Africa",188,83174,3,1912
2022-01-20,"SN","Senegal","Africa",313,83487,1,1913
2022-01-21,"SN","Senegal","Africa",265,83752,4,1917
2022-01-22,"SN","Senegal","Africa",203,83955,4,1921
2022-01-23,"SN","Senegal","Africa",163,84118,2,1923
2022-01-24,"SN","Senegal","Africa",177,84295,2,1925
2022-01-25,"SN","Senegal","Africa",79,84374,4,1929
2022-01-26,"SN","Senegal","Africa",79,84453,4,1933
2022-01-27,"SN","Senegal","Africa",160,84613,4,1937
2022-01-28,"SN","Senegal","Africa",96,84709,2,1939
2022-01-29,"SN","Senegal","Africa",77,84786,2,1941
2022-01-30,"SN","Senegal","Africa",70,84856,0,1941
2022-01-31,"SN","Senegal","Africa",80,84936,3,1944
2022-02-01,"SN","Senegal","Africa",63,84999,2,1946
2022-02-02,"SN","Senegal","Africa",39,85038,3,1949
2022-02-03,"SN","Senegal","Africa",34,85072,0,1949
2022-02-04,"SN","Senegal","Africa",45,85117,1,1950
2022-02-05,"SN","Senegal","Africa",26,85143,3,1953
2022-02-06,"SN","Senegal","Africa",35,85178,2,1955
2022-02-07,"SN","Senegal","Africa",28,85206,1,1956
2022-02-08,"SN","Senegal","Africa",31,85237,0,1956
2022-02-09,"SN","Senegal","Africa",19,85256,0,1956
2022-02-10,"SN","Senegal","Africa",26,85282,0,1956
2022-02-11,"SN","Senegal","Africa",26,85308,0,1956
2022-02-12,"SN","Senegal","Africa",38,85346,0,1956
2022-02-13,"SN","Senegal","Africa",24,85370,0,1956
2022-02-14,"SN","Senegal","Africa",42,85412,1,1957
2022-02-15,"SN","Senegal","Africa",28,85440,0,1957
2022-02-16,"SN","Senegal","Africa",14,85454,0,1957
2022-02-17,"SN","Senegal","Africa",15,85469,0,1957
2022-02-18,"SN","Senegal","Africa",26,85495,1,1958
2022-02-19,"SN","Senegal","Africa",26,85521,0,1958
2022-02-20,"SN","Senegal","Africa",24,85545,0,1958
2022-02-21,"SN","Senegal","Africa",19,85564,0,1958
2022-02-22,"SN","Senegal","Africa",24,85588,0,1958
2022-02-23,"SN","Senegal","Africa",12,85600,1,1959
2022-02-24,"SN","Senegal","Africa",19,85619,1,1960
2022-02-25,"SN","Senegal","Africa",18,85637,0,1960
2022-02-26,"SN","Senegal","Africa",14,85651,0,1960
2022-02-27,"SN","Senegal","Africa",15,85666,0,1960
2022-02-28,"SN","Senegal","Africa",10,85676,0,1960
2022-03-01,"SN","Senegal","Africa",17,85693,0,1960
2022-03-02,"SN","Senegal","Africa",6,85699,0,1960
2022-03-03,"SN","Senegal","Africa",13,85712,0,1960
2022-03-04,"SN","Senegal","Africa",17,85729,0,1960
2022-03-05,"SN","Senegal","Africa",10,85739,1,1961
2022-03-06,"SN","Senegal","Africa",8,85747,0,1961
2021-12-06,"RS","Serbia","Europe",1244,1263663,41,11917
2021-12-07,"RS","Serbia","Europe",1565,1265228,38,11955
2021-12-08,"RS","Serbia","Europe",1884,1267112,40,11995
2021-12-09,"RS","Serbia","Europe",1675,1268787,41,12036
2021-12-10,"RS","Serbia","Europe",1620,1270407,39,12075
2021-12-11,"RS","Serbia","Europe",1387,1271794,38,12113
2021-12-12,"RS","Serbia","Europe",1309,1273103,35,12148
2021-12-13,"RS","Serbia","Europe",944,1274047,30,12178
2021-12-14,"RS","Serbia","Europe",1167,1275214,31,12209
2021-12-15,"RS","Serbia","Europe",1547,1276761,32,12241
2021-12-16,"RS","Serbia","Europe",1359,1278120,34,12275
2021-12-17,"RS","Serbia","Europe",1325,1279445,31,12306
2021-12-18,"RS","Serbia","Europe",1199,1280644,30,12336
2021-12-19,"RS","Serbia","Europe",1015,1281659,28,12364
2021-12-20,"RS","Serbia","Europe",802,1282461,37,12401
2021-12-21,"RS","Serbia","Europe",1029,1283490,31,12432
2021-12-22,"RS","Serbia","Europe",1267,1284757,29,12461
2021-12-23,"RS","Serbia","Europe",1268,1286025,27,12488
2021-12-24,"RS","Serbia","Europe",1177,1287202,30,12518
2021-12-25,"RS","Serbia","Europe",1193,1288395,26,12544
2021-12-26,"RS","Serbia","Europe",1098,1289493,24,12568
2021-12-27,"RS","Serbia","Europe",976,1290469,26,12594
2021-12-28,"RS","Serbia","Europe",1249,1291718,27,12621
2021-12-29,"RS","Serbia","Europe",1676,1293394,24,12645
2021-12-30,"RS","Serbia","Europe",1804,1295198,20,12665
2021-12-31,"RS","Serbia","Europe",1949,1297147,23,12688
2022-01-01,"RS","Serbia","Europe",2192,1299339,26,12714
2022-01-02,"RS","Serbia","Europe",1610,1300949,25,12739
2022-01-03,"RS","Serbia","Europe",1907,1302856,21,12760
2022-01-04,"RS","Serbia","Europe",2765,1305621,27,12787
2022-01-05,"RS","Serbia","Europe",5224,1310845,19,12806
2022-01-06,"RS","Serbia","Europe",7488,1318333,25,12831
2022-01-07,"RS","Serbia","Europe",9122,1327455,19,12850
2022-01-08,"RS","Serbia","Europe",7539,1334994,17,12867
2022-01-09,"RS","Serbia","Europe",7652,1342646,23,12890
2022-01-10,"RS","Serbia","Europe",7949,1350595,22,12912
2022-01-11,"RS","Serbia","Europe",8949,1359544,24,12936
2022-01-12,"RS","Serbia","Europe",13693,1373237,22,12958
2022-01-13,"RS","Serbia","Europe",12877,1386114,26,12984
2022-01-14,"RS","Serbia","Europe",13753,1399867,19,13003
2022-01-15,"RS","Serbia","Europe",12721,1412588,23,13026
2022-01-16,"RS","Serbia","Europe",12559,1425147,19,13045
2022-01-17,"RS","Serbia","Europe",11248,1436395,26,13071
2022-01-18,"RS","Serbia","Europe",12797,1449192,27,13098
2022-01-19,"RS","Serbia","Europe",18006,1467198,26,13124
2022-01-20,"RS","Serbia","Europe",17318,1484516,28,13152
2022-01-21,"RS","Serbia","Europe",17105,1501621,29,13181
2022-01-22,"RS","Serbia","Europe",16403,1518024,30,13211
2022-01-23,"RS","Serbia","Europe",14717,1532741,28,13239
2022-01-24,"RS","Serbia","Europe",12159,1544900,32,13271
2022-01-25,"RS","Serbia","Europe",15046,1559946,35,13306
2022-01-26,"RS","Serbia","Europe",19901,1579847,34,13340
2022-01-27,"RS","Serbia","Europe",19063,1598910,37,13377
2022-01-28,"RS","Serbia","Europe",17674,1616584,40,13417
2022-01-29,"RS","Serbia","Europe",17284,1633868,42,13459
2022-01-30,"RS","Serbia","Europe",15425,1649293,54,13513
2022-01-31,"RS","Serbia","Europe",13153,1662446,57,13570
2022-02-01,"RS","Serbia","Europe",15352,1677798,59,13629
2022-02-02,"RS","Serbia","Europe",19214,1697012,58,13687
2022-02-03,"RS","Serbia","Europe",17851,1714863,61,13748
2022-02-04,"RS","Serbia","Europe",15623,1730486,59,13807
2022-02-05,"RS","Serbia","Europe",14519,1745005,61,13868
2022-02-06,"RS","Serbia","Europe",12736,1757741,60,13928
2022-02-07,"RS","Serbia","Europe",10602,1768343,63,13991
2022-02-08,"RS","Serbia","Europe",11439,1779782,63,14054
2022-02-09,"RS","Serbia","Europe",13772,1793554,59,14113
2022-02-10,"RS","Serbia","Europe",12532,1806086,58,14171
2022-02-11,"RS","Serbia","Europe",11121,1817207,63,14234
2022-02-12,"RS","Serbia","Europe",9580,1826787,65,14299
2022-02-13,"RS","Serbia","Europe",8187,1834974,67,14366
2022-02-14,"RS","Serbia","Europe",6036,1841010,61,14427
2022-02-15,"RS","Serbia","Europe",7030,1848040,67,14494
2022-02-16,"RS","Serbia","Europe",7134,1855174,59,14553
2022-02-17,"RS","Serbia","Europe",6239,1861413,58,14611
2022-02-18,"RS","Serbia","Europe",6423,1867836,55,14666
2022-02-19,"RS","Serbia","Europe",6298,1874134,62,14728
2022-02-20,"RS","Serbia","Europe",5103,1879237,69,14797
2022-02-21,"RS","Serbia","Europe",3876,1883113,52,14849
2022-02-22,"RS","Serbia","Europe",4483,1887596,55,14904
2022-02-23,"RS","Serbia","Europe",4591,1892187,54,14958
2022-02-24,"RS","Serbia","Europe",4388,1896575,52,15010
2022-02-25,"RS","Serbia","Europe",3718,1900293,49,15059
2022-02-26,"RS","Serbia","Europe",3201,1903494,51,15110
2022-02-27,"RS","Serbia","Europe",2648,1906142,45,15155
2022-02-28,"RS","Serbia","Europe",2130,1908272,44,15199
2022-03-01,"RS","Serbia","Europe",2703,1910975,42,15241
2022-03-02,"RS","Serbia","Europe",2886,1913861,39,15280
2022-03-03,"RS","Serbia","Europe",2846,1916707,35,15315
2022-03-04,"RS","Serbia","Europe",2620,1919327,31,15346
2022-03-05,"RS","Serbia","Europe",2504,1921831,29,15375
2022-03-06,"RS","Serbia","Europe",2146,1923977,30,15405
2021-12-06,"SC","Seychelles","Africa",13,23664,0,122
2021-12-07,"SC","Seychelles","Africa",25,23689,0,122
2021-12-08,"SC","Seychelles","Africa",61,23750,0,122
2021-12-09,"SC","Seychelles","Africa",0,23750,0,122
2021-12-10,"SC","Seychelles","Africa",55,23805,0,122
2021-12-11,"SC","Seychelles","Africa",33,23838,4,126
2021-12-12,"SC","Seychelles","Africa",0,23838,0,126
2021-12-13,"SC","Seychelles","Africa",63,23901,0,126
2021-12-14,"SC","Seychelles","Africa",19,23920,0,126
2021-12-15,"SC","Seychelles","Africa",40,23960,0,126
2021-12-16,"SC","Seychelles","Africa",61,24021,0,126
2021-12-17,"SC","Seychelles","Africa",26,24047,0,126
2021-12-18,"SC","Seychelles","Africa",0,24047,0,126
2021-12-19,"SC","Seychelles","Africa",52,24099,0,126
2021-12-20,"SC","Seychelles","Africa",29,24128,0,126
2021-12-21,"SC","Seychelles","Africa",24,24152,0,126
2021-12-22,"SC","Seychelles","Africa",45,24197,0,126
2021-12-23,"SC","Seychelles","Africa",52,24249,0,126
2021-12-24,"SC","Seychelles","Africa",41,24290,0,126
2021-12-25,"SC","Seychelles","Africa",45,24335,0,126
2021-12-26,"SC","Seychelles","Africa",46,24381,0,126
2021-12-27,"SC","Seychelles","Africa",31,24412,0,126
2021-12-28,"SC","Seychelles","Africa",39,24451,0,126
2021-12-29,"SC","Seychelles","Africa",95,24546,0,126
2021-12-30,"SC","Seychelles","Africa",0,24546,0,126
2021-12-31,"SC","Seychelles","Africa",105,24651,0,126
2022-01-01,"SC","Seychelles","Africa",340,24991,0,126
2022-01-02,"SC","Seychelles","Africa",172,25163,0,126
2022-01-03,"SC","Seychelles","Africa",88,25251,0,126
2022-01-04,"SC","Seychelles","Africa",55,25306,0,126
2022-01-05,"SC","Seychelles","Africa",304,25610,0,126
2022-01-06,"SC","Seychelles","Africa",645,26255,0,126
2022-01-07,"SC","Seychelles","Africa",0,26255,0,126
2022-01-08,"SC","Seychelles","Africa",713,26968,0,126
2022-01-09,"SC","Seychelles","Africa",608,27576,0,126
2022-01-10,"SC","Seychelles","Africa",0,27576,0,126
2022-01-11,"SC","Seychelles","Africa",682,28258,0,126
2022-01-12,"SC","Seychelles","Africa",528,28786,0,126
2022-01-13,"SC","Seychelles","Africa",1578,30364,0,126
2022-01-14,"SC","Seychelles","Africa",0,30364,0,126
2022-01-15,"SC","Seychelles","Africa",722,31086,0,126
2022-01-16,"SC","Seychelles","Africa",617,31703,0,126
2022-01-17,"SC","Seychelles","Africa",491,32194,0,126
2022-01-18,"SC","Seychelles","Africa",448,32642,0,126
2022-01-19,"SC","Seychelles","Africa",208,32850,7,133
2022-01-20,"SC","Seychelles","Africa",536,33386,3,136
2022-01-21,"SC","Seychelles","Africa",0,33386,0,136
2022-01-22,"SC","Seychelles","Africa",1402,34788,0,136
2022-01-23,"SC","Seychelles","Africa",0,34788,0,136
2022-01-24,"SC","Seychelles","Africa",390,35178,0,136
2022-01-25,"SC","Seychelles","Africa",428,35606,0,136
2022-01-26,"SC","Seychelles","Africa",0,35606,0,136
2022-01-27,"SC","Seychelles","Africa",415,36021,0,136
2022-01-28,"SC","Seychelles","Africa",301,36322,0,136
2022-01-29,"SC","Seychelles","Africa",0,36322,0,136
2022-01-30,"SC","Seychelles","Africa",241,36563,0,136
2022-01-31,"SC","Seychelles","Africa",460,37023,6,142
2022-02-01,"SC","Seychelles","Africa",99,37122,0,142
2022-02-02,"SC","Seychelles","Africa",72,37194,0,142
2022-02-03,"SC","Seychelles","Africa",276,37470,4,146
2022-02-04,"SC","Seychelles","Africa",305,37775,1,147
2022-02-05,"SC","Seychelles","Africa",0,37775,0,147
2022-02-06,"SC","Seychelles","Africa",0,37775,0,147
2022-02-07,"SC","Seychelles","Africa",110,37885,0,147
2022-02-08,"SC","Seychelles","Africa",239,38124,0,147
2022-02-09,"SC","Seychelles","Africa",169,38293,3,150
2022-02-10,"SC","Seychelles","Africa",0,38293,0,150
2022-02-11,"SC","Seychelles","Africa",102,38395,0,150
2022-02-12,"SC","Seychelles","Africa",0,38395,0,150
2022-02-13,"SC","Seychelles","Africa",0,38395,0,150
2022-02-14,"SC","Seychelles","Africa",264,38659,0,150
2022-02-15,"SC","Seychelles","Africa",73,38732,0,150
2022-02-16,"SC","Seychelles","Africa",97,38829,1,151
2022-02-17,"SC","Seychelles","Africa",87,38916,0,151
2022-02-18,"SC","Seychelles","Africa",62,38978,0,151
2022-02-19,"SC","Seychelles","Africa",55,39033,0,151
2022-02-20,"SC","Seychelles","Africa",0,39033,0,151
2022-02-21,"SC","Seychelles","Africa",95,39128,0,151
2022-02-22,"SC","Seychelles","Africa",0,39128,0,151
2022-02-23,"SC","Seychelles","Africa",19,39147,0,151
2022-02-24,"SC","Seychelles","Africa",104,39251,9,160
2022-02-25,"SC","Seychelles","Africa",0,39251,0,160
2022-02-26,"SC","Seychelles","Africa",0,39251,0,160
2022-02-27,"SC","Seychelles","Africa",0,39251,0,160
2022-02-28,"SC","Seychelles","Africa",59,39310,3,163
2022-03-01,"SC","Seychelles","Africa",67,39377,0,163
2022-03-02,"SC","Seychelles","Africa",31,39408,0,163
2022-03-03,"SC","Seychelles","Africa",19,39427,0,163
2022-03-04,"SC","Seychelles","Africa",0,39427,0,163
2022-03-05,"SC","Seychelles","Africa",0,39427,0,163
2022-03-06,"SC","Seychelles","Africa",0,39427,0,163
2021-12-06,"SL","Sierra Leone","Africa",0,6402,0,121
2021-12-07,"SL","Sierra Leone","Africa",3,6405,0,121
2021-12-08,"SL","Sierra Leone","Africa",0,6405,0,121
2021-12-09,"SL","Sierra Leone","Africa",15,6420,0,121
2021-12-10,"SL","Sierra Leone","Africa",1,6421,0,121
2021-12-11,"SL","Sierra Leone","Africa",1,6422,0,121
2021-12-12,"SL","Sierra Leone","Africa",0,6422,0,121
2021-12-13,"SL","Sierra Leone","Africa",0,6422,0,121
2021-12-14,"SL","Sierra Leone","Africa",1,6423,0,121
2021-12-15,"SL","Sierra Leone","Africa",11,6434,0,121
2021-12-16,"SL","Sierra Leone","Africa",0,6434,0,121
2021-12-17,"SL","Sierra Leone","Africa",18,6452,0,121
2021-12-18,"SL","Sierra Leone","Africa",0,6452,0,121
2021-12-19,"SL","Sierra Leone","Africa",19,6471,0,121
2021-12-20,"SL","Sierra Leone","Africa",34,6505,0,121
2021-12-21,"SL","Sierra Leone","Africa",5,6510,0,121
2021-12-22,"SL","Sierra Leone","Africa",15,6525,0,121
2021-12-23,"SL","Sierra Leone","Africa",48,6573,0,121
2021-12-24,"SL","Sierra Leone","Africa",0,6573,0,121
2021-12-25,"SL","Sierra Leone","Africa",86,6659,2,123
2021-12-26,"SL","Sierra Leone","Africa",0,6659,0,123
2021-12-27,"SL","Sierra Leone","Africa",0,6659,0,123
2021-12-28,"SL","Sierra Leone","Africa",0,6659,0,123
2021-12-29,"SL","Sierra Leone","Africa",160,6819,0,123
2021-12-30,"SL","Sierra Leone","Africa",72,6891,0,123
2021-12-31,"SL","Sierra Leone","Africa",92,6983,0,123
2022-01-01,"SL","Sierra Leone","Africa",0,6983,0,123
2022-01-02,"SL","Sierra Leone","Africa",0,6983,0,123
2022-01-03,"SL","Sierra Leone","Africa",131,7114,0,123
2022-01-04,"SL","Sierra Leone","Africa",65,7179,0,123
2022-01-05,"SL","Sierra Leone","Africa",0,7179,0,123
2022-01-06,"SL","Sierra Leone","Africa",129,7308,0,123
2022-01-07,"SL","Sierra Leone","Africa",44,7352,0,123
2022-01-08,"SL","Sierra Leone","Africa",0,7352,0,123
2022-01-09,"SL","Sierra Leone","Africa",30,7382,0,123
2022-01-10,"SL","Sierra Leone","Africa",0,7382,0,123
2022-01-11,"SL","Sierra Leone","Africa",0,7382,0,123
2022-01-12,"SL","Sierra Leone","Africa",0,7382,0,123
2022-01-13,"SL","Sierra Leone","Africa",0,7382,0,123
2022-01-14,"SL","Sierra Leone","Africa",0,7382,0,123
2022-01-15,"SL","Sierra Leone","Africa",0,7382,0,123
2022-01-16,"SL","Sierra Leone","Africa",0,7382,0,123
2022-01-17,"SL","Sierra Leone","Africa",0,7382,0,123
2022-01-18,"SL","Sierra Leone","Africa",160,7542,2,125
2022-01-19,"SL","Sierra Leone","Africa",2,7544,0,125
2022-01-20,"SL","Sierra Leone","Africa",18,7562,0,125
2022-01-21,"SL","Sierra Leone","Africa",0,7562,0,125
2022-01-22,"SL","Sierra Leone","Africa",0,7562,0,125
2022-01-23,"SL","Sierra Leone","Africa",0,7562,0,125
2022-01-24,"SL","Sierra Leone","Africa",28,7590,0,125
2022-01-25,"SL","Sierra Leone","Africa",0,7590,0,125
2022-01-26,"SL","Sierra Leone","Africa",3,7593,0,125
2022-01-27,"SL","Sierra Leone","Africa",0,7593,0,125
2022-01-28,"SL","Sierra Leone","Africa",15,7608,0,125
2022-01-29,"SL","Sierra Leone","Africa",0,7608,0,125
2022-01-30,"SL","Sierra Leone","Africa",0,7608,0,125
2022-01-31,"SL","Sierra Leone","Africa",0,7608,0,125
2022-02-01,"SL","Sierra Leone","Africa",14,7622,0,125
2022-02-02,"SL","Sierra Leone","Africa",1,7623,0,125
2022-02-03,"SL","Sierra Leone","Africa",0,7623,0,125
2022-02-04,"SL","Sierra Leone","Africa",0,7623,0,125
2022-02-05,"SL","Sierra Leone","Africa",0,7623,0,125
2022-02-06,"SL","Sierra Leone","Africa",4,7627,0,125
2022-02-07,"SL","Sierra Leone","Africa",0,7627,0,125
2022-02-08,"SL","Sierra Leone","Africa",0,7627,0,125
2022-02-09,"SL","Sierra Leone","Africa",1,7628,0,125
2022-02-10,"SL","Sierra Leone","Africa",0,7628,0,125
2022-02-11,"SL","Sierra Leone","Africa",0,7628,0,125
2022-02-12,"SL","Sierra Leone","Africa",10,7638,0,125
2022-02-13,"SL","Sierra Leone","Africa",10,7648,0,125
2022-02-14,"SL","Sierra Leone","Africa",0,7648,0,125
2022-02-15,"SL","Sierra Leone","Africa",4,7652,0,125
2022-02-16,"SL","Sierra Leone","Africa",0,7652,0,125
2022-02-17,"SL","Sierra Leone","Africa",7,7659,0,125
2022-02-18,"SL","Sierra Leone","Africa",2,7661,0,125
2022-02-19,"SL","Sierra Leone","Africa",0,7661,0,125
2022-02-20,"SL","Sierra Leone","Africa",0,7661,0,125
2022-02-21,"SL","Sierra Leone","Africa",0,7661,0,125
2022-02-22,"SL","Sierra Leone","Africa",2,7663,0,125
2022-02-23,"SL","Sierra Leone","Africa",0,7663,0,125
2022-02-24,"SL","Sierra Leone","Africa",1,7664,0,125
2022-02-25,"SL","Sierra Leone","Africa",0,7664,0,125
2022-02-26,"SL","Sierra Leone","Africa",0,7664,0,125
2022-02-27,"SL","Sierra Leone","Africa",0,7664,0,125
2022-02-28,"SL","Sierra Leone","Africa",0,7664,0,125
2022-03-01,"SL","Sierra Leone","Africa",1,7665,0,125
2022-03-02,"SL","Sierra Leone","Africa",0,7665,0,125
2022-03-03,"SL","Sierra Leone","Africa",0,7665,0,125
2022-03-04,"SL","Sierra Leone","Africa",0,7665,0,125
2022-03-05,"SL","Sierra Leone","Africa",0,7665,0,125
2022-03-06,"SL","Sierra Leone","Africa",0,7665,0,125
2021-12-06,"SG","Singapore","Western Pacific",552,269211,13,759
2021-12-07,"SG","Singapore","Western Pacific",662,269873,4,763
2021-12-08,"SG","Singapore","Western Pacific",715,270588,8,771
2021-12-09,"SG","Singapore","Western Pacific",709,271297,3,774
2021-12-10,"SG","Singapore","Western Pacific",682,271979,5,779
2021-12-11,"SG","Singapore","Western Pacific",454,272433,4,783
2021-12-12,"SG","Singapore","Western Pacific",559,272992,6,789
2021-12-13,"SG","Singapore","Western Pacific",370,273362,5,794
2021-12-14,"SG","Singapore","Western Pacific",339,273701,4,798
2021-12-15,"SG","Singapore","Western Pacific",442,274143,6,804
2021-12-16,"SG","Singapore","Western Pacific",474,274617,3,807
2021-12-17,"SG","Singapore","Western Pacific",355,274972,1,808
2021-12-18,"SG","Singapore","Western Pacific",412,275384,1,809
2021-12-19,"SG","Singapore","Western Pacific",271,275655,1,810
2021-12-20,"SG","Singapore","Western Pacific",255,275910,3,813
2021-12-21,"SG","Singapore","Western Pacific",195,276105,2,815
2021-12-22,"SG","Singapore","Western Pacific",280,276385,2,817
2021-12-23,"SG","Singapore","Western Pacific",335,276720,1,818
2021-12-24,"SG","Singapore","Western Pacific",322,277042,2,820
2021-12-25,"SG","Singapore","Western Pacific",265,277307,0,820
2021-12-26,"SG","Singapore","Western Pacific",248,277555,1,821
2021-12-27,"SG","Singapore","Western Pacific",209,277764,1,822
2021-12-28,"SG","Singapore","Western Pacific",280,278044,3,825
2021-12-29,"SG","Singapore","Western Pacific",365,278409,0,825
2021-12-30,"SG","Singapore","Western Pacific",341,278750,1,826
2021-12-31,"SG","Singapore","Western Pacific",311,279061,1,827
2022-01-01,"SG","Singapore","Western Pacific",344,279405,1,828
2022-01-02,"SG","Singapore","Western Pacific",456,279861,1,829
2022-01-03,"SG","Singapore","Western Pacific",429,280290,0,829
2022-01-04,"SG","Singapore","Western Pacific",464,280754,0,829
2022-01-05,"SG","Singapore","Western Pacific",842,281596,3,832
2022-01-06,"SG","Singapore","Western Pacific",805,282401,2,834
2022-01-07,"SG","Singapore","Western Pacific",813,283214,1,835
2022-01-08,"SG","Singapore","Western Pacific",777,283991,2,837
2022-01-09,"SG","Singapore","Western Pacific",811,284802,0,837
2022-01-10,"SG","Singapore","Western Pacific",845,285647,1,838
2022-01-11,"SG","Singapore","Western Pacific",750,286397,0,838
2022-01-12,"SG","Singapore","Western Pacific",846,287243,0,838
2022-01-13,"SG","Singapore","Western Pacific",882,288125,1,839
2022-01-14,"SG","Singapore","Western Pacific",960,289085,0,839
2022-01-15,"SG","Singapore","Western Pacific",945,290030,1,840
2022-01-16,"SG","Singapore","Western Pacific",956,290986,3,843
2022-01-17,"SG","Singapore","Western Pacific",863,291849,0,843
2022-01-18,"SG","Singapore","Western Pacific",1165,293014,0,843
2022-01-19,"SG","Singapore","Western Pacific",1448,294462,0,843
2022-01-20,"SG","Singapore","Western Pacific",1615,296077,1,844
2022-01-21,"SG","Singapore","Western Pacific",1472,297549,1,845
2022-01-22,"SG","Singapore","Western Pacific",10264,307813,1,846
2022-01-23,"SG","Singapore","Western Pacific",2463,310276,1,847
2022-01-24,"SG","Singapore","Western Pacific",3496,313772,1,848
2022-01-25,"SG","Singapore","Western Pacific",3002,316774,0,848
2022-01-26,"SG","Singapore","Western Pacific",5996,322770,2,850
2022-01-27,"SG","Singapore","Western Pacific",4832,327602,0,850
2022-01-28,"SG","Singapore","Western Pacific",5469,333071,0,850
2022-01-29,"SG","Singapore","Western Pacific",5554,338625,3,853
2022-01-30,"SG","Singapore","Western Pacific",5207,343832,1,854
2022-01-31,"SG","Singapore","Western Pacific",4498,348330,0,854
2022-02-01,"SG","Singapore","Western Pacific",4481,352811,1,855
2022-02-02,"SG","Singapore","Western Pacific",6264,359075,3,858
2022-02-03,"SG","Singapore","Western Pacific",3101,362176,1,859
2022-02-04,"SG","Singapore","Western Pacific",4297,366473,1,860
2022-02-05,"SG","Singapore","Western Pacific",13208,379681,6,866
2022-02-06,"SG","Singapore","Western Pacific",10390,390071,2,868
2022-02-07,"SG","Singapore","Western Pacific",7752,397823,3,871
2022-02-08,"SG","Singapore","Western Pacific",7806,405629,3,874
2022-02-09,"SG","Singapore","Western Pacific",13011,418640,3,877
2022-02-10,"SG","Singapore","Western Pacific",10314,428954,4,881
2022-02-11,"SG","Singapore","Western Pacific",10686,439640,1,882
2022-02-12,"SG","Singapore","Western Pacific",9930,449570,3,885
2022-02-13,"SG","Singapore","Western Pacific",10505,460075,8,893
2022-02-14,"SG","Singapore","Western Pacific",9420,469495,4,897
2022-02-15,"SG","Singapore","Western Pacific",9082,478577,9,906
2022-02-16,"SG","Singapore","Western Pacific",19420,497997,7,913
2022-02-17,"SG","Singapore","Western Pacific",16883,514880,13,926
2022-02-18,"SG","Singapore","Western Pacific",18545,533425,4,930
2022-02-19,"SG","Singapore","Western Pacific",18094,551519,7,937
2022-02-20,"SG","Singapore","Western Pacific",24836,576355,4,941
2022-02-21,"SG","Singapore","Western Pacific",6283,582638,4,945
2022-02-22,"SG","Singapore","Western Pacific",13623,596261,7,952
2022-02-23,"SG","Singapore","Western Pacific",26032,622293,4,956
2022-02-24,"SG","Singapore","Western Pacific",20312,642605,7,963
2022-02-25,"SG","Singapore","Western Pacific",18593,661198,12,975
2022-02-26,"SG","Singapore","Western Pacific",18597,679795,11,986
2022-02-27,"SG","Singapore","Western Pacific",16857,696652,13,999
2022-02-28,"SG","Singapore","Western Pacific",14228,710880,8,1007
2022-03-01,"SG","Singapore","Western Pacific",13544,724424,12,1019
2022-03-02,"SG","Singapore","Western Pacific",24080,748504,11,1030
2022-03-03,"SG","Singapore","Western Pacific",19159,767663,10,1040
2022-03-04,"SG","Singapore","Western Pacific",18162,785825,9,1049
2022-03-05,"SG","Singapore","Western Pacific",17564,803389,18,1067
2022-03-06,"SG","Singapore","Western Pacific",16274,819663,6,1073
2021-12-06,"XB","Sint Eustatius","Americas",0,31,0,0
2021-12-07,"XB","Sint Eustatius","Americas",0,31,0,0
2021-12-08,"XB","Sint Eustatius","Americas",0,31,0,0
2021-12-09,"XB","Sint Eustatius","Americas",0,31,0,0
2021-12-10,"XB","Sint Eustatius","Americas",0,31,0,0
2021-12-11,"XB","Sint Eustatius","Americas",0,31,0,0
2021-12-12,"XB","Sint Eustatius","Americas",0,31,0,0
2021-12-13,"XB","Sint Eustatius","Americas",0,31,0,0
2021-12-14,"XB","Sint Eustatius","Americas",0,31,0,0
2021-12-15,"XB","Sint Eustatius","Americas",0,31,0,0
2021-12-16,"XB","Sint Eustatius","Americas",0,31,0,0
2021-12-17,"XB","Sint Eustatius","Americas",0,31,0,0
2021-12-18,"XB","Sint Eustatius","Americas",0,31,0,0
2021-12-19,"XB","Sint Eustatius","Americas",0,31,0,0
2021-12-20,"XB","Sint Eustatius","Americas",0,31,0,0
2021-12-21,"XB","Sint Eustatius","Americas",0,31,0,0
2021-12-22,"XB","Sint Eustatius","Americas",0,31,0,0
2021-12-23,"XB","Sint Eustatius","Americas",0,31,0,0
2021-12-24,"XB","Sint Eustatius","Americas",0,31,0,0
2021-12-25,"XB","Sint Eustatius","Americas",0,31,0,0
2021-12-26,"XB","Sint Eustatius","Americas",0,31,0,0
2021-12-27,"XB","Sint Eustatius","Americas",0,31,0,0
2021-12-28,"XB","Sint Eustatius","Americas",0,31,0,0
2021-12-29,"XB","Sint Eustatius","Americas",0,31,0,0
2021-12-30,"XB","Sint Eustatius","Americas",1,32,0,0
2021-12-31,"XB","Sint Eustatius","Americas",0,32,0,0
2022-01-01,"XB","Sint Eustatius","Americas",23,55,0,0
2022-01-02,"XB","Sint Eustatius","Americas",0,55,0,0
2022-01-03,"XB","Sint Eustatius","Americas",0,55,0,0
2022-01-04,"XB","Sint Eustatius","Americas",47,102,0,0
2022-01-05,"XB","Sint Eustatius","Americas",0,102,0,0
2022-01-06,"XB","Sint Eustatius","Americas",14,116,0,0
2022-01-07,"XB","Sint Eustatius","Americas",26,142,0,0
2022-01-08,"XB","Sint Eustatius","Americas",0,142,0,0
2022-01-09,"XB","Sint Eustatius","Americas",0,142,0,0
2022-01-10,"XB","Sint Eustatius","Americas",0,142,0,0
2022-01-11,"XB","Sint Eustatius","Americas",0,142,0,0
2022-01-12,"XB","Sint Eustatius","Americas",16,158,0,0
2022-01-13,"XB","Sint Eustatius","Americas",55,213,0,0
2022-01-14,"XB","Sint Eustatius","Americas",5,218,0,0
2022-01-15,"XB","Sint Eustatius","Americas",8,226,0,0
2022-01-16,"XB","Sint Eustatius","Americas",0,226,0,0
2022-01-17,"XB","Sint Eustatius","Americas",0,226,0,0
2022-01-18,"XB","Sint Eustatius","Americas",0,226,0,0
2022-01-19,"XB","Sint Eustatius","Americas",35,261,0,0
2022-01-20,"XB","Sint Eustatius","Americas",0,261,0,0
2022-01-21,"XB","Sint Eustatius","Americas",19,280,0,0
2022-01-22,"XB","Sint Eustatius","Americas",0,280,1,1
2022-01-23,"XB","Sint Eustatius","Americas",0,280,0,1
2022-01-24,"XB","Sint Eustatius","Americas",0,280,0,1
2022-01-25,"XB","Sint Eustatius","Americas",2,282,0,1
2022-01-26,"XB","Sint Eustatius","Americas",26,308,0,1
2022-01-27,"XB","Sint Eustatius","Americas",3,311,0,1
2022-01-28,"XB","Sint Eustatius","Americas",5,316,0,1
2022-01-29,"XB","Sint Eustatius","Americas",9,325,0,1
2022-01-30,"XB","Sint Eustatius","Americas",0,325,0,1
2022-01-31,"XB","Sint Eustatius","Americas",0,325,0,1
2022-02-01,"XB","Sint Eustatius","Americas",27,352,0,1
2022-02-02,"XB","Sint Eustatius","Americas",0,352,0,1
2022-02-03,"XB","Sint Eustatius","Americas",30,382,0,1
2022-02-04,"XB","Sint Eustatius","Americas",8,390,0,1
2022-02-05,"XB","Sint Eustatius","Americas",0,390,0,1
2022-02-06,"XB","Sint Eustatius","Americas",0,390,0,1
2022-02-07,"XB","Sint Eustatius","Americas",0,390,0,1
2022-02-08,"XB","Sint Eustatius","Americas",11,401,0,1
2022-02-09,"XB","Sint Eustatius","Americas",8,409,1,2
2022-02-10,"XB","Sint Eustatius","Americas",6,415,1,3
2022-02-11,"XB","Sint Eustatius","Americas",6,421,0,3
2022-02-12,"XB","Sint Eustatius","Americas",1,422,0,3
2022-02-13,"XB","Sint Eustatius","Americas",0,422,0,3
2022-02-14,"XB","Sint Eustatius","Americas",0,422,0,3
2022-02-15,"XB","Sint Eustatius","Americas",5,427,0,3
2022-02-16,"XB","Sint Eustatius","Americas",8,435,0,3
2022-02-17,"XB","Sint Eustatius","Americas",1,436,0,3
2022-02-18,"XB","Sint Eustatius","Americas",1,437,0,3
2022-02-19,"XB","Sint Eustatius","Americas",4,441,0,3
2022-02-20,"XB","Sint Eustatius","Americas",0,441,0,3
2022-02-21,"XB","Sint Eustatius","Americas",0,441,0,3
2022-02-22,"XB","Sint Eustatius","Americas",0,441,0,3
2022-02-23,"XB","Sint Eustatius","Americas",9,450,0,3
2022-02-24,"XB","Sint Eustatius","Americas",3,453,0,3
2022-02-25,"XB","Sint Eustatius","Americas",0,453,0,3
2022-02-26,"XB","Sint Eustatius","Americas",5,458,0,3
2022-02-27,"XB","Sint Eustatius","Americas",0,458,0,3
2022-02-28,"XB","Sint Eustatius","Americas",0,458,0,3
2022-03-01,"XB","Sint Eustatius","Americas",0,458,0,3
2022-03-02,"XB","Sint Eustatius","Americas",0,458,0,3
2022-03-03,"XB","Sint Eustatius","Americas",10,468,0,3
2022-03-04,"XB","Sint Eustatius","Americas",1,469,0,3
2022-03-05,"XB","Sint Eustatius","Americas",0,469,0,3
2022-03-06,"XB","Sint Eustatius","Americas",0,469,0,3
2021-12-06,"SX","Sint Maarten","Americas",0,4593,0,75
2021-12-07,"SX","Sint Maarten","Americas",1,4594,0,75
2021-12-08,"SX","Sint Maarten","Americas",14,4608,0,75
2021-12-09,"SX","Sint Maarten","Americas",5,4613,0,75
2021-12-10,"SX","Sint Maarten","Americas",4,4617,0,75
2021-12-11,"SX","Sint Maarten","Americas",7,4624,0,75
2021-12-12,"SX","Sint Maarten","Americas",0,4624,0,75
2021-12-13,"SX","Sint Maarten","Americas",0,4624,0,75
2021-12-14,"SX","Sint Maarten","Americas",8,4632,0,75
2021-12-15,"SX","Sint Maarten","Americas",21,4653,0,75
2021-12-16,"SX","Sint Maarten","Americas",3,4656,0,75
2021-12-17,"SX","Sint Maarten","Americas",6,4662,0,75
2021-12-18,"SX","Sint Maarten","Americas",2,4664,0,75
2021-12-19,"SX","Sint Maarten","Americas",0,4664,0,75
2021-12-20,"SX","Sint Maarten","Americas",0,4664,0,75
2021-12-21,"SX","Sint Maarten","Americas",20,4684,0,75
2021-12-22,"SX","Sint Maarten","Americas",12,4696,0,75
2021-12-23,"SX","Sint Maarten","Americas",9,4705,0,75
2021-12-24,"SX","Sint Maarten","Americas",30,4735,0,75
2021-12-25,"SX","Sint Maarten","Americas",13,4748,0,75
2021-12-26,"SX","Sint Maarten","Americas",0,4748,0,75
2021-12-27,"SX","Sint Maarten","Americas",0,4748,0,75
2021-12-28,"SX","Sint Maarten","Americas",26,4774,0,75
2021-12-29,"SX","Sint Maarten","Americas",64,4838,0,75
2021-12-30,"SX","Sint Maarten","Americas",109,4947,0,75
2021-12-31,"SX","Sint Maarten","Americas",107,5054,0,75
2022-01-01,"SX","Sint Maarten","Americas",143,5197,0,75
2022-01-02,"SX","Sint Maarten","Americas",0,5197,0,75
2022-01-03,"SX","Sint Maarten","Americas",0,5197,0,75
2022-01-04,"SX","Sint Maarten","Americas",104,5301,0,75
2022-01-05,"SX","Sint Maarten","Americas",0,5301,0,75
2022-01-06,"SX","Sint Maarten","Americas",407,5708,0,75
2022-01-07,"SX","Sint Maarten","Americas",237,5945,0,75
2022-01-08,"SX","Sint Maarten","Americas",168,6113,0,75
2022-01-09,"SX","Sint Maarten","Americas",0,6113,0,75
2022-01-10,"SX","Sint Maarten","Americas",0,6113,0,75
2022-01-11,"SX","Sint Maarten","Americas",579,6692,0,75
2022-01-12,"SX","Sint Maarten","Americas",201,6893,0,75
2022-01-13,"SX","Sint Maarten","Americas",0,6893,0,75
2022-01-14,"SX","Sint Maarten","Americas",1006,7899,0,75
2022-01-15,"SX","Sint Maarten","Americas",351,8250,0,75
2022-01-16,"SX","Sint Maarten","Americas",0,8250,0,75
2022-01-17,"SX","Sint Maarten","Americas",0,8250,0,75
2022-01-18,"SX","Sint Maarten","Americas",0,8250,0,75
2022-01-19,"SX","Sint Maarten","Americas",430,8680,0,75
2022-01-20,"SX","Sint Maarten","Americas",118,8798,0,75
2022-01-21,"SX","Sint Maarten","Americas",99,8897,2,77
2022-01-22,"SX","Sint Maarten","Americas",68,8965,0,77
2022-01-23,"SX","Sint Maarten","Americas",0,8965,0,77
2022-01-24,"SX","Sint Maarten","Americas",0,8965,0,77
2022-01-25,"SX","Sint Maarten","Americas",111,9076,1,78
2022-01-26,"SX","Sint Maarten","Americas",48,9124,1,79
2022-01-27,"SX","Sint Maarten","Americas",36,9160,0,79
2022-01-28,"SX","Sint Maarten","Americas",43,9203,0,79
2022-01-29,"SX","Sint Maarten","Americas",26,9229,0,79
2022-01-30,"SX","Sint Maarten","Americas",0,9229,0,79
2022-01-31,"SX","Sint Maarten","Americas",0,9229,0,79
2022-02-01,"SX","Sint Maarten","Americas",56,9285,0,79
2022-02-02,"SX","Sint Maarten","Americas",23,9308,0,79
2022-02-03,"SX","Sint Maarten","Americas",30,9338,0,79
2022-02-04,"SX","Sint Maarten","Americas",15,9353,0,79
2022-02-05,"SX","Sint Maarten","Americas",20,9373,0,79
2022-02-06,"SX","Sint Maarten","Americas",0,9373,0,79
2022-02-07,"SX","Sint Maarten","Americas",0,9373,0,79
2022-02-08,"SX","Sint Maarten","Americas",13,9386,1,80
2022-02-09,"SX","Sint Maarten","Americas",21,9407,2,82
2022-02-10,"SX","Sint Maarten","Americas",32,9439,0,82
2022-02-11,"SX","Sint Maarten","Americas",10,9449,1,83
2022-02-12,"SX","Sint Maarten","Americas",20,9469,0,83
2022-02-13,"SX","Sint Maarten","Americas",0,9469,0,83
2022-02-14,"SX","Sint Maarten","Americas",0,9469,0,83
2022-02-15,"SX","Sint Maarten","Americas",14,9483,0,83
2022-02-16,"SX","Sint Maarten","Americas",13,9496,1,84
2022-02-17,"SX","Sint Maarten","Americas",9,9505,0,84
2022-02-18,"SX","Sint Maarten","Americas",0,9505,0,84
2022-02-19,"SX","Sint Maarten","Americas",6,9511,0,84
2022-02-20,"SX","Sint Maarten","Americas",0,9511,0,84
2022-02-21,"SX","Sint Maarten","Americas",0,9511,0,84
2022-02-22,"SX","Sint Maarten","Americas",15,9526,1,85
2022-02-23,"SX","Sint Maarten","Americas",7,9533,0,85
2022-02-24,"SX","Sint Maarten","Americas",2,9535,0,85
2022-02-25,"SX","Sint Maarten","Americas",2,9537,0,85
2022-02-26,"SX","Sint Maarten","Americas",7,9544,0,85
2022-02-27,"SX","Sint Maarten","Americas",0,9544,0,85
2022-02-28,"SX","Sint Maarten","Americas",0,9544,0,85
2022-03-01,"SX","Sint Maarten","Americas",4,9548,0,85
2022-03-02,"SX","Sint Maarten","Americas",13,9561,0,85
2022-03-03,"SX","Sint Maarten","Americas",8,9569,0,85
2022-03-04,"SX","Sint Maarten","Americas",0,9569,0,85
2022-03-05,"SX","Sint Maarten","Americas",1,9570,0,85
2022-03-06,"SX","Sint Maarten","Americas",0,9570,0,85
2021-12-06,"SK","Slovakia","Europe",3020,732495,74,14900
2021-12-07,"SK","Slovakia","Europe",7049,739544,104,15004
2021-12-08,"SK","Slovakia","Europe",9425,748969,91,15095
2021-12-09,"SK","Slovakia","Europe",8523,757492,84,15179
2021-12-10,"SK","Slovakia","Europe",6620,764112,57,15236
2021-12-11,"SK","Slovakia","Europe",5832,769944,68,15304
2021-12-12,"SK","Slovakia","Europe",4913,774857,50,15354
2021-12-13,"SK","Slovakia","Europe",2370,777227,61,15415
2021-12-14,"SK","Slovakia","Europe",4762,781989,101,15516
2021-12-15,"SK","Slovakia","Europe",6783,788772,105,15621
2021-12-16,"SK","Slovakia","Europe",5394,794166,109,15730
2021-12-17,"SK","Slovakia","Europe",4497,798663,113,15843
2021-12-18,"SK","Slovakia","Europe",4021,802684,88,15931
2021-12-19,"SK","Slovakia","Europe",3431,806115,83,16014
2021-12-20,"SK","Slovakia","Europe",1224,807339,54,16068
2021-12-21,"SK","Slovakia","Europe",3683,811022,61,16129
2021-12-22,"SK","Slovakia","Europe",5080,816102,69,16198
2021-12-23,"SK","Slovakia","Europe",3391,819493,41,16239
2021-12-24,"SK","Slovakia","Europe",4679,824172,51,16290
2021-12-25,"SK","Slovakia","Europe",1074,825246,46,16336
2021-12-26,"SK","Slovakia","Europe",383,825629,62,16398
2021-12-27,"SK","Slovakia","Europe",1221,826850,47,16445
2021-12-28,"SK","Slovakia","Europe",4243,831093,41,16486
2021-12-29,"SK","Slovakia","Europe",4455,835548,68,16554
2021-12-30,"SK","Slovakia","Europe",3190,838738,44,16598
2021-12-31,"SK","Slovakia","Europe",2995,841733,37,16635
2022-01-01,"SK","Slovakia","Europe",2660,844393,30,16665
2022-01-02,"SK","Slovakia","Europe",216,844609,36,16701
2022-01-03,"SK","Slovakia","Europe",1328,845937,39,16740
2022-01-04,"SK","Slovakia","Europe",3579,849516,48,16788
2022-01-05,"SK","Slovakia","Europe",3900,853416,36,16824
2022-01-06,"SK","Slovakia","Europe",3269,856685,47,16871
2022-01-07,"SK","Slovakia","Europe",1116,857801,25,16896
2022-01-08,"SK","Slovakia","Europe",3031,860832,37,16933
2022-01-09,"SK","Slovakia","Europe",2130,862962,29,16962
2022-01-10,"SK","Slovakia","Europe",855,863817,27,16989
2022-01-11,"SK","Slovakia","Europe",2595,866412,50,17039
2022-01-12,"SK","Slovakia","Europe",3251,869663,42,17081
2022-01-13,"SK","Slovakia","Europe",2848,872511,47,17128
2022-01-14,"SK","Slovakia","Europe",1888,874399,60,17188
2022-01-15,"SK","Slovakia","Europe",2049,876448,64,17252
2022-01-16,"SK","Slovakia","Europe",3208,879656,48,17300
2022-01-17,"SK","Slovakia","Europe",1015,880671,52,17352
2022-01-18,"SK","Slovakia","Europe",3933,884604,46,17398
2022-01-19,"SK","Slovakia","Europe",6183,890787,61,17459
2022-01-20,"SK","Slovakia","Europe",6011,896798,61,17520
2022-01-21,"SK","Slovakia","Europe",7035,903833,57,17577
2022-01-22,"SK","Slovakia","Europe",6478,910311,35,17612
2022-01-23,"SK","Slovakia","Europe",7607,917918,31,17643
2022-01-24,"SK","Slovakia","Europe",3503,921421,32,17675
2022-01-25,"SK","Slovakia","Europe",8120,929541,23,17698
2022-01-26,"SK","Slovakia","Europe",13840,943381,27,17725
2022-01-27,"SK","Slovakia","Europe",14252,957633,30,17755
2022-01-28,"SK","Slovakia","Europe",14312,971945,24,17779
2022-01-29,"SK","Slovakia","Europe",15118,987063,17,17796
2022-01-30,"SK","Slovakia","Europe",13282,1000345,21,17817
2022-01-31,"SK","Slovakia","Europe",7796,1008141,13,17830
2022-02-01,"SK","Slovakia","Europe",14643,1022784,20,17850
2022-02-02,"SK","Slovakia","Europe",20224,1043008,27,17877
2022-02-03,"SK","Slovakia","Europe",19388,1062396,19,17896
2022-02-04,"SK","Slovakia","Europe",19533,1081929,25,17921
2022-02-05,"SK","Slovakia","Europe",19577,1101506,17,17938
2022-02-06,"SK","Slovakia","Europe",15549,1117055,20,17958
2022-02-07,"SK","Slovakia","Europe",9965,1127020,15,17973
2022-02-08,"SK","Slovakia","Europe",19240,1146260,22,17995
2022-02-09,"SK","Slovakia","Europe",20582,1166842,19,18014
2022-02-10,"SK","Slovakia","Europe",20160,1187002,26,18040
2022-02-11,"SK","Slovakia","Europe",20051,1207053,24,18064
2022-02-12,"SK","Slovakia","Europe",19872,1226925,17,18081
2022-02-13,"SK","Slovakia","Europe",14196,1241121,14,18095
2022-02-14,"SK","Slovakia","Europe",8552,1249673,10,18105
2022-02-15,"SK","Slovakia","Europe",18896,1268569,18,18123
2022-02-16,"SK","Slovakia","Europe",19955,1288524,22,18145
2022-02-17,"SK","Slovakia","Europe",18443,1306967,34,18179
2022-02-18,"SK","Slovakia","Europe",17536,1324503,22,18201
2022-02-19,"SK","Slovakia","Europe",17933,1342436,24,18225
2022-02-20,"SK","Slovakia","Europe",11912,1354348,15,18240
2022-02-21,"SK","Slovakia","Europe",6691,1361039,12,18252
2022-02-22,"SK","Slovakia","Europe",13420,1374459,27,18279
2022-02-23,"SK","Slovakia","Europe",19075,1393534,35,18314
2022-02-24,"SK","Slovakia","Europe",15183,1408717,24,18338
2022-02-25,"SK","Slovakia","Europe",12829,1421546,37,18375
2022-02-26,"SK","Slovakia","Europe",12384,1433930,38,18413
2022-02-27,"SK","Slovakia","Europe",8264,1442194,40,18453
2022-02-28,"SK","Slovakia","Europe",4728,1446922,32,18485
2022-03-01,"SK","Slovakia","Europe",11207,1458129,45,18530
2022-03-02,"SK","Slovakia","Europe",12763,1470892,37,18567
2022-03-03,"SK","Slovakia","Europe",11462,1482354,44,18611
2022-03-04,"SK","Slovakia","Europe",11029,1493383,20,18631
2022-03-05,"SK","Slovakia","Europe",9925,1503308,32,18663
2022-03-06,"SK","Slovakia","Europe",6186,1509494,24,18687
2021-12-06,"SI","Slovenia","Europe",1116,430186,20,5815
2021-12-07,"SI","Slovenia","Europe",775,430961,11,5826
2021-12-08,"SI","Slovenia","Europe",1955,432916,18,5844
2021-12-09,"SI","Slovenia","Europe",1852,434768,17,5861
2021-12-10,"SI","Slovenia","Europe",1688,436456,14,5875
2021-12-11,"SI","Slovenia","Europe",1324,437780,19,5894
2021-12-12,"SI","Slovenia","Europe",1480,439260,15,5909
2021-12-13,"SI","Slovenia","Europe",786,440046,12,5921
2021-12-14,"SI","Slovenia","Europe",677,440723,19,5940
2021-12-15,"SI","Slovenia","Europe",1716,442439,16,5956
2021-12-16,"SI","Slovenia","Europe",1530,443969,14,5970
2021-12-17,"SI","Slovenia","Europe",1347,445316,7,5977
2021-12-18,"SI","Slovenia","Europe",1281,446597,11,5988
2021-12-19,"SI","Slovenia","Europe",1288,447885,16,6004
2021-12-20,"SI","Slovenia","Europe",769,448654,12,6016
2021-12-21,"SI","Slovenia","Europe",586,449240,8,6024
2021-12-22,"SI","Slovenia","Europe",1558,450798,10,6034
2021-12-23,"SI","Slovenia","Europe",1255,452053,9,6043
2021-12-24,"SI","Slovenia","Europe",1124,453177,8,6051
2021-12-25,"SI","Slovenia","Europe",1207,454384,9,6060
2021-12-26,"SI","Slovenia","Europe",1091,455475,4,6064
2021-12-27,"SI","Slovenia","Europe",666,456141,11,6075
2021-12-28,"SI","Slovenia","Europe",701,456842,9,6084
2021-12-29,"SI","Slovenia","Europe",1819,458661,11,6095
2021-12-30,"SI","Slovenia","Europe",1871,460532,17,6112
2021-12-31,"SI","Slovenia","Europe",1691,462223,7,6119
2022-01-01,"SI","Slovenia","Europe",1898,464121,5,6124
2022-01-02,"SI","Slovenia","Europe",1668,465789,7,6131
2022-01-03,"SI","Slovenia","Europe",835,466624,8,6139
2022-01-04,"SI","Slovenia","Europe",1010,467634,9,6148
2022-01-05,"SI","Slovenia","Europe",3403,471037,10,6158
2022-01-06,"SI","Slovenia","Europe",4084,475121,8,6166
2022-01-07,"SI","Slovenia","Europe",3848,478969,7,6173
2022-01-08,"SI","Slovenia","Europe",4085,483054,11,6184
2022-01-09,"SI","Slovenia","Europe",4492,487546,5,6189
2022-01-10,"SI","Slovenia","Europe",3360,490906,6,6195
2022-01-11,"SI","Slovenia","Europe",2530,493436,8,6203
2022-01-12,"SI","Slovenia","Europe",5174,498610,4,6207
2022-01-13,"SI","Slovenia","Europe",7436,506046,12,6219
2022-01-14,"SI","Slovenia","Europe",6879,512925,9,6228
2022-01-15,"SI","Slovenia","Europe",6941,519866,9,6237
2022-01-16,"SI","Slovenia","Europe",7604,527470,6,6243
2022-01-17,"SI","Slovenia","Europe",6022,533492,4,6247
2022-01-18,"SI","Slovenia","Europe",4979,538471,7,6254
2022-01-19,"SI","Slovenia","Europe",8695,547166,10,6264
2022-01-20,"SI","Slovenia","Europe",12302,559468,14,6278
2022-01-21,"SI","Slovenia","Europe",10306,569774,5,6283
2022-01-22,"SI","Slovenia","Europe",9866,579640,11,6294
2022-01-23,"SI","Slovenia","Europe",9961,589601,13,6307
2022-01-24,"SI","Slovenia","Europe",14191,603792,18,6325
2022-01-25,"SI","Slovenia","Europe",8414,612206,13,6338
2022-01-26,"SI","Slovenia","Europe",12839,625045,15,6353
2022-01-27,"SI","Slovenia","Europe",17512,642557,22,6375
2022-01-28,"SI","Slovenia","Europe",14228,656785,16,6391
2022-01-29,"SI","Slovenia","Europe",16898,673683,10,6401
2022-01-30,"SI","Slovenia","Europe",14903,688586,18,6419
2022-01-31,"SI","Slovenia","Europe",13868,702454,20,6439
2022-02-01,"SI","Slovenia","Europe",8584,711038,18,6457
2022-02-02,"SI","Slovenia","Europe",11731,722769,19,6476
2022-02-03,"SI","Slovenia","Europe",24249,747018,20,6496
2022-02-04,"SI","Slovenia","Europe",16801,763819,21,6517
2022-02-05,"SI","Slovenia","Europe",11783,775602,28,6545
2022-02-06,"SI","Slovenia","Europe",11742,787344,31,6576
2022-02-07,"SI","Slovenia","Europe",7540,794884,29,6605
2022-02-08,"SI","Slovenia","Europe",5557,800441,25,6630
2022-02-09,"SI","Slovenia","Europe",11236,811677,24,6654
2022-02-10,"SI","Slovenia","Europe",5136,816813,25,6679
2022-02-11,"SI","Slovenia","Europe",12212,829025,16,6695
2022-02-12,"SI","Slovenia","Europe",7575,836600,26,6721
2022-02-13,"SI","Slovenia","Europe",7402,844002,33,6754
2022-02-14,"SI","Slovenia","Europe",4311,848313,17,6771
2022-02-15,"SI","Slovenia","Europe",3647,851960,26,6797
2022-02-16,"SI","Slovenia","Europe",7169,859129,31,6828
2022-02-17,"SI","Slovenia","Europe",4745,863874,28,6856
2022-02-18,"SI","Slovenia","Europe",4578,868452,23,6879
2022-02-19,"SI","Slovenia","Europe",3839,872291,28,6907
2022-02-20,"SI","Slovenia","Europe",3760,876051,22,6929
2022-02-21,"SI","Slovenia","Europe",2297,878348,25,6954
2022-02-22,"SI","Slovenia","Europe",2035,880383,26,6980
2022-02-23,"SI","Slovenia","Europe",2334,882717,24,7004
2022-02-24,"SI","Slovenia","Europe",2399,885116,24,7028
2022-02-25,"SI","Slovenia","Europe",2366,887482,14,7042
2022-02-26,"SI","Slovenia","Europe",1929,889411,19,7061
2022-02-27,"SI","Slovenia","Europe",1818,891229,24,7085
2022-02-28,"SI","Slovenia","Europe",921,892150,23,7108
2022-03-01,"SI","Slovenia","Europe",675,892825,18,7126
2022-03-02,"SI","Slovenia","Europe",2557,895382,17,7143
2022-03-03,"SI","Slovenia","Europe",1858,897240,11,7154
2022-03-04,"SI","Slovenia","Europe",1857,899097,8,7162
2022-03-05,"SI","Slovenia","Europe",1886,900983,4,7166
2022-03-06,"SI","Slovenia","Europe",1855,902838,6,7172
2021-12-06,"SB","Solomon Islands","Western Pacific",0,20,0,0
2021-12-07,"SB","Solomon Islands","Western Pacific",0,20,0,0
2021-12-08,"SB","Solomon Islands","Western Pacific",0,20,0,0
2021-12-09,"SB","Solomon Islands","Western Pacific",0,20,0,0
2021-12-10,"SB","Solomon Islands","Western Pacific",0,20,0,0
2021-12-11,"SB","Solomon Islands","Western Pacific",0,20,0,0
2021-12-12,"SB","Solomon Islands","Western Pacific",0,20,0,0
2021-12-13,"SB","Solomon Islands","Western Pacific",0,20,0,0
2021-12-14,"SB","Solomon Islands","Western Pacific",0,20,0,0
2021-12-15,"SB","Solomon Islands","Western Pacific",0,20,0,0
2021-12-16,"SB","Solomon Islands","Western Pacific",0,20,0,0
2021-12-17,"SB","Solomon Islands","Western Pacific",0,20,0,0
2021-12-18,"SB","Solomon Islands","Western Pacific",0,20,0,0
2021-12-19,"SB","Solomon Islands","Western Pacific",0,20,0,0
2021-12-20,"SB","Solomon Islands","Western Pacific",0,20,0,0
2021-12-21,"SB","Solomon Islands","Western Pacific",0,20,0,0
2021-12-22,"SB","Solomon Islands","Western Pacific",0,20,0,0
2021-12-23,"SB","Solomon Islands","Western Pacific",0,20,0,0
2021-12-24,"SB","Solomon Islands","Western Pacific",0,20,0,0
2021-12-25,"SB","Solomon Islands","Western Pacific",0,20,0,0
2021-12-26,"SB","Solomon Islands","Western Pacific",0,20,0,0
2021-12-27,"SB","Solomon Islands","Western Pacific",2,22,0,0
2021-12-28,"SB","Solomon Islands","Western Pacific",0,22,0,0
2021-12-29,"SB","Solomon Islands","Western Pacific",2,24,0,0
2021-12-30,"SB","Solomon Islands","Western Pacific",0,24,0,0
2021-12-31,"SB","Solomon Islands","Western Pacific",0,24,0,0
2022-01-01,"SB","Solomon Islands","Western Pacific",0,24,0,0
2022-01-02,"SB","Solomon Islands","Western Pacific",0,24,0,0
2022-01-03,"SB","Solomon Islands","Western Pacific",0,24,0,0
2022-01-04,"SB","Solomon Islands","Western Pacific",0,24,0,0
2022-01-05,"SB","Solomon Islands","Western Pacific",0,24,0,0
2022-01-06,"SB","Solomon Islands","Western Pacific",0,24,0,0
2022-01-07,"SB","Solomon Islands","Western Pacific",1,25,0,0
2022-01-08,"SB","Solomon Islands","Western Pacific",0,25,0,0
2022-01-09,"SB","Solomon Islands","Western Pacific",0,25,0,0
2022-01-10,"SB","Solomon Islands","Western Pacific",0,25,0,0
2022-01-11,"SB","Solomon Islands","Western Pacific",0,25,0,0
2022-01-12,"SB","Solomon Islands","Western Pacific",0,25,0,0
2022-01-13,"SB","Solomon Islands","Western Pacific",0,25,0,0
2022-01-14,"SB","Solomon Islands","Western Pacific",0,25,0,0
2022-01-15,"SB","Solomon Islands","Western Pacific",0,25,0,0
2022-01-16,"SB","Solomon Islands","Western Pacific",0,25,0,0
2022-01-17,"SB","Solomon Islands","Western Pacific",0,25,0,0
2022-01-18,"SB","Solomon Islands","Western Pacific",6,31,0,0
2022-01-19,"SB","Solomon Islands","Western Pacific",2,33,0,0
2022-01-20,"SB","Solomon Islands","Western Pacific",0,33,0,0
2022-01-21,"SB","Solomon Islands","Western Pacific",48,81,0,0
2022-01-22,"SB","Solomon Islands","Western Pacific",88,169,0,0
2022-01-23,"SB","Solomon Islands","Western Pacific",120,289,0,0
2022-01-24,"SB","Solomon Islands","Western Pacific",0,289,0,0
2022-01-25,"SB","Solomon Islands","Western Pacific",213,502,1,1
2022-01-26,"SB","Solomon Islands","Western Pacific",174,676,1,2
2022-01-27,"SB","Solomon Islands","Western Pacific",1,677,0,2
2022-01-28,"SB","Solomon Islands","Western Pacific",78,755,3,5
2022-01-29,"SB","Solomon Islands","Western Pacific",143,898,0,5
2022-01-30,"SB","Solomon Islands","Western Pacific",0,898,0,5
2022-01-31,"SB","Solomon Islands","Western Pacific",285,1183,4,9
2022-02-01,"SB","Solomon Islands","Western Pacific",303,1486,3,12
2022-02-02,"SB","Solomon Islands","Western Pacific",366,1852,1,13
2022-02-03,"SB","Solomon Islands","Western Pacific",315,2167,2,15
2022-02-04,"SB","Solomon Islands","Western Pacific",190,2357,6,21
2022-02-05,"SB","Solomon Islands","Western Pacific",433,2790,4,25
2022-02-06,"SB","Solomon Islands","Western Pacific",0,2790,0,25
2022-02-07,"SB","Solomon Islands","Western Pacific",405,3195,8,33
2022-02-08,"SB","Solomon Islands","Western Pacific",123,3318,4,37
2022-02-09,"SB","Solomon Islands","Western Pacific",339,3657,3,40
2022-02-10,"SB","Solomon Islands","Western Pacific",317,3974,0,40
2022-02-11,"SB","Solomon Islands","Western Pacific",229,4203,10,50
2022-02-12,"SB","Solomon Islands","Western Pacific",99,4302,3,53
2022-02-13,"SB","Solomon Islands","Western Pacific",0,4302,0,53
2022-02-14,"SB","Solomon Islands","Western Pacific",323,4625,5,58
2022-02-15,"SB","Solomon Islands","Western Pacific",198,4823,3,61
2022-02-16,"SB","Solomon Islands","Western Pacific",89,4912,4,65
2022-02-17,"SB","Solomon Islands","Western Pacific",131,5043,3,68
2022-02-18,"SB","Solomon Islands","Western Pacific",522,5565,6,74
2022-02-19,"SB","Solomon Islands","Western Pacific",119,5684,3,77
2022-02-20,"SB","Solomon Islands","Western Pacific",0,5684,0,77
2022-02-21,"SB","Solomon Islands","Western Pacific",129,5813,6,83
2022-02-22,"SB","Solomon Islands","Western Pacific",78,5891,0,83
2022-02-23,"SB","Solomon Islands","Western Pacific",77,5968,2,85
2022-02-24,"SB","Solomon Islands","Western Pacific",380,6348,2,87
2022-02-25,"SB","Solomon Islands","Western Pacific",306,6654,5,92
2022-02-26,"SB","Solomon Islands","Western Pacific",159,6813,1,93
2022-02-27,"SB","Solomon Islands","Western Pacific",0,6813,0,93
2022-02-28,"SB","Solomon Islands","Western Pacific",124,6937,3,96
2022-03-01,"SB","Solomon Islands","Western Pacific",112,7049,3,99
2022-03-02,"SB","Solomon Islands","Western Pacific",209,7258,7,106
2022-03-03,"SB","Solomon Islands","Western Pacific",0,7258,0,106
2022-03-04,"SB","Solomon Islands","Western Pacific",68,7326,5,111
2022-03-05,"SB","Solomon Islands","Western Pacific",0,7326,0,111
2022-03-06,"SB","Solomon Islands","Western Pacific",268,7594,0,111
2021-12-06,"SO","Somalia","Eastern Mediterranean",0,23051,0,1331
2021-12-07,"SO","Somalia","Eastern Mediterranean",0,23051,0,1331
2021-12-08,"SO","Somalia","Eastern Mediterranean",0,23051,0,1331
2021-12-09,"SO","Somalia","Eastern Mediterranean",0,23051,0,1331
2021-12-10,"SO","Somalia","Eastern Mediterranean",0,23051,0,1331
2021-12-11,"SO","Somalia","Eastern Mediterranean",23,23074,2,1333
2021-12-12,"SO","Somalia","Eastern Mediterranean",0,23074,0,1333
2021-12-13,"SO","Somalia","Eastern Mediterranean",0,23074,0,1333
2021-12-14,"SO","Somalia","Eastern Mediterranean",0,23074,0,1333
2021-12-15,"SO","Somalia","Eastern Mediterranean",0,23074,0,1333
2021-12-16,"SO","Somalia","Eastern Mediterranean",0,23074,0,1333
2021-12-17,"SO","Somalia","Eastern Mediterranean",0,23074,0,1333
2021-12-18,"SO","Somalia","Eastern Mediterranean",95,23169,0,1333
2021-12-19,"SO","Somalia","Eastern Mediterranean",0,23169,0,1333
2021-12-20,"SO","Somalia","Eastern Mediterranean",0,23169,0,1333
2021-12-21,"SO","Somalia","Eastern Mediterranean",0,23169,0,1333
2021-12-22,"SO","Somalia","Eastern Mediterranean",0,23169,0,1333
2021-12-23,"SO","Somalia","Eastern Mediterranean",0,23169,0,1333
2021-12-24,"SO","Somalia","Eastern Mediterranean",363,23532,0,1333
2021-12-25,"SO","Somalia","Eastern Mediterranean",0,23532,0,1333
2021-12-26,"SO","Somalia","Eastern Mediterranean",0,23532,0,1333
2021-12-27,"SO","Somalia","Eastern Mediterranean",0,23532,0,1333
2021-12-28,"SO","Somalia","Eastern Mediterranean",0,23532,0,1333
2021-12-29,"SO","Somalia","Eastern Mediterranean",0,23532,0,1333
2021-12-30,"SO","Somalia","Eastern Mediterranean",0,23532,0,1333
2021-12-31,"SO","Somalia","Eastern Mediterranean",0,23532,0,1333
2022-01-01,"SO","Somalia","Eastern Mediterranean",0,23532,0,1333
2022-01-02,"SO","Somalia","Eastern Mediterranean",0,23532,0,1333
2022-01-03,"SO","Somalia","Eastern Mediterranean",0,23532,0,1333
2022-01-04,"SO","Somalia","Eastern Mediterranean",0,23532,0,1333
2022-01-05,"SO","Somalia","Eastern Mediterranean",0,23532,0,1333
2022-01-06,"SO","Somalia","Eastern Mediterranean",729,24261,2,1335
2022-01-07,"SO","Somalia","Eastern Mediterranean",0,24261,0,1335
2022-01-08,"SO","Somalia","Eastern Mediterranean",0,24261,0,1335
2022-01-09,"SO","Somalia","Eastern Mediterranean",0,24261,0,1335
2022-01-10,"SO","Somalia","Eastern Mediterranean",0,24261,0,1335
2022-01-11,"SO","Somalia","Eastern Mediterranean",0,24261,0,1335
2022-01-12,"SO","Somalia","Eastern Mediterranean",0,24261,0,1335
2022-01-13,"SO","Somalia","Eastern Mediterranean",0,24261,0,1335
2022-01-14,"SO","Somalia","Eastern Mediterranean",0,24261,0,1335
2022-01-15,"SO","Somalia","Eastern Mediterranean",0,24261,0,1335
2022-01-16,"SO","Somalia","Eastern Mediterranean",0,24261,0,1335
2022-01-17,"SO","Somalia","Eastern Mediterranean",0,24261,0,1335
2022-01-18,"SO","Somalia","Eastern Mediterranean",0,24261,0,1335
2022-01-19,"SO","Somalia","Eastern Mediterranean",0,24261,0,1335
2022-01-20,"SO","Somalia","Eastern Mediterranean",0,24261,0,1335
2022-01-21,"SO","Somalia","Eastern Mediterranean",61,24322,0,1335
2022-01-22,"SO","Somalia","Eastern Mediterranean",0,24322,0,1335
2022-01-23,"SO","Somalia","Eastern Mediterranean",0,24322,0,1335
2022-01-24,"SO","Somalia","Eastern Mediterranean",0,24322,0,1335
2022-01-25,"SO","Somalia","Eastern Mediterranean",0,24322,0,1335
2022-01-26,"SO","Somalia","Eastern Mediterranean",0,24322,0,1335
2022-01-27,"SO","Somalia","Eastern Mediterranean",0,24322,0,1335
2022-01-28,"SO","Somalia","Eastern Mediterranean",0,24322,0,1335
2022-01-29,"SO","Somalia","Eastern Mediterranean",0,24322,0,1335
2022-01-30,"SO","Somalia","Eastern Mediterranean",1066,25388,0,1335
2022-01-31,"SO","Somalia","Eastern Mediterranean",0,25388,0,1335
2022-02-01,"SO","Somalia","Eastern Mediterranean",679,26067,0,1335
2022-02-02,"SO","Somalia","Eastern Mediterranean",0,26067,0,1335
2022-02-03,"SO","Somalia","Eastern Mediterranean",0,26067,0,1335
2022-02-04,"SO","Somalia","Eastern Mediterranean",0,26067,0,1335
2022-02-05,"SO","Somalia","Eastern Mediterranean",0,26067,0,1335
2022-02-06,"SO","Somalia","Eastern Mediterranean",0,26067,0,1335
2022-02-07,"SO","Somalia","Eastern Mediterranean",0,26067,0,1335
2022-02-08,"SO","Somalia","Eastern Mediterranean",136,26203,5,1340
2022-02-09,"SO","Somalia","Eastern Mediterranean",0,26203,0,1340
2022-02-10,"SO","Somalia","Eastern Mediterranean",0,26203,0,1340
2022-02-11,"SO","Somalia","Eastern Mediterranean",0,26203,0,1340
2022-02-12,"SO","Somalia","Eastern Mediterranean",0,26203,0,1340
2022-02-13,"SO","Somalia","Eastern Mediterranean",0,26203,0,1340
2022-02-14,"SO","Somalia","Eastern Mediterranean",0,26203,0,1340
2022-02-15,"SO","Somalia","Eastern Mediterranean",0,26203,0,1340
2022-02-16,"SO","Somalia","Eastern Mediterranean",0,26203,0,1340
2022-02-17,"SO","Somalia","Eastern Mediterranean",57,26260,5,1345
2022-02-18,"SO","Somalia","Eastern Mediterranean",0,26260,0,1345
2022-02-19,"SO","Somalia","Eastern Mediterranean",0,26260,0,1345
2022-02-20,"SO","Somalia","Eastern Mediterranean",0,26260,0,1345
2022-02-21,"SO","Somalia","Eastern Mediterranean",0,26260,0,1345
2022-02-22,"SO","Somalia","Eastern Mediterranean",53,26313,3,1348
2022-02-23,"SO","Somalia","Eastern Mediterranean",0,26313,0,1348
2022-02-24,"SO","Somalia","Eastern Mediterranean",0,26313,0,1348
2022-02-25,"SO","Somalia","Eastern Mediterranean",0,26313,0,1348
2022-02-26,"SO","Somalia","Eastern Mediterranean",0,26313,0,1348
2022-02-27,"SO","Somalia","Eastern Mediterranean",0,26313,0,1348
2022-02-28,"SO","Somalia","Eastern Mediterranean",0,26313,0,1348
2022-03-01,"SO","Somalia","Eastern Mediterranean",0,26313,0,1348
2022-03-02,"SO","Somalia","Eastern Mediterranean",38,26351,0,1348
2022-03-03,"SO","Somalia","Eastern Mediterranean",0,26351,0,1348
2022-03-04,"SO","Somalia","Eastern Mediterranean",0,26351,0,1348
2022-03-05,"SO","Somalia","Eastern Mediterranean",0,26351,0,1348
2022-03-06,"SO","Somalia","Eastern Mediterranean",49,26400,11,1359
2021-12-06,"ZA","South Africa","Africa",11125,3031694,1,89966
2021-12-07,"ZA","South Africa","Africa",6381,3038075,9,89975
2021-12-08,"ZA","South Africa","Africa",13147,3051222,27,90002
2021-12-09,"ZA","South Africa","Africa",19842,3071064,36,90038
2021-12-10,"ZA","South Africa","Africa",22388,3093452,22,90060
2021-12-11,"ZA","South Africa","Africa",19017,3112469,20,90080
2021-12-12,"ZA","South Africa","Africa",17153,3129622,36,90116
2021-12-13,"ZA","South Africa","Africa",37875,3167497,21,90137
2021-12-14,"ZA","South Africa","Africa",13288,3180785,11,90148
2021-12-15,"ZA","South Africa","Africa",23857,3204642,24,90172
2021-12-16,"ZA","South Africa","Africa",26389,3231031,54,90226
2021-12-17,"ZA","South Africa","Africa",24785,3255816,36,90262
2021-12-18,"ZA","South Africa","Africa",20713,3276529,35,90297
2021-12-19,"ZA","South Africa","Africa",16080,3292609,48,90345
2021-12-20,"ZA","South Africa","Africa",15465,3308074,3,90348
2021-12-21,"ZA","South Africa","Africa",8511,3316585,105,90453
2021-12-22,"ZA","South Africa","Africa",15423,3332008,35,90488
2021-12-23,"ZA","South Africa","Africa",21098,3353106,99,90587
2021-12-24,"ZA","South Africa","Africa",21156,3374262,75,90662
2021-12-25,"ZA","South Africa","Africa",18847,3393109,81,90743
2021-12-26,"ZA","South Africa","Africa",14828,3407937,30,90773
2021-12-27,"ZA","South Africa","Africa",5603,3413540,41,90814
2021-12-28,"ZA","South Africa","Africa",3778,3417318,15,90829
2021-12-29,"ZA","South Africa","Africa",7216,3424534,25,90854
2021-12-30,"ZA","South Africa","Africa",9020,3433554,81,90935
2021-12-31,"ZA","South Africa","Africa",12978,3446532,126,91061
2022-01-01,"ZA","South Africa","Africa",11754,3458286,84,91145
2022-01-02,"ZA","South Africa","Africa",9793,3468079,53,91198
2022-01-03,"ZA","South Africa","Africa",4357,3472436,30,91228
2022-01-04,"ZA","South Africa","Africa",3076,3475512,84,91312
2022-01-05,"ZA","South Africa","Africa",8078,3483590,139,91451
2022-01-06,"ZA","South Africa","Africa",11106,3494696,110,91561
2022-01-07,"ZA","South Africa","Africa",9858,3504554,551,92112
2022-01-08,"ZA","South Africa","Africa",9259,3513813,140,92252
2022-01-09,"ZA","South Africa","Africa",7699,3521512,119,92371
2022-01-10,"ZA","South Africa","Africa",4542,3526054,82,92453
2022-01-11,"ZA","South Africa","Africa",2409,3528463,77,92530
2022-01-12,"ZA","South Africa","Africa",5668,3534131,119,92649
2022-01-13,"ZA","South Africa","Africa",6760,3540891,181,92830
2022-01-14,"ZA","South Africa","Africa",5917,3546808,159,92989
2022-01-15,"ZA","South Africa","Africa",5235,3552043,128,93117
2022-01-16,"ZA","South Africa","Africa",4590,3556633,161,93278
2022-01-17,"ZA","South Africa","Africa",2597,3559230,86,93364
2022-01-18,"ZA","South Africa","Africa",1691,3560921,87,93451
2022-01-19,"ZA","South Africa","Africa",3657,3564578,100,93551
2022-01-20,"ZA","South Africa","Africa",4322,3568900,156,93707
2022-01-21,"ZA","South Africa","Africa",3960,3572860,139,93846
2022-01-22,"ZA","South Africa","Africa",3519,3576379,103,93949
2022-01-23,"ZA","South Africa","Africa",3049,3579428,114,94063
2022-01-24,"ZA","South Africa","Africa",1931,3581359,114,94177
2022-01-25,"ZA","South Africa","Africa",1332,3582691,88,94265
2022-01-26,"ZA","South Africa","Africa",3197,3585888,132,94397
2022-01-27,"ZA","South Africa","Africa",4511,3590399,94,94491
2022-01-28,"ZA","South Africa","Africa",4100,3594499,160,94651
2022-01-29,"ZA","South Africa","Africa",3789,3598288,133,94784
2022-01-30,"ZA","South Africa","Africa",3342,3601630,121,94905
2022-01-31,"ZA","South Africa","Africa",2226,3603856,117,95022
2022-02-01,"ZA","South Africa","Africa",1366,3605222,71,95093
2022-02-02,"ZA","South Africa","Africa",3085,3608307,195,95288
2022-02-03,"ZA","South Africa","Africa",4502,3612809,175,95463
2022-02-04,"ZA","South Africa","Africa",3266,3616075,82,95545
2022-02-05,"ZA","South Africa","Africa",2778,3618853,221,95766
2022-02-06,"ZA","South Africa","Africa",3357,3622210,51,95817
2022-02-07,"ZA","South Africa","Africa",1752,3623962,18,95835
2022-02-08,"ZA","South Africa","Africa",1228,3625190,186,96021
2022-02-09,"ZA","South Africa","Africa",2824,3628014,268,96289
2022-02-10,"ZA","South Africa","Africa",3628,3631642,213,96502
2022-02-11,"ZA","South Africa","Africa",3169,3634811,203,96705
2022-02-12,"ZA","South Africa","Africa",2862,3637673,146,96851
2022-02-13,"ZA","South Africa","Africa",2489,3640162,134,96985
2022-02-14,"ZA","South Africa","Africa",1649,3641811,8,96993
2022-02-15,"ZA","South Africa","Africa",1094,3642905,257,97250
2022-02-16,"ZA","South Africa","Africa",2364,3645269,181,97431
2022-02-17,"ZA","South Africa","Africa",3699,3648968,89,97520
2022-02-18,"ZA","South Africa","Africa",3056,3652024,435,97955
2022-02-19,"ZA","South Africa","Africa",2800,3654824,343,98298
2022-02-20,"ZA","South Africa","Africa",2267,3657091,319,98617
2022-02-21,"ZA","South Africa","Africa",1456,3658547,50,98667
2022-02-22,"ZA","South Africa","Africa",1151,3659698,137,98804
2022-02-23,"ZA","South Africa","Africa",2334,3662032,64,98868
2022-02-24,"ZA","South Africa","Africa",3117,3665149,110,98978
2022-02-25,"ZA","South Africa","Africa",2411,3667560,40,99018
2022-02-26,"ZA","South Africa","Africa",2111,3669671,127,99145
2022-02-27,"ZA","South Africa","Africa",2320,3671991,46,99191
2022-02-28,"ZA","South Africa","Africa",1266,3673257,38,99229
2022-03-01,"ZA","South Africa","Africa",785,3674042,183,99412
2022-03-02,"ZA","South Africa","Africa",1649,3675691,18,99430
2022-03-03,"ZA","South Africa","Africa",1995,3677686,28,99458
2022-03-04,"ZA","South Africa","Africa",1853,3679539,41,99499
2022-03-05,"ZA","South Africa","Africa",1898,3681437,18,99517
2022-03-06,"ZA","South Africa","Africa",1735,3683172,26,99543
2021-12-06,"SS","South Sudan","Africa",4,12823,0,133
2021-12-07,"SS","South Sudan","Africa",3,12826,0,133
2021-12-08,"SS","South Sudan","Africa",0,12826,0,133
2021-12-09,"SS","South Sudan","Africa",6,12832,0,133
2021-12-10,"SS","South Sudan","Africa",25,12857,0,133
2021-12-11,"SS","South Sudan","Africa",16,12873,0,133
2021-12-12,"SS","South Sudan","Africa",18,12891,0,133
2021-12-13,"SS","South Sudan","Africa",13,12904,0,133
2021-12-14,"SS","South Sudan","Africa",0,12904,0,133
2021-12-15,"SS","South Sudan","Africa",65,12969,0,133
2021-12-16,"SS","South Sudan","Africa",80,13049,0,133
2021-12-17,"SS","South Sudan","Africa",94,13143,0,133
2021-12-18,"SS","South Sudan","Africa",166,13309,0,133
2021-12-19,"SS","South Sudan","Africa",150,13459,0,133
2021-12-20,"SS","South Sudan","Africa",0,13459,0,133
2021-12-21,"SS","South Sudan","Africa",372,13831,0,133
2021-12-22,"SS","South Sudan","Africa",0,13831,0,133
2021-12-23,"SS","South Sudan","Africa",444,14275,2,135
2021-12-24,"SS","South Sudan","Africa",302,14577,0,135
2021-12-25,"SS","South Sudan","Africa",184,14761,0,135
2021-12-26,"SS","South Sudan","Africa",49,14810,0,135
2021-12-27,"SS","South Sudan","Africa",33,14843,0,135
2021-12-28,"SS","South Sudan","Africa",17,14860,0,135
2021-12-29,"SS","South Sudan","Africa",292,15152,0,135
2021-12-30,"SS","South Sudan","Africa",90,15242,0,135
2021-12-31,"SS","South Sudan","Africa",0,15242,0,135
2022-01-01,"SS","South Sudan","Africa",384,15626,1,136
2022-01-02,"SS","South Sudan","Africa",12,15638,0,136
2022-01-03,"SS","South Sudan","Africa",17,15655,0,136
2022-01-04,"SS","South Sudan","Africa",90,15745,0,136
2022-01-05,"SS","South Sudan","Africa",104,15849,0,136
2022-01-06,"SS","South Sudan","Africa",88,15937,0,136
2022-01-07,"SS","South Sudan","Africa",105,16042,0,136
2022-01-08,"SS","South Sudan","Africa",107,16149,0,136
2022-01-09,"SS","South Sudan","Africa",61,16210,0,136
2022-01-10,"SS","South Sudan","Africa",43,16253,0,136
2022-01-11,"SS","South Sudan","Africa",14,16267,0,136
2022-01-12,"SS","South Sudan","Africa",70,16337,0,136
2022-01-13,"SS","South Sudan","Africa",70,16407,0,136
2022-01-14,"SS","South Sudan","Africa",47,16454,0,136
2022-01-15,"SS","South Sudan","Africa",35,16489,0,136
2022-01-16,"SS","South Sudan","Africa",33,16522,0,136
2022-01-17,"SS","South Sudan","Africa",11,16533,0,136
2022-01-18,"SS","South Sudan","Africa",14,16547,0,136
2022-01-19,"SS","South Sudan","Africa",60,16607,0,136
2022-01-20,"SS","South Sudan","Africa",20,16627,1,137
2022-01-21,"SS","South Sudan","Africa",26,16653,0,137
2022-01-22,"SS","South Sudan","Africa",0,16653,0,137
2022-01-23,"SS","South Sudan","Africa",40,16693,0,137
2022-01-24,"SS","South Sudan","Africa",18,16711,0,137
2022-01-25,"SS","South Sudan","Africa",27,16738,0,137
2022-01-26,"SS","South Sudan","Africa",14,16752,0,137
2022-01-27,"SS","South Sudan","Africa",15,16767,0,137
2022-01-28,"SS","South Sudan","Africa",8,16775,0,137
2022-01-29,"SS","South Sudan","Africa",4,16779,0,137
2022-01-30,"SS","South Sudan","Africa",9,16788,0,137
2022-01-31,"SS","South Sudan","Africa",6,16794,0,137
2022-02-01,"SS","South Sudan","Africa",8,16802,0,137
2022-02-02,"SS","South Sudan","Africa",8,16810,0,137
2022-02-03,"SS","South Sudan","Africa",10,16820,0,137
2022-02-04,"SS","South Sudan","Africa",13,16833,0,137
2022-02-05,"SS","South Sudan","Africa",8,16841,0,137
2022-02-06,"SS","South Sudan","Africa",8,16849,0,137
2022-02-07,"SS","South Sudan","Africa",2,16851,0,137
2022-02-08,"SS","South Sudan","Africa",5,16856,0,137
2022-02-09,"SS","South Sudan","Africa",5,16861,0,137
2022-02-10,"SS","South Sudan","Africa",12,16873,0,137
2022-02-11,"SS","South Sudan","Africa",7,16880,0,137
2022-02-12,"SS","South Sudan","Africa",0,16880,0,137
2022-02-13,"SS","South Sudan","Africa",16,16896,0,137
2022-02-14,"SS","South Sudan","Africa",1,16897,0,137
2022-02-15,"SS","South Sudan","Africa",3,16900,0,137
2022-02-16,"SS","South Sudan","Africa",3,16903,0,137
2022-02-17,"SS","South Sudan","Africa",0,16903,0,137
2022-02-18,"SS","South Sudan","Africa",0,16903,0,137
2022-02-19,"SS","South Sudan","Africa",20,16923,0,137
2022-02-20,"SS","South Sudan","Africa",7,16930,0,137
2022-02-21,"SS","South Sudan","Africa",6,16936,0,137
2022-02-22,"SS","South Sudan","Africa",0,16936,0,137
2022-02-23,"SS","South Sudan","Africa",10,16946,0,137
2022-02-24,"SS","South Sudan","Africa",4,16950,0,137
2022-02-25,"SS","South Sudan","Africa",5,16955,0,137
2022-02-26,"SS","South Sudan","Africa",2,16957,0,137
2022-02-27,"SS","South Sudan","Africa",9,16966,0,137
2022-02-28,"SS","South Sudan","Africa",7,16973,0,137
2022-03-01,"SS","South Sudan","Africa",5,16978,0,137
2022-03-02,"SS","South Sudan","Africa",11,16989,0,137
2022-03-03,"SS","South Sudan","Africa",4,16993,0,137
2022-03-04,"SS","South Sudan","Africa",6,16999,0,137
2022-03-05,"SS","South Sudan","Africa",7,17006,0,137
2022-03-06,"SS","South Sudan","Africa",5,17011,0,137
2021-12-06,"ES","Spain","Europe",11054,5235226,36,88868
2021-12-07,"ES","Spain","Europe",7640,5242866,42,88910
2021-12-08,"ES","Spain","Europe",7984,5250850,51,88961
2021-12-09,"ES","Spain","Europe",18166,5269016,47,89008
2021-12-10,"ES","Spain","Europe",11970,5280986,45,89053
2021-12-11,"ES","Spain","Europe",21018,5302004,52,89105
2021-12-12,"ES","Spain","Europe",25987,5327991,48,89153
2021-12-13,"ES","Spain","Europe",16599,5344590,46,89199
2021-12-14,"ES","Spain","Europe",12913,5357503,42,89241
2021-12-15,"ES","Spain","Europe",27129,5384632,62,89303
2021-12-16,"ES","Spain","Europe",32139,5416771,62,89365
2021-12-17,"ES","Spain","Europe",36724,5453495,48,89413
2021-12-18,"ES","Spain","Europe",38462,5491957,85,89498
2021-12-19,"ES","Spain","Europe",44248,5536205,74,89572
2021-12-20,"ES","Spain","Europe",26709,5562914,64,89636
2021-12-21,"ES","Spain","Europe",22319,5585233,71,89707
2021-12-22,"ES","Spain","Europe",55057,5640290,87,89794
2021-12-23,"ES","Spain","Europe",74409,5714699,74,89868
2021-12-24,"ES","Spain","Europe",86214,5800913,74,89942
2021-12-25,"ES","Spain","Europe",96808,5897721,79,90021
2021-12-26,"ES","Spain","Europe",75120,5972841,73,90094
2021-12-27,"ES","Spain","Europe",46976,6019817,81,90175
2021-12-28,"ES","Spain","Europe",52601,6072418,79,90254
2021-12-29,"ES","Spain","Europe",115922,6188340,96,90350
2021-12-30,"ES","Spain","Europe",137476,6325816,89,90439
2021-12-31,"ES","Spain","Europe",149123,6474939,100,90539
2022-01-01,"ES","Spain","Europe",146734,6621673,97,90636
2022-01-02,"ES","Spain","Europe",104498,6726171,91,90727
2022-01-03,"ES","Spain","Europe",58726,6784897,100,90827
2022-01-04,"ES","Spain","Europe",70945,6855842,100,90927
2022-01-05,"ES","Spain","Europe",145480,7001322,137,91064
2022-01-06,"ES","Spain","Europe",166549,7167871,135,91199
2022-01-07,"ES","Spain","Europe",162103,7329974,119,91318
2022-01-08,"ES","Spain","Europe",75447,7405421,111,91429
2022-01-09,"ES","Spain","Europe",149307,7554728,120,91549
2022-01-10,"ES","Spain","Europe",90874,7645602,136,91685
2022-01-11,"ES","Spain","Europe",91535,7737137,136,91821
2022-01-12,"ES","Spain","Europe",174266,7911403,171,91992
2022-01-13,"ES","Spain","Europe",169757,8081160,150,92142
2022-01-14,"ES","Spain","Europe",159019,8240179,158,92300
2022-01-15,"ES","Spain","Europe",148227,8388406,178,92478
2022-01-16,"ES","Spain","Europe",132768,8521174,185,92663
2022-01-17,"ES","Spain","Europe",84833,8606007,173,92836
2022-01-18,"ES","Spain","Europe",74799,8680806,205,93041
2022-01-19,"ES","Spain","Europe",154655,8835461,213,93254
2022-01-20,"ES","Spain","Europe",147290,8982751,202,93456
2022-01-21,"ES","Spain","Europe",140607,9123358,217,93673
2022-01-22,"ES","Spain","Europe",131346,9254704,203,93876
2022-01-23,"ES","Spain","Europe",125995,9380699,221,94097
2022-01-24,"ES","Spain","Europe",71892,9452591,176,94273
2022-01-25,"ES","Spain","Europe",65554,9518145,196,94469
2022-01-26,"ES","Spain","Europe",130093,9648238,236,94705
2022-01-27,"ES","Spain","Europe",117348,9765586,238,94943
2022-01-28,"ES","Spain","Europe",109145,9874731,226,95169
2022-01-29,"ES","Spain","Europe",93086,9967817,207,95376
2022-01-30,"ES","Spain","Europe",83829,10051646,231,95607
2022-01-31,"ES","Spain","Europe",46652,10098298,228,95835
2022-02-01,"ES","Spain","Europe",39379,10137677,215,96050
2022-02-02,"ES","Spain","Europe",79920,10217597,242,96292
2022-02-03,"ES","Spain","Europe",71399,10288996,236,96528
2022-02-04,"ES","Spain","Europe",65506,10354502,219,96747
2022-02-05,"ES","Spain","Europe",57693,10412195,226,96973
2022-02-06,"ES","Spain","Europe",53059,10465254,207,97180
2022-02-07,"ES","Spain","Europe",27714,10492968,186,97366
2022-02-08,"ES","Spain","Europe",23447,10516415,206,97572
2022-02-09,"ES","Spain","Europe",52491,10568906,194,97766
2022-02-10,"ES","Spain","Europe",46052,10614958,193,97959
2022-02-11,"ES","Spain","Europe",42444,10657402,202,98161
2022-02-12,"ES","Spain","Europe",36957,10694359,163,98324
2022-02-13,"ES","Spain","Europe",32583,10726942,198,98522
2022-02-14,"ES","Spain","Europe",16425,10743367,143,98665
2022-02-15,"ES","Spain","Europe",14116,10757483,150,98815
2022-02-16,"ES","Spain","Europe",32273,10789756,138,98953
2022-02-17,"ES","Spain","Europe",29604,10819360,177,99130
2022-02-18,"ES","Spain","Europe",26681,10846041,138,99268
2022-02-19,"ES","Spain","Europe",23837,10869878,122,99390
2022-02-20,"ES","Spain","Europe",22237,10892115,92,99482
2022-02-21,"ES","Spain","Europe",11087,10903202,84,99566
2022-02-22,"ES","Spain","Europe",9880,10913082,93,99659
2022-02-23,"ES","Spain","Europe",23332,10936414,92,99751
2022-02-24,"ES","Spain","Europe",21628,10958042,108,99859
2022-02-25,"ES","Spain","Europe",20646,10978688,89,99948
2022-02-26,"ES","Spain","Europe",17895,10996583,85,100033
2022-02-27,"ES","Spain","Europe",16037,11012620,83,100116
2022-02-28,"ES","Spain","Europe",8615,11021235,65,100181
2022-03-01,"ES","Spain","Europe",7358,11028593,55,100236
2022-03-02,"ES","Spain","Europe",16728,11045321,86,100322
2022-03-03,"ES","Spain","Europe",16233,11061554,70,100392
2022-03-04,"ES","Spain","Europe",19567,11081121,51,100443
2022-03-05,"ES","Spain","Europe",18723,11099844,61,100504
2022-03-06,"ES","Spain","Europe",17366,11117210,41,100545
2021-12-06,"LK","Sri Lanka","South-East Asia",741,568423,23,14484
2021-12-07,"LK","Sri Lanka","South-East Asia",748,569171,21,14505
2021-12-08,"LK","Sri Lanka","South-East Asia",757,569928,28,14533
2021-12-09,"LK","Sri Lanka","South-East Asia",744,570672,22,14555
2021-12-10,"LK","Sri Lanka","South-East Asia",754,571426,18,14573
2021-12-11,"LK","Sri Lanka","South-East Asia",762,572188,22,14595
2021-12-12,"LK","Sri Lanka","South-East Asia",714,572902,19,14614
2021-12-13,"LK","Sri Lanka","South-East Asia",747,573649,27,14641
2021-12-14,"LK","Sri Lanka","South-East Asia",2545,576194,20,14661
2021-12-15,"LK","Sri Lanka","South-East Asia",772,576966,16,14677
2021-12-16,"LK","Sri Lanka","South-East Asia",758,577724,21,14698
2021-12-17,"LK","Sri Lanka","South-East Asia",715,578439,22,14720
2021-12-18,"LK","Sri Lanka","South-East Asia",695,579134,14,14734
2021-12-19,"LK","Sri Lanka","South-East Asia",551,579685,18,14752
2021-12-20,"LK","Sri Lanka","South-East Asia",524,580209,19,14771
2021-12-21,"LK","Sri Lanka","South-East Asia",783,580992,24,14795
2021-12-22,"LK","Sri Lanka","South-East Asia",603,581595,16,14811
2021-12-23,"LK","Sri Lanka","South-East Asia",554,582149,21,14832
2021-12-24,"LK","Sri Lanka","South-East Asia",573,582722,20,14852
2021-12-25,"LK","Sri Lanka","South-East Asia",529,583251,19,14871
2021-12-26,"LK","Sri Lanka","South-East Asia",398,583649,13,14884
2021-12-27,"LK","Sri Lanka","South-East Asia",458,584107,17,14901
2021-12-28,"LK","Sri Lanka","South-East Asia",479,584586,22,14923
2021-12-29,"LK","Sri Lanka","South-East Asia",1597,586183,21,14944
2021-12-30,"LK","Sri Lanka","South-East Asia",563,586746,18,14962
2021-12-31,"LK","Sri Lanka","South-East Asia",499,587245,17,14979
2022-01-01,"LK","Sri Lanka","South-East Asia",351,587596,16,14995
2022-01-02,"LK","Sri Lanka","South-East Asia",339,587935,24,15019
2022-01-03,"LK","Sri Lanka","South-East Asia",365,588300,18,15037
2022-01-04,"LK","Sri Lanka","South-East Asia",629,588929,18,15055
2022-01-05,"LK","Sri Lanka","South-East Asia",550,589479,10,15065
2022-01-06,"LK","Sri Lanka","South-East Asia",584,590063,18,15083
2022-01-07,"LK","Sri Lanka","South-East Asia",588,590651,16,15099
2022-01-08,"LK","Sri Lanka","South-East Asia",580,591231,13,15112
2022-01-09,"LK","Sri Lanka","South-East Asia",436,591667,7,15119
2022-01-10,"LK","Sri Lanka","South-East Asia",461,592128,15,15134
2022-01-11,"LK","Sri Lanka","South-East Asia",944,593072,15,15149
2022-01-12,"LK","Sri Lanka","South-East Asia",653,593725,14,15163
2022-01-13,"LK","Sri Lanka","South-East Asia",594,594319,11,15174
2022-01-14,"LK","Sri Lanka","South-East Asia",677,594996,16,15190
2022-01-15,"LK","Sri Lanka","South-East Asia",661,595657,7,15197
2022-01-16,"LK","Sri Lanka","South-East Asia",690,596347,14,15211
2022-01-17,"LK","Sri Lanka","South-East Asia",688,597035,7,15218
2022-01-18,"LK","Sri Lanka","South-East Asia",672,597707,13,15231
2022-01-19,"LK","Sri Lanka","South-East Asia",829,598536,12,15243
2022-01-20,"LK","Sri Lanka","South-East Asia",827,599363,12,15255
2022-01-21,"LK","Sri Lanka","South-East Asia",840,600203,17,15272
2022-01-22,"LK","Sri Lanka","South-East Asia",845,601048,12,15284
2022-01-23,"LK","Sri Lanka","South-East Asia",838,601886,15,15299
2022-01-24,"LK","Sri Lanka","South-East Asia",877,602763,14,15313
2022-01-25,"LK","Sri Lanka","South-East Asia",891,603654,17,15330
2022-01-26,"LK","Sri Lanka","South-East Asia",927,604581,16,15346
2022-01-27,"LK","Sri Lanka","South-East Asia",2523,607104,23,15369
2022-01-28,"LK","Sri Lanka","South-East Asia",961,608065,17,15386
2022-01-29,"LK","Sri Lanka","South-East Asia",982,609047,14,15400
2022-01-30,"LK","Sri Lanka","South-East Asia",1056,610103,20,15420
2022-01-31,"LK","Sri Lanka","South-East Asia",1082,611185,21,15441
2022-02-01,"LK","Sri Lanka","South-East Asia",1137,612322,32,15473
2022-02-02,"LK","Sri Lanka","South-East Asia",1156,613478,19,15492
2022-02-03,"LK","Sri Lanka","South-East Asia",1181,614659,23,15515
2022-02-04,"LK","Sri Lanka","South-East Asia",1243,615902,29,15544
2022-02-05,"LK","Sri Lanka","South-East Asia",1287,617189,28,15572
2022-02-06,"LK","Sri Lanka","South-East Asia",1331,618520,23,15595
2022-02-07,"LK","Sri Lanka","South-East Asia",2212,620732,26,15621
2022-02-08,"LK","Sri Lanka","South-East Asia",1253,621985,35,15656
2022-02-09,"LK","Sri Lanka","South-East Asia",1263,623248,36,15692
2022-02-10,"LK","Sri Lanka","South-East Asia",1297,624545,31,15723
2022-02-11,"LK","Sri Lanka","South-East Asia",1259,625804,0,15723
2022-02-12,"LK","Sri Lanka","South-East Asia",1162,626966,54,15777
2022-02-13,"LK","Sri Lanka","South-East Asia",1150,628116,31,15808
2022-02-14,"LK","Sri Lanka","South-East Asia",1231,629347,36,15844
2022-02-15,"LK","Sri Lanka","South-East Asia",1252,630599,30,15874
2022-02-16,"LK","Sri Lanka","South-East Asia",1217,631816,25,15899
2022-02-17,"LK","Sri Lanka","South-East Asia",1235,633051,27,15926
2022-02-18,"LK","Sri Lanka","South-East Asia",1282,634333,23,15949
2022-02-19,"LK","Sri Lanka","South-East Asia",1273,635606,20,15969
2022-02-20,"LK","Sri Lanka","South-East Asia",1231,636837,25,15994
2022-02-21,"LK","Sri Lanka","South-East Asia",1206,638043,30,16024
2022-02-22,"LK","Sri Lanka","South-East Asia",1254,639297,31,16055
2022-02-23,"LK","Sri Lanka","South-East Asia",1281,640578,31,16086
2022-02-24,"LK","Sri Lanka","South-East Asia",1208,641786,30,16116
2022-02-25,"LK","Sri Lanka","South-East Asia",1286,643072,26,16142
2022-02-26,"LK","Sri Lanka","South-East Asia",988,644060,24,16166
2022-02-27,"LK","Sri Lanka","South-East Asia",977,645037,24,16190
2022-02-28,"LK","Sri Lanka","South-East Asia",997,646034,32,16222
2022-03-01,"LK","Sri Lanka","South-East Asia",914,646948,22,16244
2022-03-02,"LK","Sri Lanka","South-East Asia",751,647699,23,16267
2022-03-03,"LK","Sri Lanka","South-East Asia",711,648410,20,16287
2022-03-04,"LK","Sri Lanka","South-East Asia",583,648993,20,16307
2022-03-05,"LK","Sri Lanka","South-East Asia",639,649632,14,16321
2022-03-06,"LK","Sri Lanka","South-East Asia",508,650140,10,16331
2021-12-06,"SD","Sudan","Eastern Mediterranean",82,44145,0,3201
2021-12-07,"SD","Sudan","Eastern Mediterranean",95,44240,0,3201
2021-12-08,"SD","Sudan","Eastern Mediterranean",77,44317,1,3202
2021-12-09,"SD","Sudan","Eastern Mediterranean",159,44476,5,3207
2021-12-10,"SD","Sudan","Eastern Mediterranean",123,44599,2,3209
2021-12-11,"SD","Sudan","Eastern Mediterranean",290,44889,36,3245
2021-12-12,"SD","Sudan","Eastern Mediterranean",58,44947,0,3245
2021-12-13,"SD","Sudan","Eastern Mediterranean",114,45061,8,3253
2021-12-14,"SD","Sudan","Eastern Mediterranean",121,45182,0,3253
2021-12-15,"SD","Sudan","Eastern Mediterranean",477,45659,42,3295
2021-12-16,"SD","Sudan","Eastern Mediterranean",55,45714,0,3295
2021-12-17,"SD","Sudan","Eastern Mediterranean",117,45831,0,3295
2021-12-18,"SD","Sudan","Eastern Mediterranean",65,45896,0,3295
2021-12-19,"SD","Sudan","Eastern Mediterranean",5,45901,0,3295
2021-12-20,"SD","Sudan","Eastern Mediterranean",0,45901,0,3295
2021-12-21,"SD","Sudan","Eastern Mediterranean",0,45901,1,3296
2021-12-22,"SD","Sudan","Eastern Mediterranean",136,46037,2,3298
2021-12-23,"SD","Sudan","Eastern Mediterranean",63,46100,0,3298
2021-12-24,"SD","Sudan","Eastern Mediterranean",180,46280,0,3298
2021-12-25,"SD","Sudan","Eastern Mediterranean",5,46285,0,3298
2021-12-26,"SD","Sudan","Eastern Mediterranean",0,46285,0,3298
2021-12-27,"SD","Sudan","Eastern Mediterranean",7,46292,0,3298
2021-12-28,"SD","Sudan","Eastern Mediterranean",226,46518,33,3331
2021-12-29,"SD","Sudan","Eastern Mediterranean",0,46518,0,3331
2021-12-30,"SD","Sudan","Eastern Mediterranean",199,46717,4,3335
2021-12-31,"SD","Sudan","Eastern Mediterranean",108,46825,2,3337
2022-01-01,"SD","Sudan","Eastern Mediterranean",86,46911,0,3337
2022-01-02,"SD","Sudan","Eastern Mediterranean",77,46988,0,3337
2022-01-03,"SD","Sudan","Eastern Mediterranean",0,46988,0,3337
2022-01-04,"SD","Sudan","Eastern Mediterranean",392,47380,3,3340
2022-01-05,"SD","Sudan","Eastern Mediterranean",63,47443,0,3340
2022-01-06,"SD","Sudan","Eastern Mediterranean",0,47443,0,3340
2022-01-07,"SD","Sudan","Eastern Mediterranean",577,48020,0,3340
2022-01-08,"SD","Sudan","Eastern Mediterranean",124,48144,0,3340
2022-01-09,"SD","Sudan","Eastern Mediterranean",211,48355,0,3340
2022-01-10,"SD","Sudan","Eastern Mediterranean",251,48606,7,3347
2022-01-11,"SD","Sudan","Eastern Mediterranean",0,48606,0,3347
2022-01-12,"SD","Sudan","Eastern Mediterranean",490,49096,11,3358
2022-01-13,"SD","Sudan","Eastern Mediterranean",820,49916,0,3358
2022-01-14,"SD","Sudan","Eastern Mediterranean",1148,51064,30,3388
2022-01-15,"SD","Sudan","Eastern Mediterranean",304,51368,0,3388
2022-01-16,"SD","Sudan","Eastern Mediterranean",434,51802,0,3388
2022-01-17,"SD","Sudan","Eastern Mediterranean",543,52345,2,3390
2022-01-18,"SD","Sudan","Eastern Mediterranean",735,53080,0,3390
2022-01-19,"SD","Sudan","Eastern Mediterranean",879,53959,3,3393
2022-01-20,"SD","Sudan","Eastern Mediterranean",936,54895,11,3404
2022-01-21,"SD","Sudan","Eastern Mediterranean",254,55149,0,3404
2022-01-22,"SD","Sudan","Eastern Mediterranean",0,55149,0,3404
2022-01-23,"SD","Sudan","Eastern Mediterranean",0,55149,0,3404
2022-01-24,"SD","Sudan","Eastern Mediterranean",684,55833,7,3411
2022-01-25,"SD","Sudan","Eastern Mediterranean",762,56595,0,3411
2022-01-26,"SD","Sudan","Eastern Mediterranean",501,57096,11,3422
2022-01-27,"SD","Sudan","Eastern Mediterranean",10,57106,0,3422
2022-01-28,"SD","Sudan","Eastern Mediterranean",429,57535,17,3439
2022-01-29,"SD","Sudan","Eastern Mediterranean",96,57631,1,3440
2022-01-30,"SD","Sudan","Eastern Mediterranean",0,57631,0,3440
2022-01-31,"SD","Sudan","Eastern Mediterranean",577,58208,2,3442
2022-02-01,"SD","Sudan","Eastern Mediterranean",415,58623,91,3533
2022-02-02,"SD","Sudan","Eastern Mediterranean",251,58874,55,3588
2022-02-03,"SD","Sudan","Eastern Mediterranean",0,58874,0,3588
2022-02-04,"SD","Sudan","Eastern Mediterranean",178,59052,15,3603
2022-02-05,"SD","Sudan","Eastern Mediterranean",93,59145,1,3604
2022-02-06,"SD","Sudan","Eastern Mediterranean",147,59292,28,3632
2022-02-07,"SD","Sudan","Eastern Mediterranean",2,59294,0,3632
2022-02-08,"SD","Sudan","Eastern Mediterranean",51,59345,126,3758
2022-02-09,"SD","Sudan","Eastern Mediterranean",110,59455,6,3764
2022-02-10,"SD","Sudan","Eastern Mediterranean",70,59525,0,3764
2022-02-11,"SD","Sudan","Eastern Mediterranean",121,59646,7,3771
2022-02-12,"SD","Sudan","Eastern Mediterranean",28,59674,0,3771
2022-02-13,"SD","Sudan","Eastern Mediterranean",226,59900,48,3819
2022-02-14,"SD","Sudan","Eastern Mediterranean",3,59903,1,3820
2022-02-15,"SD","Sudan","Eastern Mediterranean",36,59939,1,3821
2022-02-16,"SD","Sudan","Eastern Mediterranean",0,59939,0,3821
2022-02-17,"SD","Sudan","Eastern Mediterranean",0,59939,0,3821
2022-02-18,"SD","Sudan","Eastern Mediterranean",0,59939,0,3821
2022-02-19,"SD","Sudan","Eastern Mediterranean",0,59939,0,3821
2022-02-20,"SD","Sudan","Eastern Mediterranean",0,59939,0,3821
2022-02-21,"SD","Sudan","Eastern Mediterranean",1284,61223,71,3892
2022-02-22,"SD","Sudan","Eastern Mediterranean",127,61350,3,3895
2022-02-23,"SD","Sudan","Eastern Mediterranean",0,61350,0,3895
2022-02-24,"SD","Sudan","Eastern Mediterranean",26,61376,6,3901
2022-02-25,"SD","Sudan","Eastern Mediterranean",34,61410,3,3904
2022-02-26,"SD","Sudan","Eastern Mediterranean",0,61410,0,3904
2022-02-27,"SD","Sudan","Eastern Mediterranean",39,61449,3,3907
2022-02-28,"SD","Sudan","Eastern Mediterranean",9,61458,1,3908
2022-03-01,"SD","Sudan","Eastern Mediterranean",30,61488,1,3909
2022-03-02,"SD","Sudan","Eastern Mediterranean",24,61512,1,3910
2022-03-03,"SD","Sudan","Eastern Mediterranean",57,61569,2,3912
2022-03-04,"SD","Sudan","Eastern Mediterranean",19,61588,951,4863
2022-03-05,"SD","Sudan","Eastern Mediterranean",11,61599,0,4863
2022-03-06,"SD","Sudan","Eastern Mediterranean",0,61599,0,4863
2021-12-06,"SR","Suriname","Americas",33,50993,0,1170
2021-12-07,"SR","Suriname","Americas",16,51009,1,1171
2021-12-08,"SR","Suriname","Americas",43,51052,3,1174
2021-12-09,"SR","Suriname","Americas",31,51083,1,1175
2021-12-10,"SR","Suriname","Americas",41,51124,0,1175
2021-12-11,"SR","Suriname","Americas",25,51149,1,1176
2021-12-12,"SR","Suriname","Americas",18,51167,0,1176
2021-12-13,"SR","Suriname","Americas",17,51184,0,1176
2021-12-14,"SR","Suriname","Americas",18,51202,1,1177
2021-12-15,"SR","Suriname","Americas",42,51244,1,1178
2021-12-16,"SR","Suriname","Americas",45,51289,1,1179
2021-12-17,"SR","Suriname","Americas",34,51323,0,1179
2021-12-18,"SR","Suriname","Americas",38,51361,1,1180
2021-12-19,"SR","Suriname","Americas",23,51384,0,1180
2021-12-20,"SR","Suriname","Americas",22,51406,3,1183
2021-12-21,"SR","Suriname","Americas",10,51416,2,1185
2021-12-22,"SR","Suriname","Americas",46,51462,0,1185
2021-12-23,"SR","Suriname","Americas",36,51498,1,1186
2021-12-24,"SR","Suriname","Americas",20,51518,0,1186
2021-12-25,"SR","Suriname","Americas",24,51542,0,1186
2021-12-26,"SR","Suriname","Americas",21,51563,0,1186
2021-12-27,"SR","Suriname","Americas",15,51578,0,1186
2021-12-28,"SR","Suriname","Americas",15,51593,1,1187
2021-12-29,"SR","Suriname","Americas",90,51683,0,1187
2021-12-30,"SR","Suriname","Americas",108,51791,1,1188
2021-12-31,"SR","Suriname","Americas",240,52031,1,1189
2022-01-01,"SR","Suriname","Americas",238,52269,0,1189
2022-01-02,"SR","Suriname","Americas",177,52446,0,1189
2022-01-03,"SR","Suriname","Americas",166,52612,1,1190
2022-01-04,"SR","Suriname","Americas",283,52895,0,1190
2022-01-05,"SR","Suriname","Americas",745,53640,0,1190
2022-01-06,"SR","Suriname","Americas",820,54460,2,1192
2022-01-07,"SR","Suriname","Americas",916,55376,1,1193
2022-01-08,"SR","Suriname","Americas",665,56041,2,1195
2022-01-09,"SR","Suriname","Americas",751,56792,1,1196
2022-01-10,"SR","Suriname","Americas",547,57339,0,1196
2022-01-11,"SR","Suriname","Americas",366,57705,2,1198
2022-01-12,"SR","Suriname","Americas",1009,58714,0,1198
2022-01-13,"SR","Suriname","Americas",1062,59776,1,1199
2022-01-14,"SR","Suriname","Americas",1047,60823,2,1201
2022-01-15,"SR","Suriname","Americas",885,61708,2,1203
2022-01-16,"SR","Suriname","Americas",1026,62734,5,1208
2022-01-17,"SR","Suriname","Americas",709,63443,4,1212
2022-01-18,"SR","Suriname","Americas",435,63878,1,1213
2022-01-19,"SR","Suriname","Americas",1404,65282,3,1216
2022-01-20,"SR","Suriname","Americas",1351,66633,5,1221
2022-01-21,"SR","Suriname","Americas",1135,67768,1,1222
2022-01-22,"SR","Suriname","Americas",792,68560,6,1228
2022-01-23,"SR","Suriname","Americas",715,69275,3,1231
2022-01-24,"SR","Suriname","Americas",466,69741,6,1237
2022-01-25,"SR","Suriname","Americas",333,70074,2,1239
2022-01-26,"SR","Suriname","Americas",863,70937,3,1242
2022-01-27,"SR","Suriname","Americas",692,71629,5,1247
2022-01-28,"SR","Suriname","Americas",459,72088,5,1252
2022-01-29,"SR","Suriname","Americas",460,72548,4,1256
2022-01-30,"SR","Suriname","Americas",395,72943,1,1257
2022-01-31,"SR","Suriname","Americas",219,73162,3,1260
2022-02-01,"SR","Suriname","Americas",189,73351,1,1261
2022-02-02,"SR","Suriname","Americas",418,73769,2,1263
2022-02-03,"SR","Suriname","Americas",187,73956,4,1267
2022-02-04,"SR","Suriname","Americas",514,74470,4,1271
2022-02-05,"SR","Suriname","Americas",388,74858,3,1274
2022-02-06,"SR","Suriname","Americas",394,75252,0,1274
2022-02-07,"SR","Suriname","Americas",150,75402,5,1279
2022-02-08,"SR","Suriname","Americas",129,75531,4,1283
2022-02-09,"SR","Suriname","Americas",358,75889,2,1285
2022-02-10,"SR","Suriname","Americas",350,76239,3,1288
2022-02-11,"SR","Suriname","Americas",259,76498,3,1291
2022-02-12,"SR","Suriname","Americas",205,76703,3,1294
2022-02-13,"SR","Suriname","Americas",173,76876,4,1298
2022-02-14,"SR","Suriname","Americas",99,76975,0,1298
2022-02-15,"SR","Suriname","Americas",61,77036,1,1299
2022-02-16,"SR","Suriname","Americas",167,77203,4,1303
2022-02-17,"SR","Suriname","Americas",131,77334,0,1303
2022-02-18,"SR","Suriname","Americas",116,77450,1,1304
2022-02-19,"SR","Suriname","Americas",99,77549,3,1307
2022-02-20,"SR","Suriname","Americas",85,77634,2,1309
2022-02-21,"SR","Suriname","Americas",52,77686,0,1309
2022-02-22,"SR","Suriname","Americas",30,77716,1,1310
2022-02-23,"SR","Suriname","Americas",94,77810,4,1314
2022-02-24,"SR","Suriname","Americas",70,77880,0,1314
2022-02-25,"SR","Suriname","Americas",55,77935,0,1314
2022-02-26,"SR","Suriname","Americas",81,78016,1,1315
2022-02-27,"SR","Suriname","Americas",54,78070,0,1315
2022-02-28,"SR","Suriname","Americas",22,78092,1,1316
2022-03-01,"SR","Suriname","Americas",31,78123,0,1316
2022-03-02,"SR","Suriname","Americas",93,78216,1,1317
2022-03-03,"SR","Suriname","Americas",78,78294,0,1317
2022-03-04,"SR","Suriname","Americas",59,78353,0,1317
2022-03-05,"SR","Suriname","Americas",41,78394,0,1317
2022-03-06,"SR","Suriname","Americas",60,78454,0,1317
2021-12-06,"SE","Sweden","Europe",2084,1216293,4,15199
2021-12-07,"SE","Sweden","Europe",927,1217220,6,15205
2021-12-08,"SE","Sweden","Europe",2254,1219474,5,15210
2021-12-09,"SE","Sweden","Europe",3333,1222807,8,15218
2021-12-10,"SE","Sweden","Europe",3255,1226062,5,15223
2021-12-11,"SE","Sweden","Europe",3072,1229134,6,15229
2021-12-12,"SE","Sweden","Europe",2865,1231999,3,15232
2021-12-13,"SE","Sweden","Europe",2395,1234394,8,15240
2021-12-14,"SE","Sweden","Europe",1475,1235869,3,15243
2021-12-15,"SE","Sweden","Europe",2712,1238581,6,15249
2021-12-16,"SE","Sweden","Europe",4064,1242645,3,15252
2021-12-17,"SE","Sweden","Europe",4008,1246653,5,15257
2021-12-18,"SE","Sweden","Europe",4116,1250769,10,15267
2021-12-19,"SE","Sweden","Europe",4180,1254949,7,15274
2021-12-20,"SE","Sweden","Europe",3389,1258338,12,15286
2021-12-21,"SE","Sweden","Europe",2019,1260357,6,15292
2021-12-22,"SE","Sweden","Europe",3036,1263393,7,15299
2021-12-23,"SE","Sweden","Europe",4668,1268061,6,15305
2021-12-24,"SE","Sweden","Europe",5107,1273168,4,15309
2021-12-25,"SE","Sweden","Europe",5127,1278295,7,15316
2021-12-26,"SE","Sweden","Europe",5815,1284110,8,15324
2021-12-27,"SE","Sweden","Europe",2364,1286474,8,15332
2021-12-28,"SE","Sweden","Europe",1791,1288265,4,15336
2021-12-29,"SE","Sweden","Europe",6125,1294390,11,15347
2021-12-30,"SE","Sweden","Europe",9231,1303621,11,15358
2021-12-31,"SE","Sweden","Europe",10926,1314547,7,15365
2022-01-01,"SE","Sweden","Europe",11463,1326010,10,15375
2022-01-02,"SE","Sweden","Europe",10599,1336609,8,15383
2022-01-03,"SE","Sweden","Europe",5271,1341880,11,15394
2022-01-04,"SE","Sweden","Europe",5727,1347607,12,15406
2022-01-05,"SE","Sweden","Europe",9980,1357587,20,15426
2022-01-06,"SE","Sweden","Europe",17578,1375165,18,15444
2022-01-07,"SE","Sweden","Europe",24084,1399249,17,15461
2022-01-08,"SE","Sweden","Europe",17707,1416956,20,15481
2022-01-09,"SE","Sweden","Europe",19924,1436880,17,15498
2022-01-10,"SE","Sweden","Europe",19500,1456380,22,15520
2022-01-11,"SE","Sweden","Europe",16510,1472890,17,15537
2022-01-12,"SE","Sweden","Europe",15077,1487967,11,15548
2022-01-13,"SE","Sweden","Europe",22924,1510891,30,15578
2022-01-14,"SE","Sweden","Europe",26564,1537455,21,15599
2022-01-15,"SE","Sweden","Europe",26069,1563524,20,15619
2022-01-16,"SE","Sweden","Europe",26181,1589705,29,15648
2022-01-17,"SE","Sweden","Europe",25790,1615495,23,15671
2022-01-18,"SE","Sweden","Europe",22076,1637571,36,15707
2022-01-19,"SE","Sweden","Europe",24198,1661769,35,15742
2022-01-20,"SE","Sweden","Europe",39314,1701083,32,15774
2022-01-21,"SE","Sweden","Europe",40623,1741706,33,15807
2022-01-22,"SE","Sweden","Europe",43715,1785421,31,15838
2022-01-23,"SE","Sweden","Europe",39807,1825228,42,15880
2022-01-24,"SE","Sweden","Europe",37705,1862933,34,15914
2022-01-25,"SE","Sweden","Europe",30982,1893915,35,15949
2022-01-26,"SE","Sweden","Europe",33909,1927824,40,15989
2022-01-27,"SE","Sweden","Europe",46669,1974493,39,16028
2022-01-28,"SE","Sweden","Europe",41678,2016171,50,16078
2022-01-29,"SE","Sweden","Europe",53893,2070064,33,16111
2022-01-30,"SE","Sweden","Europe",39515,2109579,50,16161
2022-01-31,"SE","Sweden","Europe",34327,2143906,45,16206
2022-02-01,"SE","Sweden","Europe",15066,2158972,42,16248
2022-02-02,"SE","Sweden","Europe",24799,2183771,41,16289
2022-02-03,"SE","Sweden","Europe",40930,2224701,53,16342
2022-02-04,"SE","Sweden","Europe",35940,2260641,46,16388
2022-02-05,"SE","Sweden","Europe",28295,2288936,60,16448
2022-02-06,"SE","Sweden","Europe",25701,2314637,51,16499
2022-02-07,"SE","Sweden","Europe",19988,2334625,56,16555
2022-02-08,"SE","Sweden","Europe",10068,2344693,50,16605
2022-02-09,"SE","Sweden","Europe",9653,2354346,58,16663
2022-02-10,"SE","Sweden","Europe",19605,2373951,57,16720
2022-02-11,"SE","Sweden","Europe",15835,2389786,38,16758
2022-02-12,"SE","Sweden","Europe",7418,2397204,45,16803
2022-02-13,"SE","Sweden","Europe",5828,2403032,48,16851
2022-02-14,"SE","Sweden","Europe",2817,2405849,32,16883
2022-02-15,"SE","Sweden","Europe",1175,2407024,48,16931
2022-02-16,"SE","Sweden","Europe",2541,2409565,65,16996
2022-02-17,"SE","Sweden","Europe",4877,2414442,51,17047
2022-02-18,"SE","Sweden","Europe",4041,2418483,54,17101
2022-02-19,"SE","Sweden","Europe",4214,2422697,58,17159
2022-02-20,"SE","Sweden","Europe",3418,2426115,46,17205
2022-02-21,"SE","Sweden","Europe",1968,2428083,46,17251
2022-02-22,"SE","Sweden","Europe",1084,2429167,37,17288
2022-02-23,"SE","Sweden","Europe",2291,2431458,51,17339
2022-02-24,"SE","Sweden","Europe",3435,2434893,46,17385
2022-02-25,"SE","Sweden","Europe",3088,2437981,36,17421
2022-02-26,"SE","Sweden","Europe",3513,2441494,42,17463
2022-02-27,"SE","Sweden","Europe",2755,2444249,43,17506
2022-02-28,"SE","Sweden","Europe",1485,2445734,45,17551
2022-03-01,"SE","Sweden","Europe",1092,2446826,29,17580
2022-03-02,"SE","Sweden","Europe",1460,2448286,39,17619
2022-03-03,"SE","Sweden","Europe",3068,2451354,25,17644
2022-03-04,"SE","Sweden","Europe",2445,2453799,28,17672
2022-03-05,"SE","Sweden","Europe",2081,2455880,25,17697
2022-03-06,"SE","Sweden","Europe",1892,2457772,19,17716
2021-12-06,"CH","Switzerland","Europe",4938,1068214,25,11306
2021-12-07,"CH","Switzerland","Europe",12662,1080876,35,11341
2021-12-08,"CH","Switzerland","Europe",11035,1091911,23,11364
2021-12-09,"CH","Switzerland","Europe",9951,1101862,29,11393
2021-12-10,"CH","Switzerland","Europe",10421,1112283,28,11421
2021-12-11,"CH","Switzerland","Europe",9757,1122040,22,11443
2021-12-12,"CH","Switzerland","Europe",6089,1128129,22,11465
2021-12-13,"CH","Switzerland","Europe",4396,1132525,30,11495
2021-12-14,"CH","Switzerland","Europe",12430,1144955,22,11517
2021-12-15,"CH","Switzerland","Europe",10528,1155483,35,11552
2021-12-16,"CH","Switzerland","Europe",9531,1165014,33,11585
2021-12-17,"CH","Switzerland","Europe",9143,1174157,29,11614
2021-12-18,"CH","Switzerland","Europe",8736,1182893,24,11638
2021-12-19,"CH","Switzerland","Europe",5876,1188769,21,11659
2021-12-20,"CH","Switzerland","Europe",4333,1193102,20,11679
2021-12-21,"CH","Switzerland","Europe",11469,1204571,29,11708
2021-12-22,"CH","Switzerland","Europe",10777,1215348,20,11728
2021-12-23,"CH","Switzerland","Europe",11007,1226355,24,11752
2021-12-24,"CH","Switzerland","Europe",11266,1237621,26,11778
2021-12-25,"CH","Switzerland","Europe",9632,1247253,11,11789
2021-12-26,"CH","Switzerland","Europe",6454,1253707,20,11809
2021-12-27,"CH","Switzerland","Europe",7373,1261080,13,11822
2021-12-28,"CH","Switzerland","Europe",17427,1278507,17,11839
2021-12-29,"CH","Switzerland","Europe",17672,1296179,25,11864
2021-12-30,"CH","Switzerland","Europe",18991,1315170,14,11878
2021-12-31,"CH","Switzerland","Europe",19744,1334914,23,11901
2022-01-01,"CH","Switzerland","Europe",16135,1351049,24,11925
2022-01-02,"CH","Switzerland","Europe",9394,1360443,17,11942
2022-01-03,"CH","Switzerland","Europe",12808,1373251,12,11954
2022-01-04,"CH","Switzerland","Europe",32273,1405524,11,11965
2022-01-05,"CH","Switzerland","Europe",33366,1438890,10,11975
2022-01-06,"CH","Switzerland","Europe",30651,1469541,13,11988
2022-01-07,"CH","Switzerland","Europe",26125,1495666,12,12000
2022-01-08,"CH","Switzerland","Europe",27267,1522933,28,12028
2022-01-09,"CH","Switzerland","Europe",17777,1540710,17,12045
2022-01-10,"CH","Switzerland","Europe",13385,1554095,10,12055
2022-01-11,"CH","Switzerland","Europe",34529,1588624,18,12073
2022-01-12,"CH","Switzerland","Europe",30914,1619538,13,12086
2022-01-13,"CH","Switzerland","Europe",29610,1649148,10,12096
2022-01-14,"CH","Switzerland","Europe",28617,1677765,14,12110
2022-01-15,"CH","Switzerland","Europe",27624,1705389,14,12124
2022-01-16,"CH","Switzerland","Europe",19291,1724680,16,12140
2022-01-17,"CH","Switzerland","Europe",14756,1739436,14,12154
2022-01-18,"CH","Switzerland","Europe",41796,1781232,12,12166
2022-01-19,"CH","Switzerland","Europe",39315,1820547,16,12182
2022-01-20,"CH","Switzerland","Europe",39094,1859641,21,12203
2022-01-21,"CH","Switzerland","Europe",37654,1897295,20,12223
2022-01-22,"CH","Switzerland","Europe",36638,1933933,12,12235
2022-01-23,"CH","Switzerland","Europe",24632,1958565,18,12253
2022-01-24,"CH","Switzerland","Europe",18333,1976898,9,12262
2022-01-25,"CH","Switzerland","Europe",48327,2025225,8,12270
2022-01-26,"CH","Switzerland","Europe",44124,2069349,19,12289
2022-01-27,"CH","Switzerland","Europe",41391,2110740,11,12300
2022-01-28,"CH","Switzerland","Europe",37708,2148448,11,12311
2022-01-29,"CH","Switzerland","Europe",35610,2184058,17,12328
2022-01-30,"CH","Switzerland","Europe",23278,2207336,15,12343
2022-01-31,"CH","Switzerland","Europe",18017,2225353,22,12365
2022-02-01,"CH","Switzerland","Europe",43231,2268584,14,12379
2022-02-02,"CH","Switzerland","Europe",36541,2305125,15,12394
2022-02-03,"CH","Switzerland","Europe",34057,2339182,18,12412
2022-02-04,"CH","Switzerland","Europe",28915,2368097,12,12424
2022-02-05,"CH","Switzerland","Europe",26330,2394427,7,12431
2022-02-06,"CH","Switzerland","Europe",18181,2412608,12,12443
2022-02-07,"CH","Switzerland","Europe",14419,2427027,13,12456
2022-02-08,"CH","Switzerland","Europe",32168,2459195,18,12474
2022-02-09,"CH","Switzerland","Europe",26970,2486165,14,12488
2022-02-10,"CH","Switzerland","Europe",25468,2511633,15,12503
2022-02-11,"CH","Switzerland","Europe",22228,2533861,12,12515
2022-02-12,"CH","Switzerland","Europe",19689,2553550,18,12533
2022-02-13,"CH","Switzerland","Europe",13986,2567536,12,12545
2022-02-14,"CH","Switzerland","Europe",10737,2578273,10,12555
2022-02-15,"CH","Switzerland","Europe",24650,2602923,7,12562
2022-02-16,"CH","Switzerland","Europe",20517,2623440,12,12574
2022-02-17,"CH","Switzerland","Europe",19094,2642534,9,12583
2022-02-18,"CH","Switzerland","Europe",14261,2656795,12,12595
2022-02-19,"CH","Switzerland","Europe",13433,2670228,7,12602
2022-02-20,"CH","Switzerland","Europe",9776,2680004,14,12616
2022-02-21,"CH","Switzerland","Europe",8044,2688048,10,12626
2022-02-22,"CH","Switzerland","Europe",19591,2707639,16,12642
2022-02-23,"CH","Switzerland","Europe",16983,2724622,11,12653
2022-02-24,"CH","Switzerland","Europe",17561,2742183,12,12665
2022-02-25,"CH","Switzerland","Europe",15768,2757951,9,12674
2022-02-26,"CH","Switzerland","Europe",14843,2772794,12,12686
2022-02-27,"CH","Switzerland","Europe",11074,2783868,7,12693
2022-02-28,"CH","Switzerland","Europe",9282,2793150,11,12704
2022-03-01,"CH","Switzerland","Europe",23812,2816962,5,12709
2022-03-02,"CH","Switzerland","Europe",22416,2839378,6,12715
2022-03-03,"CH","Switzerland","Europe",24828,2864206,8,12723
2022-03-04,"CH","Switzerland","Europe",24596,2888802,5,12728
2022-03-05,"CH","Switzerland","Europe",23583,2912385,7,12735
2022-03-06,"CH","Switzerland","Europe",17648,2930033,7,12742
2021-12-06,"SY","Syrian Arab Republic","Eastern Mediterranean",81,48619,5,2777
2021-12-07,"SY","Syrian Arab Republic","Eastern Mediterranean",90,48709,5,2782
2021-12-08,"SY","Syrian Arab Republic","Eastern Mediterranean",92,48801,6,2788
2021-12-09,"SY","Syrian Arab Republic","Eastern Mediterranean",100,48901,5,2793
2021-12-10,"SY","Syrian Arab Republic","Eastern Mediterranean",107,49008,5,2798
2021-12-11,"SY","Syrian Arab Republic","Eastern Mediterranean",93,49101,6,2804
2021-12-12,"SY","Syrian Arab Republic","Eastern Mediterranean",88,49189,5,2809
2021-12-13,"SY","Syrian Arab Republic","Eastern Mediterranean",83,49272,5,2814
2021-12-14,"SY","Syrian Arab Republic","Eastern Mediterranean",78,49350,4,2818
2021-12-15,"SY","Syrian Arab Republic","Eastern Mediterranean",73,49423,5,2823
2021-12-16,"SY","Syrian Arab Republic","Eastern Mediterranean",70,49493,5,2828
2021-12-17,"SY","Syrian Arab Republic","Eastern Mediterranean",72,49565,5,2833
2021-12-18,"SY","Syrian Arab Republic","Eastern Mediterranean",66,49631,4,2837
2021-12-19,"SY","Syrian Arab Republic","Eastern Mediterranean",62,49693,4,2841
2021-12-20,"SY","Syrian Arab Republic","Eastern Mediterranean",58,49751,5,2846
2021-12-21,"SY","Syrian Arab Republic","Eastern Mediterranean",55,49806,4,2850
2021-12-22,"SY","Syrian Arab Republic","Eastern Mediterranean",55,49861,5,2855
2021-12-23,"SY","Syrian Arab Republic","Eastern Mediterranean",50,49911,4,2859
2021-12-24,"SY","Syrian Arab Republic","Eastern Mediterranean",50,49961,4,2863
2021-12-25,"SY","Syrian Arab Republic","Eastern Mediterranean",46,50007,4,2867
2021-12-26,"SY","Syrian Arab Republic","Eastern Mediterranean",44,50051,4,2871
2021-12-27,"SY","Syrian Arab Republic","Eastern Mediterranean",38,50089,4,2875
2021-12-28,"SY","Syrian Arab Republic","Eastern Mediterranean",38,50127,4,2879
2021-12-29,"SY","Syrian Arab Republic","Eastern Mediterranean",0,50127,0,2879
2021-12-30,"SY","Syrian Arab Republic","Eastern Mediterranean",77,50204,10,2889
2021-12-31,"SY","Syrian Arab Republic","Eastern Mediterranean",39,50243,4,2893
2022-01-01,"SY","Syrian Arab Republic","Eastern Mediterranean",35,50278,4,2897
2022-01-02,"SY","Syrian Arab Republic","Eastern Mediterranean",32,50310,4,2901
2022-01-03,"SY","Syrian Arab Republic","Eastern Mediterranean",27,50337,4,2905
2022-01-04,"SY","Syrian Arab Republic","Eastern Mediterranean",27,50364,3,2908
2022-01-05,"SY","Syrian Arab Republic","Eastern Mediterranean",26,50390,4,2912
2022-01-06,"SY","Syrian Arab Republic","Eastern Mediterranean",27,50417,3,2915
2022-01-07,"SY","Syrian Arab Republic","Eastern Mediterranean",25,50442,3,2918
2022-01-08,"SY","Syrian Arab Republic","Eastern Mediterranean",22,50464,3,2921
2022-01-09,"SY","Syrian Arab Republic","Eastern Mediterranean",18,50482,3,2924
2022-01-10,"SY","Syrian Arab Republic","Eastern Mediterranean",20,50502,2,2926
2022-01-11,"SY","Syrian Arab Republic","Eastern Mediterranean",25,50527,4,2930
2022-01-12,"SY","Syrian Arab Republic","Eastern Mediterranean",25,50552,3,2933
2022-01-13,"SY","Syrian Arab Republic","Eastern Mediterranean",28,50580,3,2936
2022-01-14,"SY","Syrian Arab Republic","Eastern Mediterranean",30,50610,3,2939
2022-01-15,"SY","Syrian Arab Republic","Eastern Mediterranean",31,50641,2,2941
2022-01-16,"SY","Syrian Arab Republic","Eastern Mediterranean",33,50674,3,2944
2022-01-17,"SY","Syrian Arab Republic","Eastern Mediterranean",36,50710,3,2947
2022-01-18,"SY","Syrian Arab Republic","Eastern Mediterranean",38,50748,3,2950
2022-01-19,"SY","Syrian Arab Republic","Eastern Mediterranean",36,50784,3,2953
2022-01-20,"SY","Syrian Arab Republic","Eastern Mediterranean",37,50821,3,2956
2022-01-21,"SY","Syrian Arab Republic","Eastern Mediterranean",41,50862,3,2959
2022-01-22,"SY","Syrian Arab Republic","Eastern Mediterranean",40,50902,3,2962
2022-01-23,"SY","Syrian Arab Republic","Eastern Mediterranean",41,50943,3,2965
2022-01-24,"SY","Syrian Arab Republic","Eastern Mediterranean",42,50985,3,2968
2022-01-25,"SY","Syrian Arab Republic","Eastern Mediterranean",44,51029,3,2971
2022-01-26,"SY","Syrian Arab Republic","Eastern Mediterranean",46,51075,3,2974
2022-01-27,"SY","Syrian Arab Republic","Eastern Mediterranean",49,51124,3,2977
2022-01-28,"SY","Syrian Arab Republic","Eastern Mediterranean",53,51177,2,2979
2022-01-29,"SY","Syrian Arab Republic","Eastern Mediterranean",53,51230,3,2982
2022-01-30,"SY","Syrian Arab Republic","Eastern Mediterranean",54,51284,2,2984
2022-01-31,"SY","Syrian Arab Republic","Eastern Mediterranean",57,51341,2,2986
2022-02-01,"SY","Syrian Arab Republic","Eastern Mediterranean",61,51402,3,2989
2022-02-02,"SY","Syrian Arab Republic","Eastern Mediterranean",81,51483,3,2992
2022-02-03,"SY","Syrian Arab Republic","Eastern Mediterranean",86,51569,3,2995
2022-02-04,"SY","Syrian Arab Republic","Eastern Mediterranean",87,51656,3,2998
2022-02-05,"SY","Syrian Arab Republic","Eastern Mediterranean",85,51741,3,3001
2022-02-06,"SY","Syrian Arab Republic","Eastern Mediterranean",85,51826,3,3004
2022-02-07,"SY","Syrian Arab Republic","Eastern Mediterranean",89,51915,4,3008
2022-02-08,"SY","Syrian Arab Republic","Eastern Mediterranean",90,52005,3,3011
2022-02-09,"SY","Syrian Arab Republic","Eastern Mediterranean",114,52119,3,3014
2022-02-10,"SY","Syrian Arab Republic","Eastern Mediterranean",124,52243,3,3017
2022-02-11,"SY","Syrian Arab Republic","Eastern Mediterranean",135,52378,3,3020
2022-02-12,"SY","Syrian Arab Republic","Eastern Mediterranean",126,52504,3,3023
2022-02-13,"SY","Syrian Arab Republic","Eastern Mediterranean",122,52626,3,3026
2022-02-14,"SY","Syrian Arab Republic","Eastern Mediterranean",125,52751,3,3029
2022-02-15,"SY","Syrian Arab Republic","Eastern Mediterranean",130,52881,3,3032
2022-02-16,"SY","Syrian Arab Republic","Eastern Mediterranean",130,53011,3,3035
2022-02-17,"SY","Syrian Arab Republic","Eastern Mediterranean",137,53148,3,3038
2022-02-18,"SY","Syrian Arab Republic","Eastern Mediterranean",130,53278,3,3041
2022-02-19,"SY","Syrian Arab Republic","Eastern Mediterranean",125,53403,3,3044
2022-02-20,"SY","Syrian Arab Republic","Eastern Mediterranean",124,53527,3,3047
2022-02-21,"SY","Syrian Arab Republic","Eastern Mediterranean",132,53659,3,3050
2022-02-22,"SY","Syrian Arab Republic","Eastern Mediterranean",125,53784,3,3053
2022-02-23,"SY","Syrian Arab Republic","Eastern Mediterranean",128,53912,3,3056
2022-02-24,"SY","Syrian Arab Republic","Eastern Mediterranean",128,54040,3,3059
2022-02-25,"SY","Syrian Arab Republic","Eastern Mediterranean",120,54160,3,3062
2022-02-26,"SY","Syrian Arab Republic","Eastern Mediterranean",115,54275,3,3065
2022-02-27,"SY","Syrian Arab Republic","Eastern Mediterranean",105,54380,3,3068
2022-02-28,"SY","Syrian Arab Republic","Eastern Mediterranean",100,54480,3,3071
2022-03-01,"SY","Syrian Arab Republic","Eastern Mediterranean",95,54575,4,3075
2022-03-02,"SY","Syrian Arab Republic","Eastern Mediterranean",89,54664,4,3079
2022-03-03,"SY","Syrian Arab Republic","Eastern Mediterranean",80,54744,3,3082
2022-03-04,"SY","Syrian Arab Republic","Eastern Mediterranean",78,54822,3,3085
2022-03-05,"SY","Syrian Arab Republic","Eastern Mediterranean",72,54894,4,3089
2022-03-06,"SY","Syrian Arab Republic","Eastern Mediterranean",69,54963,3,3092
2021-12-06,"TJ","Tajikistan","Europe",0,17493,0,125
2021-12-07,"TJ","Tajikistan","Europe",0,17493,0,125
2021-12-08,"TJ","Tajikistan","Europe",0,17493,0,125
2021-12-09,"TJ","Tajikistan","Europe",0,17493,0,125
2021-12-10,"TJ","Tajikistan","Europe",0,17493,0,125
2021-12-11,"TJ","Tajikistan","Europe",0,17493,0,125
2021-12-12,"TJ","Tajikistan","Europe",0,17493,0,125
2021-12-13,"TJ","Tajikistan","Europe",0,17493,0,125
2021-12-14,"TJ","Tajikistan","Europe",0,17493,0,125
2021-12-15,"TJ","Tajikistan","Europe",0,17493,0,125
2021-12-16,"TJ","Tajikistan","Europe",0,17493,0,125
2021-12-17,"TJ","Tajikistan","Europe",0,17493,0,125
2021-12-18,"TJ","Tajikistan","Europe",0,17493,0,125
2021-12-19,"TJ","Tajikistan","Europe",0,17493,0,125
2021-12-20,"TJ","Tajikistan","Europe",0,17493,0,125
2021-12-21,"TJ","Tajikistan","Europe",0,17493,0,125
2021-12-22,"TJ","Tajikistan","Europe",0,17493,0,125
2021-12-23,"TJ","Tajikistan","Europe",0,17493,0,125
2021-12-24,"TJ","Tajikistan","Europe",0,17493,0,125
2021-12-25,"TJ","Tajikistan","Europe",0,17493,0,125
2021-12-26,"TJ","Tajikistan","Europe",0,17493,0,125
2021-12-27,"TJ","Tajikistan","Europe",0,17493,0,125
2021-12-28,"TJ","Tajikistan","Europe",0,17493,0,125
2021-12-29,"TJ","Tajikistan","Europe",0,17493,0,125
2021-12-30,"TJ","Tajikistan","Europe",0,17493,0,125
2021-12-31,"TJ","Tajikistan","Europe",0,17493,0,125
2022-01-01,"TJ","Tajikistan","Europe",0,17493,0,125
2022-01-02,"TJ","Tajikistan","Europe",0,17493,0,125
2022-01-03,"TJ","Tajikistan","Europe",0,17493,0,125
2022-01-04,"TJ","Tajikistan","Europe",0,17493,0,125
2022-01-05,"TJ","Tajikistan","Europe",0,17493,0,125
2022-01-06,"TJ","Tajikistan","Europe",0,17493,0,125
2022-01-07,"TJ","Tajikistan","Europe",0,17493,0,125
2022-01-08,"TJ","Tajikistan","Europe",0,17493,0,125
2022-01-09,"TJ","Tajikistan","Europe",0,17493,0,125
2022-01-10,"TJ","Tajikistan","Europe",0,17493,0,125
2022-01-11,"TJ","Tajikistan","Europe",0,17493,0,125
2022-01-12,"TJ","Tajikistan","Europe",0,17493,0,125
2022-01-13,"TJ","Tajikistan","Europe",0,17493,0,125
2022-01-14,"TJ","Tajikistan","Europe",0,17493,0,125
2022-01-15,"TJ","Tajikistan","Europe",0,17493,0,125
2022-01-16,"TJ","Tajikistan","Europe",0,17493,0,125
2022-01-17,"TJ","Tajikistan","Europe",0,17493,0,125
2022-01-18,"TJ","Tajikistan","Europe",0,17493,0,125
2022-01-19,"TJ","Tajikistan","Europe",0,17493,0,125
2022-01-20,"TJ","Tajikistan","Europe",0,17493,0,125
2022-01-21,"TJ","Tajikistan","Europe",0,17493,0,125
2022-01-22,"TJ","Tajikistan","Europe",23,17516,0,125
2022-01-23,"TJ","Tajikistan","Europe",36,17552,0,125
2022-01-24,"TJ","Tajikistan","Europe",26,17578,0,125
2022-01-25,"TJ","Tajikistan","Europe",31,17609,0,125
2022-01-26,"TJ","Tajikistan","Europe",18,17627,0,125
2022-01-27,"TJ","Tajikistan","Europe",12,17639,0,125
2022-01-28,"TJ","Tajikistan","Europe",24,17663,0,125
2022-01-29,"TJ","Tajikistan","Europe",18,17681,0,125
2022-01-30,"TJ","Tajikistan","Europe",14,17695,0,125
2022-01-31,"TJ","Tajikistan","Europe",11,17706,0,125
2022-02-01,"TJ","Tajikistan","Europe",10,17716,0,125
2022-02-02,"TJ","Tajikistan","Europe",8,17724,0,125
2022-02-03,"TJ","Tajikistan","Europe",5,17729,0,125
2022-02-04,"TJ","Tajikistan","Europe",4,17733,0,125
2022-02-05,"TJ","Tajikistan","Europe",5,17738,0,125
2022-02-06,"TJ","Tajikistan","Europe",4,17742,0,125
2022-02-07,"TJ","Tajikistan","Europe",3,17745,0,125
2022-02-08,"TJ","Tajikistan","Europe",4,17749,0,125
2022-02-09,"TJ","Tajikistan","Europe",4,17753,0,125
2022-02-10,"TJ","Tajikistan","Europe",6,17759,0,125
2022-02-11,"TJ","Tajikistan","Europe",6,17765,0,125
2022-02-12,"TJ","Tajikistan","Europe",2,17767,0,125
2022-02-13,"TJ","Tajikistan","Europe",6,17773,0,125
2022-02-14,"TJ","Tajikistan","Europe",3,17776,0,125
2022-02-15,"TJ","Tajikistan","Europe",4,17780,0,125
2022-02-16,"TJ","Tajikistan","Europe",3,17783,0,125
2022-02-17,"TJ","Tajikistan","Europe",0,17783,0,125
2022-02-18,"TJ","Tajikistan","Europe",0,17783,0,125
2022-02-19,"TJ","Tajikistan","Europe",3,17786,0,125
2022-02-20,"TJ","Tajikistan","Europe",0,17786,0,125
2022-02-21,"TJ","Tajikistan","Europe",0,17786,0,125
2022-02-22,"TJ","Tajikistan","Europe",0,17786,0,125
2022-02-23,"TJ","Tajikistan","Europe",0,17786,0,125
2022-02-24,"TJ","Tajikistan","Europe",0,17786,0,125
2022-02-25,"TJ","Tajikistan","Europe",0,17786,0,125
2022-02-26,"TJ","Tajikistan","Europe",0,17786,0,125
2022-02-27,"TJ","Tajikistan","Europe",0,17786,0,125
2022-02-28,"TJ","Tajikistan","Europe",0,17786,0,125
2022-03-01,"TJ","Tajikistan","Europe",0,17786,0,125
2022-03-02,"TJ","Tajikistan","Europe",0,17786,0,125
2022-03-03,"TJ","Tajikistan","Europe",0,17786,0,125
2022-03-04,"TJ","Tajikistan","Europe",0,17786,0,125
2022-03-05,"TJ","Tajikistan","Europe",0,17786,0,125
2022-03-06,"TJ","Tajikistan","Europe",0,17786,0,125
2021-12-06,"TH","Thailand","South-East Asia",4000,2145241,22,20966
2021-12-07,"TH","Thailand","South-East Asia",3525,2148766,31,20997
2021-12-08,"TH","Thailand","South-East Asia",3618,2152384,38,21035
2021-12-09,"TH","Thailand","South-East Asia",4203,2156587,49,21084
2021-12-10,"TH","Thailand","South-East Asia",4193,2160780,28,21112
2021-12-11,"TH","Thailand","South-East Asia",4079,2164859,39,21151
2021-12-12,"TH","Thailand","South-East Asia",3787,2168646,20,21171
2021-12-13,"TH","Thailand","South-East Asia",3398,2172044,23,21194
2021-12-14,"TH","Thailand","South-East Asia",2862,2174906,37,21231
2021-12-15,"TH","Thailand","South-East Asia",3370,2178276,29,21260
2021-12-16,"TH","Thailand","South-East Asia",3684,2181960,26,21286
2021-12-17,"TH","Thailand","South-East Asia",3537,2185497,41,21327
2021-12-18,"TH","Thailand","South-East Asia",3132,2188629,28,21355
2021-12-19,"TH","Thailand","South-East Asia",2899,2191528,22,21377
2021-12-20,"TH","Thailand","South-East Asia",2525,2194053,31,21408
2021-12-21,"TH","Thailand","South-East Asia",2476,2196529,32,21440
2021-12-22,"TH","Thailand","South-East Asia",2532,2199061,31,21471
2021-12-23,"TH","Thailand","South-East Asia",2940,2202001,30,21501
2021-12-24,"TH","Thailand","South-East Asia",2671,2204672,27,21528
2021-12-25,"TH","Thailand","South-East Asia",2766,2207438,30,21558
2021-12-26,"TH","Thailand","South-East Asia",2532,2209970,22,21580
2021-12-27,"TH","Thailand","South-East Asia",2437,2212407,18,21598
2021-12-28,"TH","Thailand","South-East Asia",2305,2214712,32,21630
2021-12-29,"TH","Thailand","South-East Asia",2575,2217287,17,21647
2021-12-30,"TH","Thailand","South-East Asia",3037,2220324,25,21672
2021-12-31,"TH","Thailand","South-East Asia",3111,2223435,26,21698
2022-01-01,"TH","Thailand","South-East Asia",3011,2226446,10,21708
2022-01-02,"TH","Thailand","South-East Asia",3112,2229558,12,21720
2022-01-03,"TH","Thailand","South-East Asia",2927,2232485,18,21738
2022-01-04,"TH","Thailand","South-East Asia",3091,2235576,12,21750
2022-01-05,"TH","Thailand","South-East Asia",3899,2239475,19,21769
2022-01-06,"TH","Thailand","South-East Asia",5775,2245250,11,21780
2022-01-07,"TH","Thailand","South-East Asia",7526,2252776,19,21799
2022-01-08,"TH","Thailand","South-East Asia",8263,2261039,14,21813
2022-01-09,"TH","Thailand","South-East Asia",8511,2269550,12,21825
2022-01-10,"TH","Thailand","South-East Asia",7926,2277476,13,21838
2022-01-11,"TH","Thailand","South-East Asia",7133,2284609,12,21850
2022-01-12,"TH","Thailand","South-East Asia",7681,2292290,19,21869
2022-01-13,"TH","Thailand","South-East Asia",8167,2300457,14,21883
2022-01-14,"TH","Thailand","South-East Asia",8158,2308615,15,21898
2022-01-15,"TH","Thailand","South-East Asia",7793,2316408,18,21916
2022-01-16,"TH","Thailand","South-East Asia",8077,2324485,9,21925
2022-01-17,"TH","Thailand","South-East Asia",6929,2331414,13,21938
2022-01-18,"TH","Thailand","South-East Asia",6397,2337811,18,21956
2022-01-19,"TH","Thailand","South-East Asia",7122,2344933,12,21968
2022-01-20,"TH","Thailand","South-East Asia",8129,2353062,19,21987
2022-01-21,"TH","Thailand","South-East Asia",8640,2361702,13,22000
2022-01-22,"TH","Thailand","South-East Asia",8112,2369814,19,22019
2022-01-23,"TH","Thailand","South-East Asia",7686,2377500,13,22032
2022-01-24,"TH","Thailand","South-East Asia",7139,2384639,13,22045
2022-01-25,"TH","Thailand","South-East Asia",6718,2391357,12,22057
2022-01-26,"TH","Thailand","South-East Asia",7587,2398944,19,22076
2022-01-27,"TH","Thailand","South-East Asia",8078,2407022,22,22098
2022-01-28,"TH","Thailand","South-East Asia",8450,2415472,28,22126
2022-01-29,"TH","Thailand","South-East Asia",8618,2424090,19,22145
2022-01-30,"TH","Thailand","South-East Asia",8444,2432534,12,22157
2022-01-31,"TH","Thailand","South-East Asia",8008,2440542,16,22173
2022-02-01,"TH","Thailand","South-East Asia",7422,2447964,12,22185
2022-02-02,"TH","Thailand","South-East Asia",8587,2456551,22,22207
2022-02-03,"TH","Thailand","South-East Asia",9172,2465723,21,22228
2022-02-04,"TH","Thailand","South-East Asia",9909,2475632,22,22250
2022-02-05,"TH","Thailand","South-East Asia",10490,2486122,21,22271
2022-02-06,"TH","Thailand","South-East Asia",10879,2497001,20,22291
2022-02-07,"TH","Thailand","South-East Asia",10470,2507471,12,22303
2022-02-08,"TH","Thailand","South-East Asia",10398,2517869,17,22320
2022-02-09,"TH","Thailand","South-East Asia",13182,2531051,24,22344
2022-02-10,"TH","Thailand","South-East Asia",14822,2545873,20,22364
2022-02-11,"TH","Thailand","South-East Asia",15242,2561115,23,22387
2022-02-12,"TH","Thailand","South-East Asia",16330,2577445,25,22412
2022-02-13,"TH","Thailand","South-East Asia",15882,2593327,24,22436
2022-02-14,"TH","Thailand","South-East Asia",14900,2608227,26,22462
2022-02-15,"TH","Thailand","South-East Asia",14373,2622600,27,22489
2022-02-16,"TH","Thailand","South-East Asia",16462,2639062,27,22516
2022-02-17,"TH","Thailand","South-East Asia",17349,2656411,22,22538
2022-02-18,"TH","Thailand","South-East Asia",18066,2674477,27,22565
2022-02-19,"TH","Thailand","South-East Asia",18885,2693362,29,22594
2022-02-20,"TH","Thailand","South-East Asia",18953,2712315,30,22624
2022-02-21,"TH","Thailand","South-East Asia",18883,2731198,32,22656
2022-02-22,"TH","Thailand","South-East Asia",18363,2749561,35,22691
2022-02-23,"TH","Thailand","South-East Asia",21232,2770793,39,22730
2022-02-24,"TH","Thailand","South-East Asia",23557,2794350,38,22768
2022-02-25,"TH","Thailand","South-East Asia",24932,2819282,41,22809
2022-02-26,"TH","Thailand","South-East Asia",25615,2844897,40,22849
2022-02-27,"TH","Thailand","South-East Asia",24719,2869616,42,22891
2022-02-28,"TH","Thailand","South-East Asia",22311,2891927,42,22933
2022-03-01,"TH","Thailand","South-East Asia",20420,2912347,43,22976
2022-03-02,"TH","Thailand","South-East Asia",22197,2934544,45,23021
2022-03-03,"TH","Thailand","South-East Asia",23618,2958162,49,23070
2022-03-04,"TH","Thailand","South-East Asia",23834,2981996,54,23124
2022-03-05,"TH","Thailand","South-East Asia",22818,3004814,52,23176
2022-03-06,"TH","Thailand","South-East Asia",21881,3026695,59,23235
2021-12-06,"GB","The United Kingdom","Europe",38779,10720039,146,146625
2021-12-07,"GB","The United Kingdom","Europe",41013,10761052,111,146736
2021-12-08,"GB","The United Kingdom","Europe",59661,10820713,138,146874
2021-12-09,"GB","The United Kingdom","Europe",56227,10876940,121,146995
2021-12-10,"GB","The United Kingdom","Europe",58876,10935816,112,147107
2021-12-11,"GB","The United Kingdom","Europe",56975,10992791,125,147232
2021-12-12,"GB","The United Kingdom","Europe",52474,11045265,107,147339
2021-12-13,"GB","The United Kingdom","Europe",48592,11093857,96,147435
2021-12-14,"GB","The United Kingdom","Europe",53137,11146994,121,147556
2021-12-15,"GB","The United Kingdom","Europe",87147,11234141,103,147659
2021-12-16,"GB","The United Kingdom","Europe",102752,11336893,128,147787
2021-12-17,"GB","The United Kingdom","Europe",112662,11449555,113,147900
2021-12-18,"GB","The United Kingdom","Europe",106030,11555585,105,148005
2021-12-19,"GB","The United Kingdom","Europe",95863,11651448,128,148133
2021-12-20,"GB","The United Kingdom","Europe",88866,11740314,108,148241
2021-12-21,"GB","The United Kingdom","Europe",89098,11829412,101,148342
2021-12-22,"GB","The United Kingdom","Europe",133909,11963321,124,148466
2021-12-23,"GB","The United Kingdom","Europe",150248,12113569,100,148566
2021-12-24,"GB","The United Kingdom","Europe",161362,12274931,126,148692
2021-12-25,"GB","The United Kingdom","Europe",160443,12435374,131,148823
2021-12-26,"GB","The United Kingdom","Europe",137239,12572613,127,148950
2021-12-27,"GB","The United Kingdom","Europe",70355,12642968,104,149054
2021-12-28,"GB","The United Kingdom","Europe",116263,12759231,117,149171
2021-12-29,"GB","The United Kingdom","Europe",194955,12954186,140,149311
2021-12-30,"GB","The United Kingdom","Europe",212421,13166607,169,149480
2021-12-31,"GB","The United Kingdom","Europe",272713,13439320,124,149604
2022-01-01,"GB","The United Kingdom","Europe",236486,13675806,190,149794
2022-01-02,"GB","The United Kingdom","Europe",188512,13864318,168,149962
2022-01-03,"GB","The United Kingdom","Europe",118173,13982491,181,150143
2022-01-04,"GB","The United Kingdom","Europe",181001,14163492,178,150321
2022-01-05,"GB","The United Kingdom","Europe",229803,14393295,178,150499
2022-01-06,"GB","The United Kingdom","Europe",275544,14668839,220,150719
2022-01-07,"GB","The United Kingdom","Europe",221986,14890825,212,150931
2022-01-08,"GB","The United Kingdom","Europe",172772,15063597,255,151186
2022-01-09,"GB","The United Kingdom","Europe",120167,15183764,250,151436
2022-01-10,"GB","The United Kingdom","Europe",93544,15277308,242,151678
2022-01-11,"GB","The United Kingdom","Europe",95688,15372996,269,151947
2022-01-12,"GB","The United Kingdom","Europe",132654,15505650,280,152227
2022-01-13,"GB","The United Kingdom","Europe",115163,15620813,269,152496
2022-01-14,"GB","The United Kingdom","Europe",103134,15723947,257,152753
2022-01-15,"GB","The United Kingdom","Europe",96306,15820253,285,153038
2022-01-16,"GB","The United Kingdom","Europe",86217,15906470,275,153313
2022-01-17,"GB","The United Kingdom","Europe",77856,15984326,294,153607
2022-01-18,"GB","The United Kingdom","Europe",97986,16082312,292,153899
2022-01-19,"GB","The United Kingdom","Europe",131366,16213678,294,154193
2022-01-20,"GB","The United Kingdom","Europe",118668,16332346,283,154476
2022-01-21,"GB","The United Kingdom","Europe",111645,16443991,280,154756
2022-01-22,"GB","The United Kingdom","Europe",100217,16544208,253,155009
2022-01-23,"GB","The United Kingdom","Europe",91497,16635705,307,155316
2022-01-24,"GB","The United Kingdom","Europe",81642,16717347,280,155596
2022-01-25,"GB","The United Kingdom","Europe",102299,16819646,254,155850
2022-01-26,"GB","The United Kingdom","Europe",127231,16946877,280,156130
2022-01-27,"GB","The United Kingdom","Europe",113112,17059989,243,156373
2022-01-28,"GB","The United Kingdom","Europe",108626,17168615,260,156633
2022-01-29,"GB","The United Kingdom","Europe",96130,17264745,299,156932
2022-01-30,"GB","The United Kingdom","Europe",83984,17348729,255,157187
2022-01-31,"GB","The United Kingdom","Europe",73459,17422188,260,157447
2022-02-01,"GB","The United Kingdom","Europe",87510,17509698,241,157688
2022-02-02,"GB","The United Kingdom","Europe",104880,17614578,244,157932
2022-02-03,"GB","The United Kingdom","Europe",93590,17708168,257,158189
2022-02-04,"GB","The United Kingdom","Europe",88306,17796474,225,158414
2022-02-05,"GB","The United Kingdom","Europe",76555,17873029,219,158633
2022-02-06,"GB","The United Kingdom","Europe",63122,17936151,177,158810
2022-02-07,"GB","The United Kingdom","Europe",52165,17988316,198,159008
2022-02-08,"GB","The United Kingdom","Europe",60420,18048736,181,159189
2022-02-09,"GB","The United Kingdom","Europe",76101,18124837,165,159354
2022-02-10,"GB","The United Kingdom","Europe",69185,18194022,166,159520
2022-02-11,"GB","The United Kingdom","Europe",63975,18257997,156,159676
2022-02-12,"GB","The United Kingdom","Europe",52074,18310071,160,159836
2022-02-13,"GB","The United Kingdom","Europe",44441,18354512,134,159970
2022-02-14,"GB","The United Kingdom","Europe",37433,18391945,144,160114
2022-02-15,"GB","The United Kingdom","Europe",41739,18433684,140,160254
2022-02-16,"GB","The United Kingdom","Europe",54539,18488223,153,160407
2022-02-17,"GB","The United Kingdom","Europe",52295,18540518,147,160554
2022-02-18,"GB","The United Kingdom","Europe",51302,18591820,135,160689
2022-02-19,"GB","The United Kingdom","Europe",44529,18636349,123,160812
2022-02-20,"GB","The United Kingdom","Europe",33181,18669530,117,160929
2022-02-21,"GB","The United Kingdom","Europe",34575,18704105,112,161041
2022-02-22,"GB","The United Kingdom","Europe",37646,18741751,130,161171
2022-02-23,"GB","The United Kingdom","Europe",45049,18786800,106,161277
2022-02-24,"GB","The United Kingdom","Europe",39010,18825810,99,161376
2022-02-25,"GB","The United Kingdom","Europe",36283,18862093,91,161467
2022-02-26,"GB","The United Kingdom","Europe",30461,18892554,116,161583
2022-02-27,"GB","The United Kingdom","Europe",27740,18920294,100,161683
2022-02-28,"GB","The United Kingdom","Europe",25037,18945331,92,161775
2022-03-01,"GB","The United Kingdom","Europe",31333,18976664,95,161870
2022-03-02,"GB","The United Kingdom","Europe",44579,19021243,95,161965
2022-03-03,"GB","The United Kingdom","Europe",44654,19065897,95,162060
2022-03-04,"GB","The United Kingdom","Europe",46049,19111946,101,162161
2022-03-05,"GB","The United Kingdom","Europe",43588,19155534,101,162262
2022-03-06,"GB","The United Kingdom","Europe",41238,19196772,74,162336
2021-12-06,"TL","Timor-Leste","South-East Asia",0,19828,0,122
2021-12-07,"TL","Timor-Leste","South-East Asia",1,19829,0,122
2021-12-08,"TL","Timor-Leste","South-East Asia",0,19829,0,122
2021-12-09,"TL","Timor-Leste","South-East Asia",0,19829,0,122
2021-12-10,"TL","Timor-Leste","South-East Asia",0,19829,0,122
2021-12-11,"TL","Timor-Leste","South-East Asia",0,19829,0,122
2021-12-12,"TL","Timor-Leste","South-East Asia",0,19829,0,122
2021-12-13,"TL","Timor-Leste","South-East Asia",0,19829,0,122
2021-12-14,"TL","Timor-Leste","South-East Asia",1,19830,0,122
2021-12-15,"TL","Timor-Leste","South-East Asia",0,19830,0,122
2021-12-16,"TL","Timor-Leste","South-East Asia",0,19830,0,122
2021-12-17,"TL","Timor-Leste","South-East Asia",2,19832,0,122
2021-12-18,"TL","Timor-Leste","South-East Asia",1,19833,0,122
2021-12-19,"TL","Timor-Leste","South-East Asia",0,19833,0,122
2021-12-20,"TL","Timor-Leste","South-East Asia",0,19833,0,122
2021-12-21,"TL","Timor-Leste","South-East Asia",0,19833,0,122
2021-12-22,"TL","Timor-Leste","South-East Asia",0,19833,0,122
2021-12-23,"TL","Timor-Leste","South-East Asia",0,19833,0,122
2021-12-24,"TL","Timor-Leste","South-East Asia",0,19833,0,122
2021-12-25,"TL","Timor-Leste","South-East Asia",0,19833,0,122
2021-12-26,"TL","Timor-Leste","South-East Asia",0,19833,0,122
2021-12-27,"TL","Timor-Leste","South-East Asia",0,19833,0,122
2021-12-28,"TL","Timor-Leste","South-East Asia",0,19833,0,122
2021-12-29,"TL","Timor-Leste","South-East Asia",0,19833,0,122
2021-12-30,"TL","Timor-Leste","South-East Asia",0,19833,0,122
2021-12-31,"TL","Timor-Leste","South-East Asia",4,19837,0,122
2022-01-01,"TL","Timor-Leste","South-East Asia",2,19839,0,122
2022-01-02,"TL","Timor-Leste","South-East Asia",0,19839,0,122
2022-01-03,"TL","Timor-Leste","South-East Asia",3,19842,0,122
2022-01-04,"TL","Timor-Leste","South-East Asia",0,19842,0,122
2022-01-05,"TL","Timor-Leste","South-East Asia",0,19842,0,122
2022-01-06,"TL","Timor-Leste","South-East Asia",2,19844,0,122
2022-01-07,"TL","Timor-Leste","South-East Asia",11,19855,0,122
2022-01-08,"TL","Timor-Leste","South-East Asia",0,19855,0,122
2022-01-09,"TL","Timor-Leste","South-East Asia",1,19856,0,122
2022-01-10,"TL","Timor-Leste","South-East Asia",2,19858,0,122
2022-01-11,"TL","Timor-Leste","South-East Asia",2,19860,0,122
2022-01-12,"TL","Timor-Leste","South-East Asia",0,19860,0,122
2022-01-13,"TL","Timor-Leste","South-East Asia",0,19860,0,122
2022-01-14,"TL","Timor-Leste","South-East Asia",1,19861,0,122
2022-01-15,"TL","Timor-Leste","South-East Asia",0,19861,0,122
2022-01-16,"TL","Timor-Leste","South-East Asia",2,19863,0,122
2022-01-17,"TL","Timor-Leste","South-East Asia",0,19863,0,122
2022-01-18,"TL","Timor-Leste","South-East Asia",2,19865,0,122
2022-01-19,"TL","Timor-Leste","South-East Asia",1,19866,0,122
2022-01-20,"TL","Timor-Leste","South-East Asia",0,19866,0,122
2022-01-21,"TL","Timor-Leste","South-East Asia",0,19866,0,122
2022-01-22,"TL","Timor-Leste","South-East Asia",0,19866,0,122
2022-01-23,"TL","Timor-Leste","South-East Asia",2,19868,0,122
2022-01-24,"TL","Timor-Leste","South-East Asia",1,19869,0,122
2022-01-25,"TL","Timor-Leste","South-East Asia",2,19871,0,122
2022-01-26,"TL","Timor-Leste","South-East Asia",8,19879,0,122
2022-01-27,"TL","Timor-Leste","South-East Asia",15,19894,0,122
2022-01-28,"TL","Timor-Leste","South-East Asia",4,19898,0,122
2022-01-29,"TL","Timor-Leste","South-East Asia",10,19908,0,122
2022-01-30,"TL","Timor-Leste","South-East Asia",29,19937,0,122
2022-01-31,"TL","Timor-Leste","South-East Asia",9,19946,0,122
2022-02-01,"TL","Timor-Leste","South-East Asia",159,20105,0,122
2022-02-02,"TL","Timor-Leste","South-East Asia",31,20136,0,122
2022-02-03,"TL","Timor-Leste","South-East Asia",41,20177,0,122
2022-02-04,"TL","Timor-Leste","South-East Asia",63,20240,0,122
2022-02-05,"TL","Timor-Leste","South-East Asia",88,20328,0,122
2022-02-06,"TL","Timor-Leste","South-East Asia",75,20403,0,122
2022-02-07,"TL","Timor-Leste","South-East Asia",98,20501,0,122
2022-02-08,"TL","Timor-Leste","South-East Asia",247,20748,0,122
2022-02-09,"TL","Timor-Leste","South-East Asia",194,20942,0,122
2022-02-10,"TL","Timor-Leste","South-East Asia",216,21158,0,122
2022-02-11,"TL","Timor-Leste","South-East Asia",243,21401,1,123
2022-02-12,"TL","Timor-Leste","South-East Asia",155,21556,0,123
2022-02-13,"TL","Timor-Leste","South-East Asia",75,21631,1,124
2022-02-14,"TL","Timor-Leste","South-East Asia",117,21748,0,124
2022-02-15,"TL","Timor-Leste","South-East Asia",129,21877,0,124
2022-02-16,"TL","Timor-Leste","South-East Asia",170,22047,0,124
2022-02-17,"TL","Timor-Leste","South-East Asia",91,22138,1,125
2022-02-18,"TL","Timor-Leste","South-East Asia",123,22261,0,125
2022-02-19,"TL","Timor-Leste","South-East Asia",53,22314,0,125
2022-02-20,"TL","Timor-Leste","South-East Asia",44,22358,0,125
2022-02-21,"TL","Timor-Leste","South-East Asia",48,22406,0,125
2022-02-22,"TL","Timor-Leste","South-East Asia",79,22485,0,125
2022-02-23,"TL","Timor-Leste","South-East Asia",53,22538,1,126
2022-02-24,"TL","Timor-Leste","South-East Asia",46,22584,0,126
2022-02-25,"TL","Timor-Leste","South-East Asia",52,22636,1,127
2022-02-26,"TL","Timor-Leste","South-East Asia",13,22649,1,128
2022-02-27,"TL","Timor-Leste","South-East Asia",19,22668,0,128
2022-02-28,"TL","Timor-Leste","South-East Asia",25,22693,0,128
2022-03-01,"TL","Timor-Leste","South-East Asia",23,22716,0,128
2022-03-02,"TL","Timor-Leste","South-East Asia",16,22732,1,129
2022-03-03,"TL","Timor-Leste","South-East Asia",4,22736,0,129
2022-03-04,"TL","Timor-Leste","South-East Asia",5,22741,0,129
2022-03-05,"TL","Timor-Leste","South-East Asia",16,22757,0,129
2022-03-06,"TL","Timor-Leste","South-East Asia",2,22759,0,129
2021-12-06,"TG","Togo","Africa",13,26304,0,243
2021-12-07,"TG","Togo","Africa",11,26315,0,243
2021-12-08,"TG","Togo","Africa",11,26326,0,243
2021-12-09,"TG","Togo","Africa",24,26350,0,243
2021-12-10,"TG","Togo","Africa",7,26357,0,243
2021-12-11,"TG","Togo","Africa",15,26372,0,243
2021-12-12,"TG","Togo","Africa",0,26372,0,243
2021-12-13,"TG","Togo","Africa",28,26400,0,243
2021-12-14,"TG","Togo","Africa",16,26416,0,243
2021-12-15,"TG","Togo","Africa",0,26416,0,243
2021-12-16,"TG","Togo","Africa",50,26466,1,244
2021-12-17,"TG","Togo","Africa",0,26466,0,244
2021-12-18,"TG","Togo","Africa",84,26550,0,244
2021-12-19,"TG","Togo","Africa",0,26550,0,244
2021-12-20,"TG","Togo","Africa",128,26678,1,245
2021-12-21,"TG","Togo","Africa",64,26742,0,245
2021-12-22,"TG","Togo","Africa",169,26911,1,246
2021-12-23,"TG","Togo","Africa",197,27108,0,246
2021-12-24,"TG","Togo","Africa",297,27405,0,246
2021-12-25,"TG","Togo","Africa",0,27405,0,246
2021-12-26,"TG","Togo","Africa",587,27992,0,246
2021-12-27,"TG","Togo","Africa",276,28268,0,246
2021-12-28,"TG","Togo","Africa",236,28504,0,246
2021-12-29,"TG","Togo","Africa",421,28925,0,246
2021-12-30,"TG","Togo","Africa",0,28925,0,246
2021-12-31,"TG","Togo","Africa",1238,30163,2,248
2022-01-01,"TG","Togo","Africa",0,30163,0,248
2022-01-02,"TG","Togo","Africa",0,30163,0,248
2022-01-03,"TG","Togo","Africa",1002,31165,0,248
2022-01-04,"TG","Togo","Africa",225,31390,2,250
2022-01-05,"TG","Togo","Africa",677,32067,1,251
2022-01-06,"TG","Togo","Africa",448,32515,0,251
2022-01-07,"TG","Togo","Africa",516,33031,1,252
2022-01-08,"TG","Togo","Africa",522,33553,0,252
2022-01-09,"TG","Togo","Africa",362,33915,1,253
2022-01-10,"TG","Togo","Africa",0,33915,0,253
2022-01-11,"TG","Togo","Africa",470,34385,1,254
2022-01-12,"TG","Togo","Africa",273,34658,4,258
2022-01-13,"TG","Togo","Africa",439,35097,2,260
2022-01-14,"TG","Togo","Africa",328,35425,1,261
2022-01-15,"TG","Togo","Africa",240,35665,0,261
2022-01-16,"TG","Togo","Africa",0,35665,0,261
2022-01-17,"TG","Togo","Africa",285,35950,0,261
2022-01-18,"TG","Togo","Africa",0,35950,0,261
2022-01-19,"TG","Togo","Africa",106,36056,2,263
2022-01-20,"TG","Togo","Africa",0,36056,0,263
2022-01-21,"TG","Togo","Africa",120,36176,3,266
2022-01-22,"TG","Togo","Africa",0,36176,0,266
2022-01-23,"TG","Togo","Africa",104,36280,0,266
2022-01-24,"TG","Togo","Africa",33,36313,0,266
2022-01-25,"TG","Togo","Africa",10,36323,1,267
2022-01-26,"TG","Togo","Africa",49,36372,0,267
2022-01-27,"TG","Togo","Africa",49,36421,0,267
2022-01-28,"TG","Togo","Africa",31,36452,0,267
2022-01-29,"TG","Togo","Africa",17,36469,0,267
2022-01-30,"TG","Togo","Africa",18,36487,1,268
2022-01-31,"TG","Togo","Africa",4,36491,0,268
2022-02-01,"TG","Togo","Africa",0,36491,0,268
2022-02-02,"TG","Togo","Africa",18,36509,0,268
2022-02-03,"TG","Togo","Africa",29,36538,0,268
2022-02-04,"TG","Togo","Africa",12,36550,0,268
2022-02-05,"TG","Togo","Africa",0,36550,0,268
2022-02-06,"TG","Togo","Africa",7,36557,0,268
2022-02-07,"TG","Togo","Africa",41,36598,1,269
2022-02-08,"TG","Togo","Africa",7,36605,0,269
2022-02-09,"TG","Togo","Africa",7,36612,1,270
2022-02-10,"TG","Togo","Africa",0,36612,0,270
2022-02-11,"TG","Togo","Africa",18,36630,0,270
2022-02-12,"TG","Togo","Africa",0,36630,0,270
2022-02-13,"TG","Togo","Africa",4,36634,0,270
2022-02-14,"TG","Togo","Africa",26,36660,1,271
2022-02-15,"TG","Togo","Africa",0,36660,0,271
2022-02-16,"TG","Togo","Africa",33,36693,0,271
2022-02-17,"TG","Togo","Africa",11,36704,0,271
2022-02-18,"TG","Togo","Africa",6,36710,0,271
2022-02-19,"TG","Togo","Africa",0,36710,0,271
2022-02-20,"TG","Togo","Africa",14,36724,0,271
2022-02-21,"TG","Togo","Africa",14,36738,0,271
2022-02-22,"TG","Togo","Africa",17,36755,1,272
2022-02-23,"TG","Togo","Africa",9,36764,0,272
2022-02-24,"TG","Togo","Africa",7,36771,0,272
2022-02-25,"TG","Togo","Africa",6,36777,0,272
2022-02-26,"TG","Togo","Africa",5,36782,0,272
2022-02-27,"TG","Togo","Africa",16,36798,0,272
2022-02-28,"TG","Togo","Africa",0,36798,0,272
2022-03-01,"TG","Togo","Africa",8,36806,0,272
2022-03-02,"TG","Togo","Africa",0,36806,0,272
2022-03-03,"TG","Togo","Africa",6,36812,0,272
2022-03-04,"TG","Togo","Africa",0,36812,0,272
2022-03-05,"TG","Togo","Africa",3,36815,0,272
2022-03-06,"TG","Togo","Africa",6,36821,0,272
2021-12-06,"TK","Tokelau","Western Pacific",0,0,0,0
2021-12-07,"TK","Tokelau","Western Pacific",0,0,0,0
2021-12-08,"TK","Tokelau","Western Pacific",0,0,0,0
2021-12-09,"TK","Tokelau","Western Pacific",0,0,0,0
2021-12-10,"TK","Tokelau","Western Pacific",0,0,0,0
2021-12-11,"TK","Tokelau","Western Pacific",0,0,0,0
2021-12-12,"TK","Tokelau","Western Pacific",0,0,0,0
2021-12-13,"TK","Tokelau","Western Pacific",0,0,0,0
2021-12-14,"TK","Tokelau","Western Pacific",0,0,0,0
2021-12-15,"TK","Tokelau","Western Pacific",0,0,0,0
2021-12-16,"TK","Tokelau","Western Pacific",0,0,0,0
2021-12-17,"TK","Tokelau","Western Pacific",0,0,0,0
2021-12-18,"TK","Tokelau","Western Pacific",0,0,0,0
2021-12-19,"TK","Tokelau","Western Pacific",0,0,0,0
2021-12-20,"TK","Tokelau","Western Pacific",0,0,0,0
2021-12-21,"TK","Tokelau","Western Pacific",0,0,0,0
2021-12-22,"TK","Tokelau","Western Pacific",0,0,0,0
2021-12-23,"TK","Tokelau","Western Pacific",0,0,0,0
2021-12-24,"TK","Tokelau","Western Pacific",0,0,0,0
2021-12-25,"TK","Tokelau","Western Pacific",0,0,0,0
2021-12-26,"TK","Tokelau","Western Pacific",0,0,0,0
2021-12-27,"TK","Tokelau","Western Pacific",0,0,0,0
2021-12-28,"TK","Tokelau","Western Pacific",0,0,0,0
2021-12-29,"TK","Tokelau","Western Pacific",0,0,0,0
2021-12-30,"TK","Tokelau","Western Pacific",0,0,0,0
2021-12-31,"TK","Tokelau","Western Pacific",0,0,0,0
2022-01-01,"TK","Tokelau","Western Pacific",0,0,0,0
2022-01-02,"TK","Tokelau","Western Pacific",0,0,0,0
2022-01-03,"TK","Tokelau","Western Pacific",0,0,0,0
2022-01-04,"TK","Tokelau","Western Pacific",0,0,0,0
2022-01-05,"TK","Tokelau","Western Pacific",0,0,0,0
2022-01-06,"TK","Tokelau","Western Pacific",0,0,0,0
2022-01-07,"TK","Tokelau","Western Pacific",0,0,0,0
2022-01-08,"TK","Tokelau","Western Pacific",0,0,0,0
2022-01-09,"TK","Tokelau","Western Pacific",0,0,0,0
2022-01-10,"TK","Tokelau","Western Pacific",0,0,0,0
2022-01-11,"TK","Tokelau","Western Pacific",0,0,0,0
2022-01-12,"TK","Tokelau","Western Pacific",0,0,0,0
2022-01-13,"TK","Tokelau","Western Pacific",0,0,0,0
2022-01-14,"TK","Tokelau","Western Pacific",0,0,0,0
2022-01-15,"TK","Tokelau","Western Pacific",0,0,0,0
2022-01-16,"TK","Tokelau","Western Pacific",0,0,0,0
2022-01-17,"TK","Tokelau","Western Pacific",0,0,0,0
2022-01-18,"TK","Tokelau","Western Pacific",0,0,0,0
2022-01-19,"TK","Tokelau","Western Pacific",0,0,0,0
2022-01-20,"TK","Tokelau","Western Pacific",0,0,0,0
2022-01-21,"TK","Tokelau","Western Pacific",0,0,0,0
2022-01-22,"TK","Tokelau","Western Pacific",0,0,0,0
2022-01-23,"TK","Tokelau","Western Pacific",0,0,0,0
2022-01-24,"TK","Tokelau","Western Pacific",0,0,0,0
2022-01-25,"TK","Tokelau","Western Pacific",0,0,0,0
2022-01-26,"TK","Tokelau","Western Pacific",0,0,0,0
2022-01-27,"TK","Tokelau","Western Pacific",0,0,0,0
2022-01-28,"TK","Tokelau","Western Pacific",0,0,0,0
2022-01-29,"TK","Tokelau","Western Pacific",0,0,0,0
2022-01-30,"TK","Tokelau","Western Pacific",0,0,0,0
2022-01-31,"TK","Tokelau","Western Pacific",0,0,0,0
2022-02-01,"TK","Tokelau","Western Pacific",0,0,0,0
2022-02-02,"TK","Tokelau","Western Pacific",0,0,0,0
2022-02-03,"TK","Tokelau","Western Pacific",0,0,0,0
2022-02-04,"TK","Tokelau","Western Pacific",0,0,0,0
2022-02-05,"TK","Tokelau","Western Pacific",0,0,0,0
2022-02-06,"TK","Tokelau","Western Pacific",0,0,0,0
2022-02-07,"TK","Tokelau","Western Pacific",0,0,0,0
2022-02-08,"TK","Tokelau","Western Pacific",0,0,0,0
2022-02-09,"TK","Tokelau","Western Pacific",0,0,0,0
2022-02-10,"TK","Tokelau","Western Pacific",0,0,0,0
2022-02-11,"TK","Tokelau","Western Pacific",0,0,0,0
2022-02-12,"TK","Tokelau","Western Pacific",0,0,0,0
2022-02-13,"TK","Tokelau","Western Pacific",0,0,0,0
2022-02-14,"TK","Tokelau","Western Pacific",0,0,0,0
2022-02-15,"TK","Tokelau","Western Pacific",0,0,0,0
2022-02-16,"TK","Tokelau","Western Pacific",0,0,0,0
2022-02-17,"TK","Tokelau","Western Pacific",0,0,0,0
2022-02-18,"TK","Tokelau","Western Pacific",0,0,0,0
2022-02-19,"TK","Tokelau","Western Pacific",0,0,0,0
2022-02-20,"TK","Tokelau","Western Pacific",0,0,0,0
2022-02-21,"TK","Tokelau","Western Pacific",0,0,0,0
2022-02-22,"TK","Tokelau","Western Pacific",0,0,0,0
2022-02-23,"TK","Tokelau","Western Pacific",0,0,0,0
2022-02-24,"TK","Tokelau","Western Pacific",0,0,0,0
2022-02-25,"TK","Tokelau","Western Pacific",0,0,0,0
2022-02-26,"TK","Tokelau","Western Pacific",0,0,0,0
2022-02-27,"TK","Tokelau","Western Pacific",0,0,0,0
2022-02-28,"TK","Tokelau","Western Pacific",0,0,0,0
2022-03-01,"TK","Tokelau","Western Pacific",0,0,0,0
2022-03-02,"TK","Tokelau","Western Pacific",0,0,0,0
2022-03-03,"TK","Tokelau","Western Pacific",0,0,0,0
2022-03-04,"TK","Tokelau","Western Pacific",0,0,0,0
2022-03-05,"TK","Tokelau","Western Pacific",0,0,0,0
2022-03-06,"TK","Tokelau","Western Pacific",0,0,0,0
2021-12-06,"TO","Tonga","Western Pacific",0,1,0,0
2021-12-07,"TO","Tonga","Western Pacific",0,1,0,0
2021-12-08,"TO","Tonga","Western Pacific",0,1,0,0
2021-12-09,"TO","Tonga","Western Pacific",0,1,0,0
2021-12-10,"TO","Tonga","Western Pacific",0,1,0,0
2021-12-11,"TO","Tonga","Western Pacific",0,1,0,0
2021-12-12,"TO","Tonga","Western Pacific",0,1,0,0
2021-12-13,"TO","Tonga","Western Pacific",0,1,0,0
2021-12-14,"TO","Tonga","Western Pacific",0,1,0,0
2021-12-15,"TO","Tonga","Western Pacific",0,1,0,0
2021-12-16,"TO","Tonga","Western Pacific",0,1,0,0
2021-12-17,"TO","Tonga","Western Pacific",0,1,0,0
2021-12-18,"TO","Tonga","Western Pacific",0,1,0,0
2021-12-19,"TO","Tonga","Western Pacific",0,1,0,0
2021-12-20,"TO","Tonga","Western Pacific",0,1,0,0
2021-12-21,"TO","Tonga","Western Pacific",0,1,0,0
2021-12-22,"TO","Tonga","Western Pacific",0,1,0,0
2021-12-23,"TO","Tonga","Western Pacific",0,1,0,0
2021-12-24,"TO","Tonga","Western Pacific",0,1,0,0
2021-12-25,"TO","Tonga","Western Pacific",0,1,0,0
2021-12-26,"TO","Tonga","Western Pacific",0,1,0,0
2021-12-27,"TO","Tonga","Western Pacific",0,1,0,0
2021-12-28,"TO","Tonga","Western Pacific",0,1,0,0
2021-12-29,"TO","Tonga","Western Pacific",0,1,0,0
2021-12-30,"TO","Tonga","Western Pacific",0,1,0,0
2021-12-31,"TO","Tonga","Western Pacific",0,1,0,0
2022-01-01,"TO","Tonga","Western Pacific",0,1,0,0
2022-01-02,"TO","Tonga","Western Pacific",0,1,0,0
2022-01-03,"TO","Tonga","Western Pacific",0,1,0,0
2022-01-04,"TO","Tonga","Western Pacific",0,1,0,0
2022-01-05,"TO","Tonga","Western Pacific",0,1,0,0
2022-01-06,"TO","Tonga","Western Pacific",0,1,0,0
2022-01-07,"TO","Tonga","Western Pacific",0,1,0,0
2022-01-08,"TO","Tonga","Western Pacific",0,1,0,0
2022-01-09,"TO","Tonga","Western Pacific",0,1,0,0
2022-01-10,"TO","Tonga","Western Pacific",0,1,0,0
2022-01-11,"TO","Tonga","Western Pacific",0,1,0,0
2022-01-12,"TO","Tonga","Western Pacific",0,1,0,0
2022-01-13,"TO","Tonga","Western Pacific",0,1,0,0
2022-01-14,"TO","Tonga","Western Pacific",0,1,0,0
2022-01-15,"TO","Tonga","Western Pacific",0,1,0,0
2022-01-16,"TO","Tonga","Western Pacific",0,1,0,0
2022-01-17,"TO","Tonga","Western Pacific",0,1,0,0
2022-01-18,"TO","Tonga","Western Pacific",0,1,0,0
2022-01-19,"TO","Tonga","Western Pacific",0,1,0,0
2022-01-20,"TO","Tonga","Western Pacific",0,1,0,0
2022-01-21,"TO","Tonga","Western Pacific",0,1,0,0
2022-01-22,"TO","Tonga","Western Pacific",0,1,0,0
2022-01-23,"TO","Tonga","Western Pacific",0,1,0,0
2022-01-24,"TO","Tonga","Western Pacific",0,1,0,0
2022-01-25,"TO","Tonga","Western Pacific",0,1,0,0
2022-01-26,"TO","Tonga","Western Pacific",0,1,0,0
2022-01-27,"TO","Tonga","Western Pacific",0,1,0,0
2022-01-28,"TO","Tonga","Western Pacific",0,1,0,0
2022-01-29,"TO","Tonga","Western Pacific",0,1,0,0
2022-01-30,"TO","Tonga","Western Pacific",0,1,0,0
2022-01-31,"TO","Tonga","Western Pacific",0,1,0,0
2022-02-01,"TO","Tonga","Western Pacific",1,2,0,0
2022-02-02,"TO","Tonga","Western Pacific",3,5,0,0
2022-02-03,"TO","Tonga","Western Pacific",1,6,0,0
2022-02-04,"TO","Tonga","Western Pacific",1,7,0,0
2022-02-05,"TO","Tonga","Western Pacific",1,8,0,0
2022-02-06,"TO","Tonga","Western Pacific",3,11,0,0
2022-02-07,"TO","Tonga","Western Pacific",10,21,0,0
2022-02-08,"TO","Tonga","Western Pacific",13,34,0,0
2022-02-09,"TO","Tonga","Western Pacific",14,48,0,0
2022-02-10,"TO","Tonga","Western Pacific",18,66,0,0
2022-02-11,"TO","Tonga","Western Pacific",7,73,0,0
2022-02-12,"TO","Tonga","Western Pacific",0,73,0,0
2022-02-13,"TO","Tonga","Western Pacific",0,73,0,0
2022-02-14,"TO","Tonga","Western Pacific",68,141,0,0
2022-02-15,"TO","Tonga","Western Pacific",0,141,0,0
2022-02-16,"TO","Tonga","Western Pacific",0,141,0,0
2022-02-17,"TO","Tonga","Western Pacific",0,141,0,0
2022-02-18,"TO","Tonga","Western Pacific",69,210,0,0
2022-02-19,"TO","Tonga","Western Pacific",0,210,0,0
2022-02-20,"TO","Tonga","Western Pacific",-1,209,0,0
2022-02-21,"TO","Tonga","Western Pacific",22,231,0,0
2022-02-22,"TO","Tonga","Western Pacific",23,254,0,0
2022-02-23,"TO","Tonga","Western Pacific",15,269,0,0
2022-02-24,"TO","Tonga","Western Pacific",18,287,0,0
2022-02-25,"TO","Tonga","Western Pacific",0,287,0,0
2022-02-26,"TO","Tonga","Western Pacific",68,355,0,0
2022-02-27,"TO","Tonga","Western Pacific",0,355,0,0
2022-02-28,"TO","Tonga","Western Pacific",0,355,0,0
2022-03-01,"TO","Tonga","Western Pacific",0,355,0,0
2022-03-02,"TO","Tonga","Western Pacific",0,355,0,0
2022-03-03,"TO","Tonga","Western Pacific",0,355,0,0
2022-03-04,"TO","Tonga","Western Pacific",280,635,0,0
2022-03-05,"TO","Tonga","Western Pacific",0,635,0,0
2022-03-06,"TO","Tonga","Western Pacific",0,635,0,0
2021-12-06,"TT","Trinidad and Tobago","Americas",774,74533,21,2236
2021-12-07,"TT","Trinidad and Tobago","Americas",601,75134,26,2262
2021-12-08,"TT","Trinidad and Tobago","Americas",801,75935,19,2281
2021-12-09,"TT","Trinidad and Tobago","Americas",666,76601,22,2303
2021-12-10,"TT","Trinidad and Tobago","Americas",881,77482,17,2320
2021-12-11,"TT","Trinidad and Tobago","Americas",857,78339,16,2336
2021-12-12,"TT","Trinidad and Tobago","Americas",898,79237,25,2361
2021-12-13,"TT","Trinidad and Tobago","Americas",812,80049,22,2383
2021-12-14,"TT","Trinidad and Tobago","Americas",558,80607,24,2407
2021-12-15,"TT","Trinidad and Tobago","Americas",464,81071,22,2429
2021-12-16,"TT","Trinidad and Tobago","Americas",786,81857,25,2454
2021-12-17,"TT","Trinidad and Tobago","Americas",706,82563,32,2486
2021-12-18,"TT","Trinidad and Tobago","Americas",567,83130,17,2503
2021-12-19,"TT","Trinidad and Tobago","Americas",1663,84793,57,2560
2021-12-20,"TT","Trinidad and Tobago","Americas",0,84793,0,2560
2021-12-21,"TT","Trinidad and Tobago","Americas",629,85422,20,2580
2021-12-22,"TT","Trinidad and Tobago","Americas",451,85873,32,2612
2021-12-23,"TT","Trinidad and Tobago","Americas",723,86596,27,2639
2021-12-24,"TT","Trinidad and Tobago","Americas",456,87052,23,2662
2021-12-25,"TT","Trinidad and Tobago","Americas",1892,88944,56,2718
2021-12-26,"TT","Trinidad and Tobago","Americas",0,88944,0,2718
2021-12-27,"TT","Trinidad and Tobago","Americas",420,89364,20,2738
2021-12-28,"TT","Trinidad and Tobago","Americas",465,89829,30,2768
2021-12-29,"TT","Trinidad and Tobago","Americas",175,90004,25,2793
2021-12-30,"TT","Trinidad and Tobago","Americas",360,90364,16,2809
2021-12-31,"TT","Trinidad and Tobago","Americas",465,90829,16,2825
2022-01-01,"TT","Trinidad and Tobago","Americas",491,91320,25,2850
2022-01-02,"TT","Trinidad and Tobago","Americas",579,91899,19,2869
2022-01-03,"TT","Trinidad and Tobago","Americas",760,92659,45,2914
2022-01-04,"TT","Trinidad and Tobago","Americas",338,92997,22,2936
2022-01-05,"TT","Trinidad and Tobago","Americas",0,92997,0,2936
2022-01-06,"TT","Trinidad and Tobago","Americas",637,93634,15,2951
2022-01-07,"TT","Trinidad and Tobago","Americas",579,94213,22,2973
2022-01-08,"TT","Trinidad and Tobago","Americas",1857,96070,37,3010
2022-01-09,"TT","Trinidad and Tobago","Americas",485,96555,37,3047
2022-01-10,"TT","Trinidad and Tobago","Americas",0,96555,0,3047
2022-01-11,"TT","Trinidad and Tobago","Americas",397,96952,19,3066
2022-01-12,"TT","Trinidad and Tobago","Americas",402,97354,16,3082
2022-01-13,"TT","Trinidad and Tobago","Americas",543,97897,20,3102
2022-01-14,"TT","Trinidad and Tobago","Americas",1030,98927,32,3134
2022-01-15,"TT","Trinidad and Tobago","Americas",0,98927,0,3134
2022-01-16,"TT","Trinidad and Tobago","Americas",853,99780,22,3156
2022-01-17,"TT","Trinidad and Tobago","Americas",810,100590,24,3180
2022-01-18,"TT","Trinidad and Tobago","Americas",404,100994,17,3197
2022-01-19,"TT","Trinidad and Tobago","Americas",382,101376,11,3208
2022-01-20,"TT","Trinidad and Tobago","Americas",648,102024,16,3224
2022-01-21,"TT","Trinidad and Tobago","Americas",918,102942,14,3238
2022-01-22,"TT","Trinidad and Tobago","Americas",1063,104005,18,3256
2022-01-23,"TT","Trinidad and Tobago","Americas",1964,105969,30,3286
2022-01-24,"TT","Trinidad and Tobago","Americas",0,105969,0,3286
2022-01-25,"TT","Trinidad and Tobago","Americas",448,106417,16,3302
2022-01-26,"TT","Trinidad and Tobago","Americas",389,106806,18,3320
2022-01-27,"TT","Trinidad and Tobago","Americas",602,107408,15,3335
2022-01-28,"TT","Trinidad and Tobago","Americas",680,108088,12,3347
2022-01-29,"TT","Trinidad and Tobago","Americas",804,108892,11,3358
2022-01-30,"TT","Trinidad and Tobago","Americas",1849,110741,23,3381
2022-01-31,"TT","Trinidad and Tobago","Americas",449,111190,14,3395
2022-02-01,"TT","Trinidad and Tobago","Americas",359,111549,9,3404
2022-02-02,"TT","Trinidad and Tobago","Americas",470,112019,8,3412
2022-02-03,"TT","Trinidad and Tobago","Americas",660,112679,11,3423
2022-02-04,"TT","Trinidad and Tobago","Americas",638,113317,10,3433
2022-02-05,"TT","Trinidad and Tobago","Americas",0,113317,0,3433
2022-02-06,"TT","Trinidad and Tobago","Americas",581,113898,15,3448
2022-02-07,"TT","Trinidad and Tobago","Americas",867,114765,6,3454
2022-02-08,"TT","Trinidad and Tobago","Americas",505,115270,6,3460
2022-02-09,"TT","Trinidad and Tobago","Americas",573,115843,7,3467
2022-02-10,"TT","Trinidad and Tobago","Americas",926,116769,19,3486
2022-02-11,"TT","Trinidad and Tobago","Americas",756,117525,9,3495
2022-02-12,"TT","Trinidad and Tobago","Americas",738,118263,6,3501
2022-02-13,"TT","Trinidad and Tobago","Americas",963,119226,6,3507
2022-02-14,"TT","Trinidad and Tobago","Americas",777,120003,12,3519
2022-02-15,"TT","Trinidad and Tobago","Americas",382,120385,7,3526
2022-02-16,"TT","Trinidad and Tobago","Americas",510,120895,5,3531
2022-02-17,"TT","Trinidad and Tobago","Americas",376,121271,4,3535
2022-02-18,"TT","Trinidad and Tobago","Americas",822,122093,14,3549
2022-02-19,"TT","Trinidad and Tobago","Americas",624,122717,4,3553
2022-02-20,"TT","Trinidad and Tobago","Americas",440,123157,9,3562
2022-02-21,"TT","Trinidad and Tobago","Americas",564,123721,5,3567
2022-02-22,"TT","Trinidad and Tobago","Americas",355,124076,7,3574
2022-02-23,"TT","Trinidad and Tobago","Americas",412,124488,8,3582
2022-02-24,"TT","Trinidad and Tobago","Americas",722,125210,14,3596
2022-02-25,"TT","Trinidad and Tobago","Americas",654,125864,7,3603
2022-02-26,"TT","Trinidad and Tobago","Americas",638,126502,5,3608
2022-02-27,"TT","Trinidad and Tobago","Americas",432,126934,9,3617
2022-02-28,"TT","Trinidad and Tobago","Americas",470,127404,5,3622
2022-03-01,"TT","Trinidad and Tobago","Americas",363,127767,6,3628
2022-03-02,"TT","Trinidad and Tobago","Americas",0,127767,0,3628
2022-03-03,"TT","Trinidad and Tobago","Americas",378,128145,4,3632
2022-03-04,"TT","Trinidad and Tobago","Americas",546,128691,5,3637
2022-03-05,"TT","Trinidad and Tobago","Americas",285,128976,5,3642
2022-03-06,"TT","Trinidad and Tobago","Americas",987,129963,10,3652
2021-12-06,"TN","Tunisia","Eastern Mediterranean",165,718443,3,25401
2021-12-07,"TN","Tunisia","Eastern Mediterranean",55,718498,2,25403
2021-12-08,"TN","Tunisia","Eastern Mediterranean",198,718696,4,25407
2021-12-09,"TN","Tunisia","Eastern Mediterranean",170,718866,6,25413
2021-12-10,"TN","Tunisia","Eastern Mediterranean",140,719006,3,25416
2021-12-11,"TN","Tunisia","Eastern Mediterranean",241,719247,3,25419
2021-12-12,"TN","Tunisia","Eastern Mediterranean",187,719434,8,25427
2021-12-13,"TN","Tunisia","Eastern Mediterranean",152,719586,5,25432
2021-12-14,"TN","Tunisia","Eastern Mediterranean",76,719662,5,25437
2021-12-15,"TN","Tunisia","Eastern Mediterranean",241,719903,6,25443
2021-12-16,"TN","Tunisia","Eastern Mediterranean",240,720143,2,25445
2021-12-17,"TN","Tunisia","Eastern Mediterranean",375,720518,5,25450
2021-12-18,"TN","Tunisia","Eastern Mediterranean",202,720720,5,25455
2021-12-19,"TN","Tunisia","Eastern Mediterranean",133,720853,5,25460
2021-12-20,"TN","Tunisia","Eastern Mediterranean",178,721031,10,25470
2021-12-21,"TN","Tunisia","Eastern Mediterranean",72,721103,5,25475
2021-12-22,"TN","Tunisia","Eastern Mediterranean",347,721450,10,25485
2021-12-23,"TN","Tunisia","Eastern Mediterranean",347,721797,6,25491
2021-12-24,"TN","Tunisia","Eastern Mediterranean",326,722123,18,25509
2021-12-25,"TN","Tunisia","Eastern Mediterranean",320,722443,7,25516
2021-12-26,"TN","Tunisia","Eastern Mediterranean",352,722795,7,25523
2021-12-27,"TN","Tunisia","Eastern Mediterranean",298,723093,9,25532
2021-12-28,"TN","Tunisia","Eastern Mediterranean",329,723422,6,25538
2021-12-29,"TN","Tunisia","Eastern Mediterranean",670,724092,10,25548
2021-12-30,"TN","Tunisia","Eastern Mediterranean",588,724680,8,25556
2021-12-31,"TN","Tunisia","Eastern Mediterranean",1162,725842,8,25564
2022-01-01,"TN","Tunisia","Eastern Mediterranean",864,726706,5,25569
2022-01-02,"TN","Tunisia","Eastern Mediterranean",1137,727843,7,25576
2022-01-03,"TN","Tunisia","Eastern Mediterranean",417,728260,10,25586
2022-01-04,"TN","Tunisia","Eastern Mediterranean",542,728802,2,25588
2022-01-05,"TN","Tunisia","Eastern Mediterranean",2275,731077,18,25606
2022-01-06,"TN","Tunisia","Eastern Mediterranean",2302,733379,11,25617
2022-01-07,"TN","Tunisia","Eastern Mediterranean",2594,735973,13,25630
2022-01-08,"TN","Tunisia","Eastern Mediterranean",2469,738442,13,25643
2022-01-09,"TN","Tunisia","Eastern Mediterranean",2817,741259,12,25655
2022-01-10,"TN","Tunisia","Eastern Mediterranean",2579,743838,10,25665
2022-01-11,"TN","Tunisia","Eastern Mediterranean",1129,744967,5,25670
2022-01-12,"TN","Tunisia","Eastern Mediterranean",4865,749832,37,25707
2022-01-13,"TN","Tunisia","Eastern Mediterranean",6323,756155,24,25731
2022-01-14,"TN","Tunisia","Eastern Mediterranean",6562,762717,13,25744
2022-01-15,"TN","Tunisia","Eastern Mediterranean",8460,771177,11,25755
2022-01-16,"TN","Tunisia","Eastern Mediterranean",9569,780746,22,25777
2022-01-17,"TN","Tunisia","Eastern Mediterranean",7266,788012,26,25803
2022-01-18,"TN","Tunisia","Eastern Mediterranean",3905,791917,14,25817
2022-01-19,"TN","Tunisia","Eastern Mediterranean",12436,804353,29,25846
2022-01-20,"TN","Tunisia","Eastern Mediterranean",12698,817051,35,25881
2022-01-21,"TN","Tunisia","Eastern Mediterranean",9787,826838,31,25912
2022-01-22,"TN","Tunisia","Eastern Mediterranean",9892,836730,16,25928
2022-01-23,"TN","Tunisia","Eastern Mediterranean",10031,846761,26,25954
2022-01-24,"TN","Tunisia","Eastern Mediterranean",7144,853905,34,25988
2022-01-25,"TN","Tunisia","Eastern Mediterranean",2834,856739,11,25999
2022-01-26,"TN","Tunisia","Eastern Mediterranean",9706,866445,52,26051
2022-01-27,"TN","Tunisia","Eastern Mediterranean",9800,876245,45,26096
2022-01-28,"TN","Tunisia","Eastern Mediterranean",8343,884588,36,26132
2022-01-29,"TN","Tunisia","Eastern Mediterranean",8660,893248,38,26170
2022-01-30,"TN","Tunisia","Eastern Mediterranean",7859,901107,59,26229
2022-01-31,"TN","Tunisia","Eastern Mediterranean",6132,907239,42,26271
2022-02-01,"TN","Tunisia","Eastern Mediterranean",2574,909813,17,26288
2022-02-02,"TN","Tunisia","Eastern Mediterranean",8001,917814,74,26362
2022-02-03,"TN","Tunisia","Eastern Mediterranean",6561,924375,67,26429
2022-02-04,"TN","Tunisia","Eastern Mediterranean",5715,930090,67,26496
2022-02-05,"TN","Tunisia","Eastern Mediterranean",4622,934712,52,26548
2022-02-06,"TN","Tunisia","Eastern Mediterranean",5511,940223,64,26612
2022-02-07,"TN","Tunisia","Eastern Mediterranean",3952,944175,67,26679
2022-02-08,"TN","Tunisia","Eastern Mediterranean",1278,945453,14,26693
2022-02-09,"TN","Tunisia","Eastern Mediterranean",5122,950575,131,26824
2022-02-10,"TN","Tunisia","Eastern Mediterranean",4151,954726,65,26889
2022-02-11,"TN","Tunisia","Eastern Mediterranean",3823,958549,52,26941
2022-02-12,"TN","Tunisia","Eastern Mediterranean",3328,961877,63,27004
2022-02-13,"TN","Tunisia","Eastern Mediterranean",3080,964957,61,27065
2022-02-14,"TN","Tunisia","Eastern Mediterranean",2095,967052,54,27119
2022-02-15,"TN","Tunisia","Eastern Mediterranean",1341,968393,26,27145
2022-02-16,"TN","Tunisia","Eastern Mediterranean",3067,971460,88,27233
2022-02-17,"TN","Tunisia","Eastern Mediterranean",2754,974214,62,27295
2022-02-18,"TN","Tunisia","Eastern Mediterranean",6398,980612,80,27375
2022-02-19,"TN","Tunisia","Eastern Mediterranean",0,980612,0,27375
2022-02-20,"TN","Tunisia","Eastern Mediterranean",0,980612,0,27375
2022-02-21,"TN","Tunisia","Eastern Mediterranean",7717,988329,137,27512
2022-02-22,"TN","Tunisia","Eastern Mediterranean",2154,990483,80,27592
2022-02-23,"TN","Tunisia","Eastern Mediterranean",0,990483,0,27592
2022-02-24,"TN","Tunisia","Eastern Mediterranean",2091,992574,48,27640
2022-02-25,"TN","Tunisia","Eastern Mediterranean",1969,994543,28,27668
2022-02-26,"TN","Tunisia","Eastern Mediterranean",0,994543,0,27668
2022-02-27,"TN","Tunisia","Eastern Mediterranean",1170,995713,34,27702
2022-02-28,"TN","Tunisia","Eastern Mediterranean",2041,997754,71,27773
2022-03-01,"TN","Tunisia","Eastern Mediterranean",476,998230,11,27784
2022-03-02,"TN","Tunisia","Eastern Mediterranean",1211,999441,40,27824
2022-03-03,"TN","Tunisia","Eastern Mediterranean",1077,1000518,33,27857
2022-03-04,"TN","Tunisia","Eastern Mediterranean",1236,1001754,17,27874
2022-03-05,"TN","Tunisia","Eastern Mediterranean",1501,1003255,30,27904
2022-03-06,"TN","Tunisia","Eastern Mediterranean",1912,1005167,18,27922
2021-12-06,"TR","Turkey","Europe",19357,8901117,185,77830
2021-12-07,"TR","Turkey","Europe",20033,8921150,187,78017
2021-12-08,"TR","Turkey","Europe",22687,8943837,198,78215
2021-12-09,"TR","Turkey","Europe",20874,8964711,192,78407
2021-12-10,"TR","Turkey","Europe",19696,8984407,195,78602
2021-12-11,"TR","Turkey","Europe",18561,9002968,176,78778
2021-12-12,"TR","Turkey","Europe",19255,9022223,191,78969
2021-12-13,"TR","Turkey","Europe",17956,9040179,182,79151
2021-12-14,"TR","Turkey","Europe",18796,9058975,171,79322
2021-12-15,"TR","Turkey","Europe",21477,9080452,181,79503
2021-12-16,"TR","Turkey","Europe",19872,9100324,193,79696
2021-12-17,"TR","Turkey","Europe",18100,9118424,167,79863
2021-12-18,"TR","Turkey","Europe",18141,9136565,190,80053
2021-12-19,"TR","Turkey","Europe",17644,9154209,191,80244
2021-12-20,"TR","Turkey","Europe",16910,9171119,171,80415
2021-12-21,"TR","Turkey","Europe",18762,9189881,176,80591
2021-12-22,"TR","Turkey","Europe",19859,9209740,187,80778
2021-12-23,"TR","Turkey","Europe",19095,9228835,179,80957
2021-12-24,"TR","Turkey","Europe",18771,9247606,168,81125
2021-12-25,"TR","Turkey","Europe",18019,9265625,133,81258
2021-12-26,"TR","Turkey","Europe",20470,9286095,145,81403
2021-12-27,"TR","Turkey","Europe",20138,9306233,173,81576
2021-12-28,"TR","Turkey","Europe",26099,9332332,157,81733
2021-12-29,"TR","Turkey","Europe",32176,9364508,184,81917
2021-12-30,"TR","Turkey","Europe",36684,9401192,142,82059
2021-12-31,"TR","Turkey","Europe",39681,9440873,139,82198
2022-01-01,"TR","Turkey","Europe",40786,9481659,163,82361
2022-01-02,"TR","Turkey","Europe",36731,9518390,145,82506
2022-01-03,"TR","Turkey","Europe",33520,9551910,129,82635
2022-01-04,"TR","Turkey","Europe",44869,9596779,160,82795
2022-01-05,"TR","Turkey","Europe",54724,9651503,137,82932
2022-01-06,"TR","Turkey","Europe",66467,9717970,143,83075
2022-01-07,"TR","Turkey","Europe",68413,9786383,156,83231
2022-01-08,"TR","Turkey","Europe",63214,9849597,157,83388
2022-01-09,"TR","Turkey","Europe",66237,9915834,141,83529
2022-01-10,"TR","Turkey","Europe",61727,9977561,173,83702
2022-01-11,"TR","Turkey","Europe",65236,10042797,141,83843
2022-01-12,"TR","Turkey","Europe",74266,10117063,137,83980
2022-01-13,"TR","Turkey","Europe",77722,10194785,145,84125
2022-01-14,"TR","Turkey","Europe",75564,10270349,153,84278
2022-01-15,"TR","Turkey","Europe",67857,10338206,167,84445
2022-01-16,"TR","Turkey","Europe",63967,10402173,177,84622
2022-01-17,"TR","Turkey","Europe",54100,10456273,136,84758
2022-01-18,"TR","Turkey","Europe",64935,10521208,162,84920
2022-01-19,"TR","Turkey","Europe",69658,10590866,157,85077
2022-01-20,"TR","Turkey","Europe",72615,10663481,176,85253
2022-01-21,"TR","Turkey","Europe",71843,10735324,166,85419
2022-01-22,"TR","Turkey","Europe",72555,10807879,181,85600
2022-01-23,"TR","Turkey","Europe",72856,10880735,184,85784
2022-01-24,"TR","Turkey","Europe",65503,10946238,185,85969
2022-01-25,"TR","Turkey","Europe",67023,11013261,156,86125
2022-01-26,"TR","Turkey","Europe",76341,11089602,174,86299
2022-01-27,"TR","Turkey","Europe",77434,11167036,188,86487
2022-01-28,"TR","Turkey","Europe",82180,11249216,174,86661
2022-01-29,"TR","Turkey","Europe",93586,11342802,210,86871
2022-01-30,"TR","Turkey","Europe",94783,11437585,174,87045
2022-01-31,"TR","Turkey","Europe",88145,11525730,189,87234
2022-02-01,"TR","Turkey","Europe",93261,11618991,182,87416
2022-02-02,"TR","Turkey","Europe",102601,11721592,198,87614
2022-02-03,"TR","Turkey","Europe",110682,11832274,217,87831
2022-02-04,"TR","Turkey","Europe",107530,11939804,233,88064
2022-02-05,"TR","Turkey","Europe",111157,12050961,248,88312
2022-02-06,"TR","Turkey","Europe",98715,12149676,221,88533
2022-02-07,"TR","Turkey","Europe",87934,12237610,201,88734
2022-02-08,"TR","Turkey","Europe",96514,12334124,236,88970
2022-02-09,"TR","Turkey","Europe",111096,12445220,241,89211
2022-02-10,"TR","Turkey","Europe",108563,12553783,266,89477
2022-02-11,"TR","Turkey","Europe",98602,12652385,264,89741
2022-02-12,"TR","Turkey","Europe",95065,12747450,253,89994
2022-02-13,"TR","Turkey","Europe",86193,12833643,272,90266
2022-02-14,"TR","Turkey","Europe",73787,12907430,276,90542
2022-02-15,"TR","Turkey","Europe",76632,12984062,266,90808
2022-02-16,"TR","Turkey","Europe",94730,13078792,309,91117
2022-02-17,"TR","Turkey","Europe",94176,13172968,271,91388
2022-02-18,"TR","Turkey","Europe",92406,13265374,258,91646
2022-02-19,"TR","Turkey","Europe",87411,13352785,264,91910
2022-02-20,"TR","Turkey","Europe",80454,13433239,278,92188
2022-02-21,"TR","Turkey","Europe",70355,13503594,263,92451
2022-02-22,"TR","Turkey","Europe",85026,13588620,268,92719
2022-02-23,"TR","Turkey","Europe",86070,13674690,271,92990
2022-02-24,"TR","Turkey","Europe",86600,13761290,268,93258
2022-02-25,"TR","Turkey","Europe",79708,13840998,281,93539
2022-02-26,"TR","Turkey","Europe",71736,13912734,266,93805
2022-02-27,"TR","Turkey","Europe",61764,13974498,221,94026
2022-02-28,"TR","Turkey","Europe",49792,14024290,206,94232
2022-03-01,"TR","Turkey","Europe",64275,14088565,213,94445
2022-03-02,"TR","Turkey","Europe",59885,14148450,203,94648
2022-03-03,"TR","Turkey","Europe",56780,14205230,189,94837
2022-03-04,"TR","Turkey","Europe",49424,14254654,188,95025
2022-03-05,"TR","Turkey","Europe",38283,14292937,180,95205
2022-03-06,"TR","Turkey","Europe",32389,14325326,174,95379
2021-12-06,"TM","Turkmenistan","Europe",0,0,0,0
2021-12-07,"TM","Turkmenistan","Europe",0,0,0,0
2021-12-08,"TM","Turkmenistan","Europe",0,0,0,0
2021-12-09,"TM","Turkmenistan","Europe",0,0,0,0
2021-12-10,"TM","Turkmenistan","Europe",0,0,0,0
2021-12-11,"TM","Turkmenistan","Europe",0,0,0,0
2021-12-12,"TM","Turkmenistan","Europe",0,0,0,0
2021-12-13,"TM","Turkmenistan","Europe",0,0,0,0
2021-12-14,"TM","Turkmenistan","Europe",0,0,0,0
2021-12-15,"TM","Turkmenistan","Europe",0,0,0,0
2021-12-16,"TM","Turkmenistan","Europe",0,0,0,0
2021-12-17,"TM","Turkmenistan","Europe",0,0,0,0
2021-12-18,"TM","Turkmenistan","Europe",0,0,0,0
2021-12-19,"TM","Turkmenistan","Europe",0,0,0,0
2021-12-20,"TM","Turkmenistan","Europe",0,0,0,0
2021-12-21,"TM","Turkmenistan","Europe",0,0,0,0
2021-12-22,"TM","Turkmenistan","Europe",0,0,0,0
2021-12-23,"TM","Turkmenistan","Europe",0,0,0,0
2021-12-24,"TM","Turkmenistan","Europe",0,0,0,0
2021-12-25,"TM","Turkmenistan","Europe",0,0,0,0
2021-12-26,"TM","Turkmenistan","Europe",0,0,0,0
2021-12-27,"TM","Turkmenistan","Europe",0,0,0,0
2021-12-28,"TM","Turkmenistan","Europe",0,0,0,0
2021-12-29,"TM","Turkmenistan","Europe",0,0,0,0
2021-12-30,"TM","Turkmenistan","Europe",0,0,0,0
2021-12-31,"TM","Turkmenistan","Europe",0,0,0,0
2022-01-01,"TM","Turkmenistan","Europe",0,0,0,0
2022-01-02,"TM","Turkmenistan","Europe",0,0,0,0
2022-01-03,"TM","Turkmenistan","Europe",0,0,0,0
2022-01-04,"TM","Turkmenistan","Europe",0,0,0,0
2022-01-05,"TM","Turkmenistan","Europe",0,0,0,0
2022-01-06,"TM","Turkmenistan","Europe",0,0,0,0
2022-01-07,"TM","Turkmenistan","Europe",0,0,0,0
2022-01-08,"TM","Turkmenistan","Europe",0,0,0,0
2022-01-09,"TM","Turkmenistan","Europe",0,0,0,0
2022-01-10,"TM","Turkmenistan","Europe",0,0,0,0
2022-01-11,"TM","Turkmenistan","Europe",0,0,0,0
2022-01-12,"TM","Turkmenistan","Europe",0,0,0,0
2022-01-13,"TM","Turkmenistan","Europe",0,0,0,0
2022-01-14,"TM","Turkmenistan","Europe",0,0,0,0
2022-01-15,"TM","Turkmenistan","Europe",0,0,0,0
2022-01-16,"TM","Turkmenistan","Europe",0,0,0,0
2022-01-17,"TM","Turkmenistan","Europe",0,0,0,0
2022-01-18,"TM","Turkmenistan","Europe",0,0,0,0
2022-01-19,"TM","Turkmenistan","Europe",0,0,0,0
2022-01-20,"TM","Turkmenistan","Europe",0,0,0,0
2022-01-21,"TM","Turkmenistan","Europe",0,0,0,0
2022-01-22,"TM","Turkmenistan","Europe",0,0,0,0
2022-01-23,"TM","Turkmenistan","Europe",0,0,0,0
2022-01-24,"TM","Turkmenistan","Europe",0,0,0,0
2022-01-25,"TM","Turkmenistan","Europe",0,0,0,0
2022-01-26,"TM","Turkmenistan","Europe",0,0,0,0
2022-01-27,"TM","Turkmenistan","Europe",0,0,0,0
2022-01-28,"TM","Turkmenistan","Europe",0,0,0,0
2022-01-29,"TM","Turkmenistan","Europe",0,0,0,0
2022-01-30,"TM","Turkmenistan","Europe",0,0,0,0
2022-01-31,"TM","Turkmenistan","Europe",0,0,0,0
2022-02-01,"TM","Turkmenistan","Europe",0,0,0,0
2022-02-02,"TM","Turkmenistan","Europe",0,0,0,0
2022-02-03,"TM","Turkmenistan","Europe",0,0,0,0
2022-02-04,"TM","Turkmenistan","Europe",0,0,0,0
2022-02-05,"TM","Turkmenistan","Europe",0,0,0,0
2022-02-06,"TM","Turkmenistan","Europe",0,0,0,0
2022-02-07,"TM","Turkmenistan","Europe",0,0,0,0
2022-02-08,"TM","Turkmenistan","Europe",0,0,0,0
2022-02-09,"TM","Turkmenistan","Europe",0,0,0,0
2022-02-10,"TM","Turkmenistan","Europe",0,0,0,0
2022-02-11,"TM","Turkmenistan","Europe",0,0,0,0
2022-02-12,"TM","Turkmenistan","Europe",0,0,0,0
2022-02-13,"TM","Turkmenistan","Europe",0,0,0,0
2022-02-14,"TM","Turkmenistan","Europe",0,0,0,0
2022-02-15,"TM","Turkmenistan","Europe",0,0,0,0
2022-02-16,"TM","Turkmenistan","Europe",0,0,0,0
2022-02-17,"TM","Turkmenistan","Europe",0,0,0,0
2022-02-18,"TM","Turkmenistan","Europe",0,0,0,0
2022-02-19,"TM","Turkmenistan","Europe",0,0,0,0
2022-02-20,"TM","Turkmenistan","Europe",0,0,0,0
2022-02-21,"TM","Turkmenistan","Europe",0,0,0,0
2022-02-22,"TM","Turkmenistan","Europe",0,0,0,0
2022-02-23,"TM","Turkmenistan","Europe",0,0,0,0
2022-02-24,"TM","Turkmenistan","Europe",0,0,0,0
2022-02-25,"TM","Turkmenistan","Europe",0,0,0,0
2022-02-26,"TM","Turkmenistan","Europe",0,0,0,0
2022-02-27,"TM","Turkmenistan","Europe",0,0,0,0
2022-02-28,"TM","Turkmenistan","Europe",0,0,0,0
2022-03-01,"TM","Turkmenistan","Europe",0,0,0,0
2022-03-02,"TM","Turkmenistan","Europe",0,0,0,0
2022-03-03,"TM","Turkmenistan","Europe",0,0,0,0
2022-03-04,"TM","Turkmenistan","Europe",0,0,0,0
2022-03-05,"TM","Turkmenistan","Europe",0,0,0,0
2022-03-06,"TM","Turkmenistan","Europe",0,0,0,0
2021-12-06,"TC","Turks and Caicos Islands","Americas",0,3103,0,25
2021-12-07,"TC","Turks and Caicos Islands","Americas",4,3107,0,25
2021-12-08,"TC","Turks and Caicos Islands","Americas",0,3107,0,25
2021-12-09,"TC","Turks and Caicos Islands","Americas",3,3110,0,25
2021-12-10,"TC","Turks and Caicos Islands","Americas",4,3114,0,25
2021-12-11,"TC","Turks and Caicos Islands","Americas",5,3119,0,25
2021-12-12,"TC","Turks and Caicos Islands","Americas",11,3130,0,25
2021-12-13,"TC","Turks and Caicos Islands","Americas",7,3137,0,25
2021-12-14,"TC","Turks and Caicos Islands","Americas",0,3137,0,25
2021-12-15,"TC","Turks and Caicos Islands","Americas",0,3137,0,25
2021-12-16,"TC","Turks and Caicos Islands","Americas",4,3141,0,25
2021-12-17,"TC","Turks and Caicos Islands","Americas",10,3151,0,25
2021-12-18,"TC","Turks and Caicos Islands","Americas",7,3158,0,25
2021-12-19,"TC","Turks and Caicos Islands","Americas",5,3163,0,25
2021-12-20,"TC","Turks and Caicos Islands","Americas",0,3163,0,25
2021-12-21,"TC","Turks and Caicos Islands","Americas",9,3172,0,25
2021-12-22,"TC","Turks and Caicos Islands","Americas",0,3172,0,25
2021-12-23,"TC","Turks and Caicos Islands","Americas",6,3178,1,26
2021-12-24,"TC","Turks and Caicos Islands","Americas",30,3208,0,26
2021-12-25,"TC","Turks and Caicos Islands","Americas",11,3219,0,26
2021-12-26,"TC","Turks and Caicos Islands","Americas",16,3235,0,26
2021-12-27,"TC","Turks and Caicos Islands","Americas",41,3276,0,26
2021-12-28,"TC","Turks and Caicos Islands","Americas",0,3276,0,26
2021-12-29,"TC","Turks and Caicos Islands","Americas",7,3283,0,26
2021-12-30,"TC","Turks and Caicos Islands","Americas",0,3283,0,26
2021-12-31,"TC","Turks and Caicos Islands","Americas",0,3283,0,26
2022-01-01,"TC","Turks and Caicos Islands","Americas",1,3284,0,26
2022-01-02,"TC","Turks and Caicos Islands","Americas",124,3408,0,26
2022-01-03,"TC","Turks and Caicos Islands","Americas",152,3560,0,26
2022-01-04,"TC","Turks and Caicos Islands","Americas",2,3562,0,26
2022-01-05,"TC","Turks and Caicos Islands","Americas",0,3562,0,26
2022-01-06,"TC","Turks and Caicos Islands","Americas",0,3562,0,26
2022-01-07,"TC","Turks and Caicos Islands","Americas",0,3562,0,26
2022-01-08,"TC","Turks and Caicos Islands","Americas",193,3755,0,26
2022-01-09,"TC","Turks and Caicos Islands","Americas",125,3880,0,26
2022-01-10,"TC","Turks and Caicos Islands","Americas",127,4007,1,27
2022-01-11,"TC","Turks and Caicos Islands","Americas",4,4011,0,27
2022-01-12,"TC","Turks and Caicos Islands","Americas",83,4094,0,27
2022-01-13,"TC","Turks and Caicos Islands","Americas",388,4482,0,27
2022-01-14,"TC","Turks and Caicos Islands","Americas",154,4636,1,28
2022-01-15,"TC","Turks and Caicos Islands","Americas",95,4731,0,28
2022-01-16,"TC","Turks and Caicos Islands","Americas",225,4956,2,30
2022-01-17,"TC","Turks and Caicos Islands","Americas",69,5025,0,30
2022-01-18,"TC","Turks and Caicos Islands","Americas",85,5110,0,30
2022-01-19,"TC","Turks and Caicos Islands","Americas",0,5110,0,30
2022-01-20,"TC","Turks and Caicos Islands","Americas",85,5195,0,30
2022-01-21,"TC","Turks and Caicos Islands","Americas",76,5271,2,32
2022-01-22,"TC","Turks and Caicos Islands","Americas",171,5442,0,32
2022-01-23,"TC","Turks and Caicos Islands","Americas",82,5524,1,33
2022-01-24,"TC","Turks and Caicos Islands","Americas",46,5570,0,33
2022-01-25,"TC","Turks and Caicos Islands","Americas",0,5570,1,34
2022-01-26,"TC","Turks and Caicos Islands","Americas",0,5570,0,34
2022-01-27,"TC","Turks and Caicos Islands","Americas",63,5633,0,34
2022-01-28,"TC","Turks and Caicos Islands","Americas",26,5659,0,34
2022-01-29,"TC","Turks and Caicos Islands","Americas",19,5678,0,34
2022-01-30,"TC","Turks and Caicos Islands","Americas",14,5692,0,34
2022-01-31,"TC","Turks and Caicos Islands","Americas",35,5727,0,34
2022-02-01,"TC","Turks and Caicos Islands","Americas",0,5727,0,34
2022-02-02,"TC","Turks and Caicos Islands","Americas",0,5727,0,34
2022-02-03,"TC","Turks and Caicos Islands","Americas",18,5745,0,34
2022-02-04,"TC","Turks and Caicos Islands","Americas",25,5770,0,34
2022-02-05,"TC","Turks and Caicos Islands","Americas",4,5774,0,34
2022-02-06,"TC","Turks and Caicos Islands","Americas",4,5778,1,35
2022-02-07,"TC","Turks and Caicos Islands","Americas",9,5787,0,35
2022-02-08,"TC","Turks and Caicos Islands","Americas",2,5789,0,35
2022-02-09,"TC","Turks and Caicos Islands","Americas",0,5789,0,35
2022-02-10,"TC","Turks and Caicos Islands","Americas",17,5806,0,35
2022-02-11,"TC","Turks and Caicos Islands","Americas",0,5806,0,35
2022-02-12,"TC","Turks and Caicos Islands","Americas",7,5813,0,35
2022-02-13,"TC","Turks and Caicos Islands","Americas",10,5823,0,35
2022-02-14,"TC","Turks and Caicos Islands","Americas",5,5828,0,35
2022-02-15,"TC","Turks and Caicos Islands","Americas",0,5828,0,35
2022-02-16,"TC","Turks and Caicos Islands","Americas",0,5828,0,35
2022-02-17,"TC","Turks and Caicos Islands","Americas",4,5832,0,35
2022-02-18,"TC","Turks and Caicos Islands","Americas",4,5836,0,35
2022-02-19,"TC","Turks and Caicos Islands","Americas",3,5839,1,36
2022-02-20,"TC","Turks and Caicos Islands","Americas",4,5843,0,36
2022-02-21,"TC","Turks and Caicos Islands","Americas",3,5846,0,36
2022-02-22,"TC","Turks and Caicos Islands","Americas",0,5846,0,36
2022-02-23,"TC","Turks and Caicos Islands","Americas",0,5846,0,36
2022-02-24,"TC","Turks and Caicos Islands","Americas",2,5848,0,36
2022-02-25,"TC","Turks and Caicos Islands","Americas",7,5855,0,36
2022-02-26,"TC","Turks and Caicos Islands","Americas",0,5855,0,36
2022-02-27,"TC","Turks and Caicos Islands","Americas",0,5855,0,36
2022-02-28,"TC","Turks and Caicos Islands","Americas",0,5855,0,36
2022-03-01,"TC","Turks and Caicos Islands","Americas",12,5867,0,36
2022-03-02,"TC","Turks and Caicos Islands","Americas",0,5867,0,36
2022-03-03,"TC","Turks and Caicos Islands","Americas",0,5867,0,36
2022-03-04,"TC","Turks and Caicos Islands","Americas",0,5867,0,36
2022-03-05,"TC","Turks and Caicos Islands","Americas",0,5867,0,36
2022-03-06,"TC","Turks and Caicos Islands","Americas",0,5867,0,36
2021-12-06,"TV","Tuvalu","Western Pacific",0,0,0,0
2021-12-07,"TV","Tuvalu","Western Pacific",0,0,0,0
2021-12-08,"TV","Tuvalu","Western Pacific",0,0,0,0
2021-12-09,"TV","Tuvalu","Western Pacific",0,0,0,0
2021-12-10,"TV","Tuvalu","Western Pacific",0,0,0,0
2021-12-11,"TV","Tuvalu","Western Pacific",0,0,0,0
2021-12-12,"TV","Tuvalu","Western Pacific",0,0,0,0
2021-12-13,"TV","Tuvalu","Western Pacific",0,0,0,0
2021-12-14,"TV","Tuvalu","Western Pacific",0,0,0,0
2021-12-15,"TV","Tuvalu","Western Pacific",0,0,0,0
2021-12-16,"TV","Tuvalu","Western Pacific",0,0,0,0
2021-12-17,"TV","Tuvalu","Western Pacific",0,0,0,0
2021-12-18,"TV","Tuvalu","Western Pacific",0,0,0,0
2021-12-19,"TV","Tuvalu","Western Pacific",0,0,0,0
2021-12-20,"TV","Tuvalu","Western Pacific",0,0,0,0
2021-12-21,"TV","Tuvalu","Western Pacific",0,0,0,0
2021-12-22,"TV","Tuvalu","Western Pacific",0,0,0,0
2021-12-23,"TV","Tuvalu","Western Pacific",0,0,0,0
2021-12-24,"TV","Tuvalu","Western Pacific",0,0,0,0
2021-12-25,"TV","Tuvalu","Western Pacific",0,0,0,0
2021-12-26,"TV","Tuvalu","Western Pacific",0,0,0,0
2021-12-27,"TV","Tuvalu","Western Pacific",0,0,0,0
2021-12-28,"TV","Tuvalu","Western Pacific",0,0,0,0
2021-12-29,"TV","Tuvalu","Western Pacific",0,0,0,0
2021-12-30,"TV","Tuvalu","Western Pacific",0,0,0,0
2021-12-31,"TV","Tuvalu","Western Pacific",0,0,0,0
2022-01-01,"TV","Tuvalu","Western Pacific",0,0,0,0
2022-01-02,"TV","Tuvalu","Western Pacific",0,0,0,0
2022-01-03,"TV","Tuvalu","Western Pacific",0,0,0,0
2022-01-04,"TV","Tuvalu","Western Pacific",0,0,0,0
2022-01-05,"TV","Tuvalu","Western Pacific",0,0,0,0
2022-01-06,"TV","Tuvalu","Western Pacific",0,0,0,0
2022-01-07,"TV","Tuvalu","Western Pacific",0,0,0,0
2022-01-08,"TV","Tuvalu","Western Pacific",0,0,0,0
2022-01-09,"TV","Tuvalu","Western Pacific",0,0,0,0
2022-01-10,"TV","Tuvalu","Western Pacific",0,0,0,0
2022-01-11,"TV","Tuvalu","Western Pacific",0,0,0,0
2022-01-12,"TV","Tuvalu","Western Pacific",0,0,0,0
2022-01-13,"TV","Tuvalu","Western Pacific",0,0,0,0
2022-01-14,"TV","Tuvalu","Western Pacific",0,0,0,0
2022-01-15,"TV","Tuvalu","Western Pacific",0,0,0,0
2022-01-16,"TV","Tuvalu","Western Pacific",0,0,0,0
2022-01-17,"TV","Tuvalu","Western Pacific",0,0,0,0
2022-01-18,"TV","Tuvalu","Western Pacific",0,0,0,0
2022-01-19,"TV","Tuvalu","Western Pacific",0,0,0,0
2022-01-20,"TV","Tuvalu","Western Pacific",0,0,0,0
2022-01-21,"TV","Tuvalu","Western Pacific",0,0,0,0
2022-01-22,"TV","Tuvalu","Western Pacific",0,0,0,0
2022-01-23,"TV","Tuvalu","Western Pacific",0,0,0,0
2022-01-24,"TV","Tuvalu","Western Pacific",0,0,0,0
2022-01-25,"TV","Tuvalu","Western Pacific",0,0,0,0
2022-01-26,"TV","Tuvalu","Western Pacific",0,0,0,0
2022-01-27,"TV","Tuvalu","Western Pacific",0,0,0,0
2022-01-28,"TV","Tuvalu","Western Pacific",0,0,0,0
2022-01-29,"TV","Tuvalu","Western Pacific",0,0,0,0
2022-01-30,"TV","Tuvalu","Western Pacific",0,0,0,0
2022-01-31,"TV","Tuvalu","Western Pacific",0,0,0,0
2022-02-01,"TV","Tuvalu","Western Pacific",0,0,0,0
2022-02-02,"TV","Tuvalu","Western Pacific",0,0,0,0
2022-02-03,"TV","Tuvalu","Western Pacific",0,0,0,0
2022-02-04,"TV","Tuvalu","Western Pacific",0,0,0,0
2022-02-05,"TV","Tuvalu","Western Pacific",0,0,0,0
2022-02-06,"TV","Tuvalu","Western Pacific",0,0,0,0
2022-02-07,"TV","Tuvalu","Western Pacific",0,0,0,0
2022-02-08,"TV","Tuvalu","Western Pacific",0,0,0,0
2022-02-09,"TV","Tuvalu","Western Pacific",0,0,0,0
2022-02-10,"TV","Tuvalu","Western Pacific",0,0,0,0
2022-02-11,"TV","Tuvalu","Western Pacific",0,0,0,0
2022-02-12,"TV","Tuvalu","Western Pacific",0,0,0,0
2022-02-13,"TV","Tuvalu","Western Pacific",0,0,0,0
2022-02-14,"TV","Tuvalu","Western Pacific",0,0,0,0
2022-02-15,"TV","Tuvalu","Western Pacific",0,0,0,0
2022-02-16,"TV","Tuvalu","Western Pacific",0,0,0,0
2022-02-17,"TV","Tuvalu","Western Pacific",0,0,0,0
2022-02-18,"TV","Tuvalu","Western Pacific",0,0,0,0
2022-02-19,"TV","Tuvalu","Western Pacific",0,0,0,0
2022-02-20,"TV","Tuvalu","Western Pacific",0,0,0,0
2022-02-21,"TV","Tuvalu","Western Pacific",0,0,0,0
2022-02-22,"TV","Tuvalu","Western Pacific",0,0,0,0
2022-02-23,"TV","Tuvalu","Western Pacific",0,0,0,0
2022-02-24,"TV","Tuvalu","Western Pacific",0,0,0,0
2022-02-25,"TV","Tuvalu","Western Pacific",0,0,0,0
2022-02-26,"TV","Tuvalu","Western Pacific",0,0,0,0
2022-02-27,"TV","Tuvalu","Western Pacific",0,0,0,0
2022-02-28,"TV","Tuvalu","Western Pacific",0,0,0,0
2022-03-01,"TV","Tuvalu","Western Pacific",0,0,0,0
2022-03-02,"TV","Tuvalu","Western Pacific",0,0,0,0
2022-03-03,"TV","Tuvalu","Western Pacific",0,0,0,0
2022-03-04,"TV","Tuvalu","Western Pacific",0,0,0,0
2022-03-05,"TV","Tuvalu","Western Pacific",0,0,0,0
2022-03-06,"TV","Tuvalu","Western Pacific",0,0,0,0
2021-12-06,"UG","Uganda","Africa",34,127756,2,3256
2021-12-07,"UG","Uganda","Africa",19,127775,2,3258
2021-12-08,"UG","Uganda","Africa",47,127822,3,3261
2021-12-09,"UG","Uganda","Africa",41,127863,2,3263
2021-12-10,"UG","Uganda","Africa",81,127944,2,3265
2021-12-11,"UG","Uganda","Africa",36,127980,2,3267
2021-12-12,"UG","Uganda","Africa",60,128040,1,3268
2021-12-13,"UG","Uganda","Africa",60,128100,1,3269
2021-12-14,"UG","Uganda","Africa",87,128187,0,3269
2021-12-15,"UG","Uganda","Africa",92,128279,0,3269
2021-12-16,"UG","Uganda","Africa",90,128369,2,3271
2021-12-17,"UG","Uganda","Africa",209,128578,1,3272
2021-12-18,"UG","Uganda","Africa",255,128833,0,3272
2021-12-19,"UG","Uganda","Africa",297,129130,0,3272
2021-12-20,"UG","Uganda","Africa",0,129130,0,3272
2021-12-21,"UG","Uganda","Africa",546,129676,2,3274
2021-12-22,"UG","Uganda","Africa",502,130178,0,3274
2021-12-23,"UG","Uganda","Africa",0,130178,0,3274
2021-12-24,"UG","Uganda","Africa",0,130178,0,3274
2021-12-25,"UG","Uganda","Africa",3054,133232,0,3274
2021-12-26,"UG","Uganda","Africa",0,133232,0,3274
2021-12-27,"UG","Uganda","Africa",1859,135091,6,3280
2021-12-28,"UG","Uganda","Africa",974,136065,5,3285
2021-12-29,"UG","Uganda","Africa",1272,137337,2,3287
2021-12-30,"UG","Uganda","Africa",1809,139146,4,3291
2021-12-31,"UG","Uganda","Africa",1658,140804,3,3294
2022-01-01,"UG","Uganda","Africa",0,140804,0,3294
2022-01-02,"UG","Uganda","Africa",3803,144607,8,3302
2022-01-03,"UG","Uganda","Africa",1423,146030,4,3306
2022-01-04,"UG","Uganda","Africa",813,146843,6,3312
2022-01-05,"UG","Uganda","Africa",1766,148609,1,3313
2022-01-06,"UG","Uganda","Africa",1759,150368,12,3325
2022-01-07,"UG","Uganda","Africa",0,150368,0,3325
2022-01-08,"UG","Uganda","Africa",1461,151829,8,3333
2022-01-09,"UG","Uganda","Africa",2000,153829,6,3339
2022-01-10,"UG","Uganda","Africa",749,154578,18,3357
2022-01-11,"UG","Uganda","Africa",865,155443,4,3361
2022-01-12,"UG","Uganda","Africa",670,156113,9,3370
2022-01-13,"UG","Uganda","Africa",591,156704,8,3378
2022-01-14,"UG","Uganda","Africa",523,157227,7,3385
2022-01-15,"UG","Uganda","Africa",594,157821,9,3394
2022-01-16,"UG","Uganda","Africa",484,158305,17,3411
2022-01-17,"UG","Uganda","Africa",438,158743,13,3424
2022-01-18,"UG","Uganda","Africa",0,158743,0,3424
2022-01-19,"UG","Uganda","Africa",527,159270,25,3449
2022-01-20,"UG","Uganda","Africa",251,159521,10,3459
2022-01-21,"UG","Uganda","Africa",286,159807,4,3463
2022-01-22,"UG","Uganda","Africa",0,159807,0,3463
2022-01-23,"UG","Uganda","Africa",612,160419,16,3479
2022-01-24,"UG","Uganda","Africa",0,160419,0,3479
2022-01-25,"UG","Uganda","Africa",359,160778,18,3497
2022-01-26,"UG","Uganda","Africa",196,160974,10,3507
2022-01-27,"UG","Uganda","Africa",285,161259,8,3515
2022-01-28,"UG","Uganda","Africa",162,161421,7,3522
2022-01-29,"UG","Uganda","Africa",149,161570,6,3528
2022-01-30,"UG","Uganda","Africa",0,161570,0,3528
2022-01-31,"UG","Uganda","Africa",269,161839,5,3533
2022-02-01,"UG","Uganda","Africa",90,161929,5,3538
2022-02-02,"UG","Uganda","Africa",78,162007,7,3545
2022-02-03,"UG","Uganda","Africa",0,162007,0,3545
2022-02-04,"UG","Uganda","Africa",196,162203,9,3554
2022-02-05,"UG","Uganda","Africa",0,162203,0,3554
2022-02-06,"UG","Uganda","Africa",137,162340,8,3562
2022-02-07,"UG","Uganda","Africa",35,162375,4,3566
2022-02-08,"UG","Uganda","Africa",67,162442,2,3568
2022-02-09,"UG","Uganda","Africa",68,162510,2,3570
2022-02-10,"UG","Uganda","Africa",49,162559,2,3572
2022-02-11,"UG","Uganda","Africa",80,162639,3,3575
2022-02-12,"UG","Uganda","Africa",0,162639,0,3575
2022-02-13,"UG","Uganda","Africa",124,162763,2,3577
2022-02-14,"UG","Uganda","Africa",59,162822,2,3579
2022-02-15,"UG","Uganda","Africa",47,162869,1,3580
2022-02-16,"UG","Uganda","Africa",63,162932,2,3582
2022-02-17,"UG","Uganda","Africa",0,162932,0,3582
2022-02-18,"UG","Uganda","Africa",108,163040,1,3583
2022-02-19,"UG","Uganda","Africa",31,163071,1,3584
2022-02-20,"UG","Uganda","Africa",28,163099,1,3585
2022-02-21,"UG","Uganda","Africa",17,163116,0,3585
2022-02-22,"UG","Uganda","Africa",22,163138,0,3585
2022-02-23,"UG","Uganda","Africa",14,163152,0,3585
2022-02-24,"UG","Uganda","Africa",27,163179,0,3585
2022-02-25,"UG","Uganda","Africa",52,163231,0,3585
2022-02-26,"UG","Uganda","Africa",0,163231,0,3585
2022-02-27,"UG","Uganda","Africa",0,163231,0,3585
2022-02-28,"UG","Uganda","Africa",76,163307,3,3588
2022-03-01,"UG","Uganda","Africa",61,163368,0,3588
2022-03-02,"UG","Uganda","Africa",15,163383,0,3588
2022-03-03,"UG","Uganda","Africa",0,163383,0,3588
2022-03-04,"UG","Uganda","Africa",0,163383,0,3588
2022-03-05,"UG","Uganda","Africa",0,163383,0,3588
2022-03-06,"UG","Uganda","Africa",0,163383,0,3588
2021-12-06,"UA","Ukraine","Europe",4478,3501955,240,88520
2021-12-07,"UA","Ukraine","Europe",8655,3510610,466,88986
2021-12-08,"UA","Ukraine","Europe",9371,3519981,450,89436
2021-12-09,"UA","Ukraine","Europe",12376,3532357,465,89901
2021-12-10,"UA","Ukraine","Europe",11327,3543684,442,90343
2021-12-11,"UA","Ukraine","Europe",10133,3553817,446,90789
2021-12-12,"UA","Ukraine","Europe",5275,3559092,238,91027
2021-12-13,"UA","Ukraine","Europe",4073,3563165,188,91215
2021-12-14,"UA","Ukraine","Europe",7283,3570448,387,91602
2021-12-15,"UA","Ukraine","Europe",8109,3578557,356,91958
2021-12-16,"UA","Ukraine","Europe",9590,3588147,355,92313
2021-12-17,"UA","Ukraine","Europe",8899,3597046,328,92641
2021-12-18,"UA","Ukraine","Europe",7503,3604549,288,92929
2021-12-19,"UA","Ukraine","Europe",3602,3608151,176,93105
2021-12-20,"UA","Ukraine","Europe",2536,3610687,157,93262
2021-12-21,"UA","Ukraine","Europe",6029,3616716,346,93608
2021-12-22,"UA","Ukraine","Europe",6363,3623079,301,93909
2021-12-23,"UA","Ukraine","Europe",7312,3630391,275,94184
2021-12-24,"UA","Ukraine","Europe",6647,3637038,248,94432
2021-12-25,"UA","Ukraine","Europe",5276,3642314,268,94700
2021-12-26,"UA","Ukraine","Europe",2810,3645124,138,94838
2021-12-27,"UA","Ukraine","Europe",1864,3646988,133,94971
2021-12-28,"UA","Ukraine","Europe",2248,3649236,134,95105
2021-12-29,"UA","Ukraine","Europe",5454,3654690,307,95412
2021-12-30,"UA","Ukraine","Europe",5930,3660620,278,95690
2021-12-31,"UA","Ukraine","Europe",7029,3667649,209,95899
2022-01-01,"UA","Ukraine","Europe",5026,3672675,190,96089
2022-01-02,"UA","Ukraine","Europe",1863,3674538,98,96187
2022-01-03,"UA","Ukraine","Europe",1804,3676342,114,96301
2022-01-04,"UA","Ukraine","Europe",1746,3678088,135,96436
2022-01-05,"UA","Ukraine","Europe",4571,3682659,273,96709
2022-01-06,"UA","Ukraine","Europe",6632,3689291,187,96896
2022-01-07,"UA","Ukraine","Europe",7177,3696468,192,97088
2022-01-08,"UA","Ukraine","Europe",3195,3699663,76,97164
2022-01-09,"UA","Ukraine","Europe",2810,3702473,75,97239
2022-01-10,"UA","Ukraine","Europe",1969,3704442,86,97325
2022-01-11,"UA","Ukraine","Europe",5429,3709871,219,97544
2022-01-12,"UA","Ukraine","Europe",7117,3716988,193,97737
2022-01-13,"UA","Ukraine","Europe",10046,3727034,191,97928
2022-01-14,"UA","Ukraine","Europe",10476,3737510,140,98068
2022-01-15,"UA","Ukraine","Europe",10569,3748079,127,98195
2022-01-16,"UA","Ukraine","Europe",6379,3754458,88,98283
2022-01-17,"UA","Ukraine","Europe",5072,3759530,78,98361
2022-01-18,"UA","Ukraine","Europe",8558,3768088,188,98549
2022-01-19,"UA","Ukraine","Europe",12815,3780903,163,98712
2022-01-20,"UA","Ukraine","Europe",18479,3799382,131,98843
2022-01-21,"UA","Ukraine","Europe",20156,3819538,150,98993
2022-01-22,"UA","Ukraine","Europe",22473,3842011,136,99129
2022-01-23,"UA","Ukraine","Europe",15444,3857455,86,99215
2022-01-24,"UA","Ukraine","Europe",12915,3870370,67,99282
2022-01-25,"UA","Ukraine","Europe",19118,3889488,161,99443
2022-01-26,"UA","Ukraine","Europe",24321,3913809,141,99584
2022-01-27,"UA","Ukraine","Europe",32393,3946202,154,99738
2022-01-28,"UA","Ukraine","Europe",34408,3980610,144,99882
2022-01-29,"UA","Ukraine","Europe",37351,4017961,149,100031
2022-01-30,"UA","Ukraine","Europe",24508,4042469,94,100125
2022-01-31,"UA","Ukraine","Europe",22026,4064495,78,100203
2022-02-01,"UA","Ukraine","Europe",30768,4095263,192,100395
2022-02-02,"UA","Ukraine","Europe",35014,4130277,204,100599
2022-02-03,"UA","Ukraine","Europe",39620,4169897,210,100809
2022-02-04,"UA","Ukraine","Europe",43778,4213675,174,100983
2022-02-05,"UA","Ukraine","Europe",42533,4256208,185,101168
2022-02-06,"UA","Ukraine","Europe",27851,4284059,109,101277
2022-02-07,"UA","Ukraine","Europe",23378,4307437,115,101392
2022-02-08,"UA","Ukraine","Europe",34353,4341790,255,101647
2022-02-09,"UA","Ukraine","Europe",38257,4380047,240,101887
2022-02-10,"UA","Ukraine","Europe",41694,4421741,280,102167
2022-02-11,"UA","Ukraine","Europe",41229,4462970,236,102403
2022-02-12,"UA","Ukraine","Europe",38212,4501182,265,102668
2022-02-13,"UA","Ukraine","Europe",24518,4525700,140,102808
2022-02-14,"UA","Ukraine","Europe",16993,4542693,142,102950
2022-02-15,"UA","Ukraine","Europe",29724,4572417,305,103255
2022-02-16,"UA","Ukraine","Europe",31513,4603930,310,103565
2022-02-17,"UA","Ukraine","Europe",33330,4637260,259,103824
2022-02-18,"UA","Ukraine","Europe",34938,4672198,282,104106
2022-02-19,"UA","Ukraine","Europe",31125,4703323,260,104366
2022-02-20,"UA","Ukraine","Europe",17448,4720771,152,104518
2022-02-21,"UA","Ukraine","Europe",13562,4734333,127,104645
2022-02-22,"UA","Ukraine","Europe",24440,4758773,287,104932
2022-02-23,"UA","Ukraine","Europe",25062,4783835,297,105229
2022-02-24,"UA","Ukraine","Europe",25789,4809624,276,105505
2022-02-25,"UA","Ukraine","Europe",11664,4821288,159,105664
2022-02-26,"UA","Ukraine","Europe",5764,4827052,122,105786
2022-02-27,"UA","Ukraine","Europe",4943,4831995,95,105881
2022-02-28,"UA","Ukraine","Europe",3481,4835476,67,105948
2022-03-01,"UA","Ukraine","Europe",6667,4842143,181,106129
2022-03-02,"UA","Ukraine","Europe",6879,4849022,110,106239
2022-03-03,"UA","Ukraine","Europe",6536,4855558,133,106372
2022-03-04,"UA","Ukraine","Europe",6901,4862459,113,106485
2022-03-05,"UA","Ukraine","Europe",6370,4868829,98,106583
2022-03-06,"UA","Ukraine","Europe",3431,4872260,56,106639
2021-12-06,"AE","United Arab Emirates","Eastern Mediterranean",50,742328,0,2148
2021-12-07,"AE","United Arab Emirates","Eastern Mediterranean",48,742376,1,2149
2021-12-08,"AE","United Arab Emirates","Eastern Mediterranean",62,742438,0,2149
2021-12-09,"AE","United Arab Emirates","Eastern Mediterranean",69,742507,0,2149
2021-12-10,"AE","United Arab Emirates","Eastern Mediterranean",60,742567,0,2149
2021-12-11,"AE","United Arab Emirates","Eastern Mediterranean",74,742641,2,2151
2021-12-12,"AE","United Arab Emirates","Eastern Mediterranean",78,742719,0,2151
2021-12-13,"AE","United Arab Emirates","Eastern Mediterranean",83,742802,0,2151
2021-12-14,"AE","United Arab Emirates","Eastern Mediterranean",92,742894,0,2151
2021-12-15,"AE","United Arab Emirates","Eastern Mediterranean",110,743004,0,2151
2021-12-16,"AE","United Arab Emirates","Eastern Mediterranean",148,743152,0,2151
2021-12-17,"AE","United Arab Emirates","Eastern Mediterranean",200,743352,0,2151
2021-12-18,"AE","United Arab Emirates","Eastern Mediterranean",234,743586,0,2151
2021-12-19,"AE","United Arab Emirates","Eastern Mediterranean",266,743852,0,2151
2021-12-20,"AE","United Arab Emirates","Eastern Mediterranean",285,744137,0,2151
2021-12-21,"AE","United Arab Emirates","Eastern Mediterranean",301,744438,1,2152
2021-12-22,"AE","United Arab Emirates","Eastern Mediterranean",452,744890,2,2154
2021-12-23,"AE","United Arab Emirates","Eastern Mediterranean",665,745555,0,2154
2021-12-24,"AE","United Arab Emirates","Eastern Mediterranean",1002,746557,0,2154
2021-12-25,"AE","United Arab Emirates","Eastern Mediterranean",1352,747909,1,2155
2021-12-26,"AE","United Arab Emirates","Eastern Mediterranean",1621,749530,1,2156
2021-12-27,"AE","United Arab Emirates","Eastern Mediterranean",1803,751333,2,2158
2021-12-28,"AE","United Arab Emirates","Eastern Mediterranean",1732,753065,1,2159
2021-12-29,"AE","United Arab Emirates","Eastern Mediterranean",1846,754911,1,2160
2021-12-30,"AE","United Arab Emirates","Eastern Mediterranean",2234,757145,0,2160
2021-12-31,"AE","United Arab Emirates","Eastern Mediterranean",2366,759511,2,2162
2022-01-01,"AE","United Arab Emirates","Eastern Mediterranean",2426,761937,2,2164
2022-01-02,"AE","United Arab Emirates","Eastern Mediterranean",2556,764493,1,2165
2022-01-03,"AE","United Arab Emirates","Eastern Mediterranean",2600,767093,3,2168
2022-01-04,"AE","United Arab Emirates","Eastern Mediterranean",2515,769608,1,2169
2022-01-05,"AE","United Arab Emirates","Eastern Mediterranean",2581,772189,1,2170
2022-01-06,"AE","United Arab Emirates","Eastern Mediterranean",2708,774897,0,2170
2022-01-07,"AE","United Arab Emirates","Eastern Mediterranean",2687,777584,0,2170
2022-01-08,"AE","United Arab Emirates","Eastern Mediterranean",2627,780211,0,2170
2022-01-09,"AE","United Arab Emirates","Eastern Mediterranean",2655,782866,3,2173
2022-01-10,"AE","United Arab Emirates","Eastern Mediterranean",2759,785625,1,2174
2022-01-11,"AE","United Arab Emirates","Eastern Mediterranean",2562,788187,0,2174
2022-01-12,"AE","United Arab Emirates","Eastern Mediterranean",2511,790698,3,2177
2022-01-13,"AE","United Arab Emirates","Eastern Mediterranean",2616,793314,4,2181
2022-01-14,"AE","United Arab Emirates","Eastern Mediterranean",2683,795997,1,2182
2022-01-15,"AE","United Arab Emirates","Eastern Mediterranean",3068,799065,3,2185
2022-01-16,"AE","United Arab Emirates","Eastern Mediterranean",3116,802181,3,2188
2022-01-17,"AE","United Arab Emirates","Eastern Mediterranean",3067,805248,3,2191
2022-01-18,"AE","United Arab Emirates","Eastern Mediterranean",2989,808237,4,2195
2022-01-19,"AE","United Arab Emirates","Eastern Mediterranean",2792,811029,3,2198
2022-01-20,"AE","United Arab Emirates","Eastern Mediterranean",2902,813931,2,2200
2022-01-21,"AE","United Arab Emirates","Eastern Mediterranean",3014,816945,4,2204
2022-01-22,"AE","United Arab Emirates","Eastern Mediterranean",2921,819866,3,2207
2022-01-23,"AE","United Arab Emirates","Eastern Mediterranean",3020,822886,4,2211
2022-01-24,"AE","United Arab Emirates","Eastern Mediterranean",2813,825699,3,2214
2022-01-25,"AE","United Arab Emirates","Eastern Mediterranean",2629,828328,5,2219
2022-01-26,"AE","United Arab Emirates","Eastern Mediterranean",2504,830832,5,2224
2022-01-27,"AE","United Arab Emirates","Eastern Mediterranean",2369,833201,4,2228
2022-01-28,"AE","United Arab Emirates","Eastern Mediterranean",2638,835839,4,2232
2022-01-29,"AE","United Arab Emirates","Eastern Mediterranean",2545,838384,2,2234
2022-01-30,"AE","United Arab Emirates","Eastern Mediterranean",2355,840739,5,2239
2022-01-31,"AE","United Arab Emirates","Eastern Mediterranean",2291,843030,1,2240
2022-02-01,"AE","United Arab Emirates","Eastern Mediterranean",2028,845058,3,2243
2022-02-02,"AE","United Arab Emirates","Eastern Mediterranean",2084,847142,5,2248
2022-02-03,"AE","United Arab Emirates","Eastern Mediterranean",2163,849305,3,2251
2022-02-04,"AE","United Arab Emirates","Eastern Mediterranean",2232,851537,2,2253
2022-02-05,"AE","United Arab Emirates","Eastern Mediterranean",2114,853651,5,2258
2022-02-06,"AE","United Arab Emirates","Eastern Mediterranean",1991,855642,4,2262
2022-02-07,"AE","United Arab Emirates","Eastern Mediterranean",2015,857657,2,2264
2022-02-08,"AE","United Arab Emirates","Eastern Mediterranean",1704,859361,1,2265
2022-02-09,"AE","United Arab Emirates","Eastern Mediterranean",1615,860976,4,2269
2022-02-10,"AE","United Arab Emirates","Eastern Mediterranean",1538,862514,4,2273
2022-02-11,"AE","United Arab Emirates","Eastern Mediterranean",1588,864102,5,2278
2022-02-12,"AE","United Arab Emirates","Eastern Mediterranean",1474,865576,5,2283
2022-02-13,"AE","United Arab Emirates","Eastern Mediterranean",1395,866971,1,2284
2022-02-14,"AE","United Arab Emirates","Eastern Mediterranean",1266,868237,1,2285
2022-02-15,"AE","United Arab Emirates","Eastern Mediterranean",1191,869428,2,2287
2022-02-16,"AE","United Arab Emirates","Eastern Mediterranean",930,870358,1,2288
2022-02-17,"AE","United Arab Emirates","Eastern Mediterranean",957,871315,1,2289
2022-02-18,"AE","United Arab Emirates","Eastern Mediterranean",895,872210,1,2290
2022-02-19,"AE","United Arab Emirates","Eastern Mediterranean",882,873092,2,2292
2022-02-20,"AE","United Arab Emirates","Eastern Mediterranean",790,873882,1,2293
2022-02-21,"AE","United Arab Emirates","Eastern Mediterranean",725,874607,1,2294
2022-02-22,"AE","United Arab Emirates","Eastern Mediterranean",651,875258,2,2296
2022-02-23,"AE","United Arab Emirates","Eastern Mediterranean",626,875884,1,2297
2022-02-24,"AE","United Arab Emirates","Eastern Mediterranean",740,876624,1,2298
2022-02-25,"AE","United Arab Emirates","Eastern Mediterranean",782,877406,1,2299
2022-02-26,"AE","United Arab Emirates","Eastern Mediterranean",644,878050,1,2300
2022-02-27,"AE","United Arab Emirates","Eastern Mediterranean",696,878746,1,2301
2022-02-28,"AE","United Arab Emirates","Eastern Mediterranean",622,879368,0,2301
2022-03-01,"AE","United Arab Emirates","Eastern Mediterranean",605,879973,0,2301
2022-03-02,"AE","United Arab Emirates","Eastern Mediterranean",478,880451,0,2301
2022-03-03,"AE","United Arab Emirates","Eastern Mediterranean",519,880970,0,2301
2022-03-04,"AE","United Arab Emirates","Eastern Mediterranean",502,881472,0,2301
2022-03-05,"AE","United Arab Emirates","Eastern Mediterranean",447,881919,0,2301
2022-03-06,"AE","United Arab Emirates","Eastern Mediterranean",558,882477,0,2301
2021-12-06,"TZ","United Republic of Tanzania","Africa",0,26270,0,730
2021-12-07,"TZ","United Republic of Tanzania","Africa",0,26270,0,730
2021-12-08,"TZ","United Republic of Tanzania","Africa",39,26309,4,734
2021-12-09,"TZ","United Republic of Tanzania","Africa",0,26309,0,734
2021-12-10,"TZ","United Republic of Tanzania","Africa",0,26309,0,734
2021-12-11,"TZ","United Republic of Tanzania","Africa",0,26309,0,734
2021-12-12,"TZ","United Republic of Tanzania","Africa",0,26309,0,734
2021-12-13,"TZ","United Republic of Tanzania","Africa",0,26309,0,734
2021-12-14,"TZ","United Republic of Tanzania","Africa",0,26309,0,734
2021-12-15,"TZ","United Republic of Tanzania","Africa",174,26483,0,734
2021-12-16,"TZ","United Republic of Tanzania","Africa",0,26483,0,734
2021-12-17,"TZ","United Republic of Tanzania","Africa",0,26483,0,734
2021-12-18,"TZ","United Republic of Tanzania","Africa",0,26483,0,734
2021-12-19,"TZ","United Republic of Tanzania","Africa",0,26483,0,734
2021-12-20,"TZ","United Republic of Tanzania","Africa",0,26483,0,734
2021-12-21,"TZ","United Republic of Tanzania","Africa",0,26483,0,734
2021-12-22,"TZ","United Republic of Tanzania","Africa",0,26483,0,734
2021-12-23,"TZ","United Republic of Tanzania","Africa",0,26483,0,734
2021-12-24,"TZ","United Republic of Tanzania","Africa",0,26483,0,734
2021-12-25,"TZ","United Republic of Tanzania","Africa",0,26483,0,734
2021-12-26,"TZ","United Republic of Tanzania","Africa",0,26483,0,734
2021-12-27,"TZ","United Republic of Tanzania","Africa",0,26483,0,734
2021-12-28,"TZ","United Republic of Tanzania","Africa",0,26483,0,734
2021-12-29,"TZ","United Republic of Tanzania","Africa",2823,29306,3,737
2021-12-30,"TZ","United Republic of Tanzania","Africa",0,29306,0,737
2021-12-31,"TZ","United Republic of Tanzania","Africa",0,29306,0,737
2022-01-01,"TZ","United Republic of Tanzania","Africa",0,29306,0,737
2022-01-02,"TZ","United Republic of Tanzania","Africa",0,29306,0,737
2022-01-03,"TZ","United Republic of Tanzania","Africa",0,29306,0,737
2022-01-04,"TZ","United Republic of Tanzania","Africa",0,29306,0,737
2022-01-05,"TZ","United Republic of Tanzania","Africa",1258,30564,3,740
2022-01-06,"TZ","United Republic of Tanzania","Africa",0,30564,0,740
2022-01-07,"TZ","United Republic of Tanzania","Africa",0,30564,0,740
2022-01-08,"TZ","United Republic of Tanzania","Africa",0,30564,0,740
2022-01-09,"TZ","United Republic of Tanzania","Africa",0,30564,0,740
2022-01-10,"TZ","United Republic of Tanzania","Africa",0,30564,0,740
2022-01-11,"TZ","United Republic of Tanzania","Africa",0,30564,0,740
2022-01-12,"TZ","United Republic of Tanzania","Africa",0,30564,0,740
2022-01-13,"TZ","United Republic of Tanzania","Africa",0,30564,0,740
2022-01-14,"TZ","United Republic of Tanzania","Africa",0,30564,0,740
2022-01-15,"TZ","United Republic of Tanzania","Africa",0,30564,0,740
2022-01-16,"TZ","United Republic of Tanzania","Africa",831,31395,5,745
2022-01-17,"TZ","United Republic of Tanzania","Africa",0,31395,0,745
2022-01-18,"TZ","United Republic of Tanzania","Africa",0,31395,0,745
2022-01-19,"TZ","United Republic of Tanzania","Africa",998,32393,8,753
2022-01-20,"TZ","United Republic of Tanzania","Africa",0,32393,0,753
2022-01-21,"TZ","United Republic of Tanzania","Africa",0,32393,0,753
2022-01-22,"TZ","United Republic of Tanzania","Africa",0,32393,0,753
2022-01-23,"TZ","United Republic of Tanzania","Africa",0,32393,0,753
2022-01-24,"TZ","United Republic of Tanzania","Africa",0,32393,0,753
2022-01-25,"TZ","United Republic of Tanzania","Africa",0,32393,0,753
2022-01-26,"TZ","United Republic of Tanzania","Africa",527,32920,25,778
2022-01-27,"TZ","United Republic of Tanzania","Africa",0,32920,0,778
2022-01-28,"TZ","United Republic of Tanzania","Africa",0,32920,0,778
2022-01-29,"TZ","United Republic of Tanzania","Africa",0,32920,0,778
2022-01-30,"TZ","United Republic of Tanzania","Africa",0,32920,0,778
2022-01-31,"TZ","United Republic of Tanzania","Africa",0,32920,0,778
2022-02-01,"TZ","United Republic of Tanzania","Africa",0,32920,0,778
2022-02-02,"TZ","United Republic of Tanzania","Africa",0,32920,0,778
2022-02-03,"TZ","United Republic of Tanzania","Africa",0,32920,0,778
2022-02-04,"TZ","United Republic of Tanzania","Africa",0,32920,0,778
2022-02-05,"TZ","United Republic of Tanzania","Africa",0,32920,0,778
2022-02-06,"TZ","United Republic of Tanzania","Africa",310,33230,11,789
2022-02-07,"TZ","United Republic of Tanzania","Africa",0,33230,0,789
2022-02-08,"TZ","United Republic of Tanzania","Africa",0,33230,0,789
2022-02-09,"TZ","United Republic of Tanzania","Africa",206,33436,3,792
2022-02-10,"TZ","United Republic of Tanzania","Africa",0,33436,0,792
2022-02-11,"TZ","United Republic of Tanzania","Africa",0,33436,0,792
2022-02-12,"TZ","United Republic of Tanzania","Africa",0,33436,0,792
2022-02-13,"TZ","United Republic of Tanzania","Africa",0,33436,0,792
2022-02-14,"TZ","United Republic of Tanzania","Africa",0,33436,0,792
2022-02-15,"TZ","United Republic of Tanzania","Africa",113,33549,4,796
2022-02-16,"TZ","United Republic of Tanzania","Africa",0,33549,0,796
2022-02-17,"TZ","United Republic of Tanzania","Africa",0,33549,0,796
2022-02-18,"TZ","United Republic of Tanzania","Africa",0,33549,0,796
2022-02-19,"TZ","United Republic of Tanzania","Africa",0,33549,0,796
2022-02-20,"TZ","United Republic of Tanzania","Africa",0,33549,0,796
2022-02-21,"TZ","United Republic of Tanzania","Africa",0,33549,0,796
2022-02-22,"TZ","United Republic of Tanzania","Africa",71,33620,2,798
2022-02-23,"TZ","United Republic of Tanzania","Africa",0,33620,0,798
2022-02-24,"TZ","United Republic of Tanzania","Africa",0,33620,0,798
2022-02-25,"TZ","United Republic of Tanzania","Africa",0,33620,0,798
2022-02-26,"TZ","United Republic of Tanzania","Africa",0,33620,0,798
2022-02-27,"TZ","United Republic of Tanzania","Africa",0,33620,0,798
2022-02-28,"TZ","United Republic of Tanzania","Africa",0,33620,0,798
2022-03-01,"TZ","United Republic of Tanzania","Africa",0,33620,0,798
2022-03-02,"TZ","United Republic of Tanzania","Africa",0,33620,0,798
2022-03-03,"TZ","United Republic of Tanzania","Africa",0,33620,0,798
2022-03-04,"TZ","United Republic of Tanzania","Africa",0,33620,0,798
2022-03-05,"TZ","United Republic of Tanzania","Africa",0,33620,0,798
2022-03-06,"TZ","United Republic of Tanzania","Africa",0,33620,0,798
2021-12-06,"US","United States of America","Americas",64835,48789227,569,783727
2021-12-07,"US","United States of America","Americas",53664,48842891,272,783999
2021-12-08,"US","United States of America","Americas",187771,49030662,1298,785297
2021-12-09,"US","United States of America","Americas",126060,49156722,1848,787145
2021-12-10,"US","United States of America","Americas",129752,49286474,1470,788615
2021-12-11,"US","United States of America","Americas",137042,49423516,1156,789771
2021-12-12,"US","United States of America","Americas",134329,49557845,1974,791745
2021-12-13,"US","United States of America","Americas",61887,49619732,491,792236
2021-12-14,"US","United States of America","Americas",56758,49676490,299,792535
2021-12-15,"US","United States of America","Americas",189953,49866443,1304,793839
2021-12-16,"US","United States of America","Americas",126065,49992508,1907,795746
2021-12-17,"US","United States of America","Americas",146981,50139489,1893,797639
2021-12-18,"US","United States of America","Americas",162036,50301525,1105,798744
2021-12-19,"US","United States of America","Americas",161150,50462675,2066,800810
2021-12-20,"US","United States of America","Americas",84943,50547618,583,801393
2021-12-21,"US","United States of America","Americas",100199,50647817,273,801666
2021-12-22,"US","United States of America","Americas",265501,50913318,1442,803108
2021-12-23,"US","United States of America","Americas",205558,51118876,2274,805382
2021-12-24,"US","United States of America","Americas",236999,51355875,1827,807209
2021-12-25,"US","United States of America","Americas",279704,51635579,3177,810386
2021-12-26,"US","United States of America","Americas",240123,51875702,1361,811747
2021-12-27,"US","United States of America","Americas",108807,51984509,248,811995
2021-12-28,"US","United States of America","Americas",206174,52190683,259,812254
2021-12-29,"US","United States of America","Americas",470062,52660745,1938,814192
2021-12-30,"US","United States of America","Americas",393727,53054472,2175,816367
2021-12-31,"US","United States of America","Americas",473047,53527519,1804,818171
2022-01-01,"US","United States of America","Americas",583320,54110839,1324,819495
2022-01-02,"US","United States of America","Americas",465524,54576363,1319,820814
2022-01-03,"US","United States of America","Americas",288124,54864487,409,821223
2022-01-04,"US","United States of America","Americas",382867,55247354,343,821566
2022-01-05,"US","United States of America","Americas",921098,56168452,1636,823202
2022-01-06,"US","United States of America","Americas",726181,56894633,2794,825996
2022-01-07,"US","United States of America","Americas",699023,57593656,1814,827810
2022-01-08,"US","United States of America","Americas",785030,58378686,2035,829845
2022-01-09,"US","United States of America","Americas",843188,59221874,2474,832319
2022-01-10,"US","United States of America","Americas",429640,59651514,846,833165
2022-01-11,"US","United States of America","Americas",470063,60121577,650,833815
2022-01-12,"US","United States of America","Americas",1294746,61416323,1949,835764
2022-01-13,"US","United States of America","Americas",807434,62223757,3144,838908
2022-01-14,"US","United States of America","Americas",852375,63076132,2435,841343
2022-01-15,"US","United States of America","Americas",885501,63961633,2101,843444
2022-01-16,"US","United States of America","Americas",891567,64853200,2942,846386
2022-01-17,"US","United States of America","Americas",444863,65298063,1346,847732
2022-01-18,"US","United States of America","Americas",404837,65702900,807,848539
2022-01-19,"US","United States of America","Americas",981505,66684405,1405,849944
2022-01-20,"US","United States of America","Americas",856619,67541024,2588,852532
2022-01-21,"US","United States of America","Americas",777172,68318196,3203,855735
2022-01-22,"US","United States of America","Americas",772805,69091001,2809,858544
2022-01-23,"US","United States of America","Americas",770189,69861190,3792,862336
2022-01-24,"US","United States of America","Americas",313997,70175187,1164,863500
2022-01-25,"US","United States of America","Americas",305585,70480772,886,864386
2022-01-26,"US","United States of America","Americas",1021767,71502539,2708,867094
2022-01-27,"US","United States of America","Americas",493122,71995661,3456,870550
2022-01-28,"US","United States of America","Americas",541648,72537309,3323,873873
2022-01-29,"US","United States of America","Americas",569893,73107202,2819,876692
2022-01-30,"US","United States of America","Americas",519389,73626591,3509,880201
2022-01-31,"US","United States of America","Americas",213994,73840585,1445,881646
2022-02-01,"US","United States of America","Americas",153002,73993587,854,882500
2022-02-02,"US","United States of America","Americas",581240,74574827,2670,885170
2022-02-03,"US","United States of America","Americas",295626,74870453,4102,889272
2022-02-04,"US","United States of America","Americas",301350,75171803,3113,892385
2022-02-05,"US","United States of America","Americas",348105,75519908,2642,895027
2022-02-06,"US","United States of America","Americas",281329,75801237,3313,898340
2022-02-07,"US","United States of America","Americas",101070,75902307,1154,899494
2022-02-08,"US","United States of America","Americas",93579,75995886,610,900104
2022-02-09,"US","United States of America","Americas",309432,76305318,3179,903283
2022-02-10,"US","United States of America","Americas",196320,76501638,3666,906949
2022-02-11,"US","United States of America","Americas",195560,76697198,2916,909865
2022-02-12,"US","United States of America","Americas",165161,76862359,2469,912334
2022-02-13,"US","United States of America","Americas",154966,77017325,2789,915123
2022-02-14,"US","United States of America","Americas",65299,77082624,890,916013
2022-02-15,"US","United States of America","Americas",46530,77129154,618,916631
2022-02-16,"US","United States of America","Americas",176933,77306087,2847,919478
2022-02-17,"US","United States of America","Americas",108637,77414724,3292,922770
2022-02-18,"US","United States of America","Americas",105599,77520323,2565,925335
2022-02-19,"US","United States of America","Americas",98025,77618348,2193,927528
2022-02-20,"US","United States of America","Americas",106306,77724654,2172,929700
2022-02-21,"US","United States of America","Americas",39361,77764015,625,930325
2022-02-22,"US","United States of America","Americas",30272,77794287,451,930776
2022-02-23,"US","United States of America","Americas",46931,77841218,992,931768
2022-02-24,"US","United States of America","Americas",118059,77959277,3134,934902
2022-02-25,"US","United States of America","Americas",74768,78034045,2560,937462
2022-02-26,"US","United States of America","Americas",76926,78110971,2396,939858
2022-02-27,"US","United States of America","Americas",75444,78186415,719,940577
2022-02-28,"US","United States of America","Americas",16322,78202737,347,940924
2022-03-01,"US","United States of America","Americas",23797,78226534,1880,942804
2022-03-02,"US","United States of America","Americas",83701,78310235,2134,944938
2022-03-03,"US","United States of America","Americas",64141,78374376,1887,946825
2022-03-04,"US","United States of America","Americas",55115,78429491,1490,948315
2022-03-05,"US","United States of America","Americas",53197,78482688,1273,949588
2022-03-06,"US","United States of America","Americas",46996,78529684,1478,951066
2021-12-06,"VI","United States Virgin Islands","Americas",9,7539,0,87
2021-12-07,"VI","United States Virgin Islands","Americas",10,7549,0,87
2021-12-08,"VI","United States Virgin Islands","Americas",20,7569,0,87
2021-12-09,"VI","United States Virgin Islands","Americas",13,7582,0,87
2021-12-10,"VI","United States Virgin Islands","Americas",6,7588,0,87
2021-12-11,"VI","United States Virgin Islands","Americas",10,7598,0,87
2021-12-12,"VI","United States Virgin Islands","Americas",0,7598,0,87
2021-12-13,"VI","United States Virgin Islands","Americas",0,7598,0,87
2021-12-14,"VI","United States Virgin Islands","Americas",14,7612,1,88
2021-12-15,"VI","United States Virgin Islands","Americas",6,7618,0,88
2021-12-16,"VI","United States Virgin Islands","Americas",6,7624,0,88
2021-12-17,"VI","United States Virgin Islands","Americas",14,7638,0,88
2021-12-18,"VI","United States Virgin Islands","Americas",2,7640,0,88
2021-12-19,"VI","United States Virgin Islands","Americas",0,7640,0,88
2021-12-20,"VI","United States Virgin Islands","Americas",0,7640,0,88
2021-12-21,"VI","United States Virgin Islands","Americas",23,7663,0,88
2021-12-22,"VI","United States Virgin Islands","Americas",18,7681,0,88
2021-12-23,"VI","United States Virgin Islands","Americas",45,7726,0,88
2021-12-24,"VI","United States Virgin Islands","Americas",141,7867,0,88
2021-12-25,"VI","United States Virgin Islands","Americas",140,8007,0,88
2021-12-26,"VI","United States Virgin Islands","Americas",0,8007,0,88
2021-12-27,"VI","United States Virgin Islands","Americas",0,8007,0,88
2021-12-28,"VI","United States Virgin Islands","Americas",206,8213,0,88
2021-12-29,"VI","United States Virgin Islands","Americas",264,8477,0,88
2021-12-30,"VI","United States Virgin Islands","Americas",248,8725,0,88
2021-12-31,"VI","United States Virgin Islands","Americas",330,9055,1,89
2022-01-01,"VI","United States Virgin Islands","Americas",1051,10106,0,89
2022-01-02,"VI","United States Virgin Islands","Americas",0,10106,0,89
2022-01-03,"VI","United States Virgin Islands","Americas",0,10106,0,89
2022-01-04,"VI","United States Virgin Islands","Americas",0,10106,0,89
2022-01-05,"VI","United States Virgin Islands","Americas",184,10290,0,89
2022-01-06,"VI","United States Virgin Islands","Americas",424,10714,0,89
2022-01-07,"VI","United States Virgin Islands","Americas",446,11160,0,89
2022-01-08,"VI","United States Virgin Islands","Americas",673,11833,0,89
2022-01-09,"VI","United States Virgin Islands","Americas",305,12138,0,89
2022-01-10,"VI","United States Virgin Islands","Americas",403,12541,0,89
2022-01-11,"VI","United States Virgin Islands","Americas",0,12541,0,89
2022-01-12,"VI","United States Virgin Islands","Americas",64,12605,0,89
2022-01-13,"VI","United States Virgin Islands","Americas",348,12953,1,90
2022-01-14,"VI","United States Virgin Islands","Americas",157,13110,0,90
2022-01-15,"VI","United States Virgin Islands","Americas",291,13401,1,91
2022-01-16,"VI","United States Virgin Islands","Americas",120,13521,0,91
2022-01-17,"VI","United States Virgin Islands","Americas",0,13521,0,91
2022-01-18,"VI","United States Virgin Islands","Americas",239,13760,0,91
2022-01-19,"VI","United States Virgin Islands","Americas",141,13901,3,94
2022-01-20,"VI","United States Virgin Islands","Americas",127,14028,0,94
2022-01-21,"VI","United States Virgin Islands","Americas",130,14158,0,94
2022-01-22,"VI","United States Virgin Islands","Americas",0,14158,0,94
2022-01-23,"VI","United States Virgin Islands","Americas",143,14301,1,95
2022-01-24,"VI","United States Virgin Islands","Americas",97,14398,1,96
2022-01-25,"VI","United States Virgin Islands","Americas",80,14478,1,97
2022-01-26,"VI","United States Virgin Islands","Americas",43,14521,0,97
2022-01-27,"VI","United States Virgin Islands","Americas",168,14689,1,98
2022-01-28,"VI","United States Virgin Islands","Americas",67,14756,0,98
2022-01-29,"VI","United States Virgin Islands","Americas",46,14802,1,99
2022-01-30,"VI","United States Virgin Islands","Americas",0,14802,0,99
2022-01-31,"VI","United States Virgin Islands","Americas",44,14846,0,99
2022-02-01,"VI","United States Virgin Islands","Americas",24,14870,2,101
2022-02-02,"VI","United States Virgin Islands","Americas",33,14903,0,101
2022-02-03,"VI","United States Virgin Islands","Americas",32,14935,1,102
2022-02-04,"VI","United States Virgin Islands","Americas",0,14935,0,102
2022-02-05,"VI","United States Virgin Islands","Americas",53,14988,0,102
2022-02-06,"VI","United States Virgin Islands","Americas",0,14988,0,102
2022-02-07,"VI","United States Virgin Islands","Americas",0,14988,0,102
2022-02-08,"VI","United States Virgin Islands","Americas",57,15045,1,103
2022-02-09,"VI","United States Virgin Islands","Americas",53,15098,1,104
2022-02-10,"VI","United States Virgin Islands","Americas",30,15128,0,104
2022-02-11,"VI","United States Virgin Islands","Americas",0,15128,0,104
2022-02-12,"VI","United States Virgin Islands","Americas",43,15171,1,105
2022-02-13,"VI","United States Virgin Islands","Americas",0,15171,0,105
2022-02-14,"VI","United States Virgin Islands","Americas",0,15171,0,105
2022-02-15,"VI","United States Virgin Islands","Americas",11,15182,0,105
2022-02-16,"VI","United States Virgin Islands","Americas",26,15208,1,106
2022-02-17,"VI","United States Virgin Islands","Americas",38,15246,2,108
2022-02-18,"VI","United States Virgin Islands","Americas",0,15246,0,108
2022-02-19,"VI","United States Virgin Islands","Americas",9,15255,0,108
2022-02-20,"VI","United States Virgin Islands","Americas",28,15283,0,108
2022-02-21,"VI","United States Virgin Islands","Americas",0,15283,0,108
2022-02-22,"VI","United States Virgin Islands","Americas",19,15302,0,108
2022-02-23,"VI","United States Virgin Islands","Americas",0,15302,0,108
2022-02-24,"VI","United States Virgin Islands","Americas",15,15317,1,109
2022-02-25,"VI","United States Virgin Islands","Americas",10,15327,0,109
2022-02-26,"VI","United States Virgin Islands","Americas",35,15362,0,109
2022-02-27,"VI","United States Virgin Islands","Americas",33,15395,0,109
2022-02-28,"VI","United States Virgin Islands","Americas",0,15395,0,109
2022-03-01,"VI","United States Virgin Islands","Americas",0,15395,0,109
2022-03-02,"VI","United States Virgin Islands","Americas",3,15398,0,109
2022-03-03,"VI","United States Virgin Islands","Americas",4,15402,0,109
2022-03-04,"VI","United States Virgin Islands","Americas",8,15410,0,109
2022-03-05,"VI","United States Virgin Islands","Americas",2,15412,0,109
2022-03-06,"VI","United States Virgin Islands","Americas",14,15426,0,109
2021-12-06,"UY","Uruguay","Americas",279,400821,0,6132
2021-12-07,"UY","Uruguay","Americas",104,400925,2,6134
2021-12-08,"UY","Uruguay","Americas",178,401103,2,6136
2021-12-09,"UY","Uruguay","Americas",237,401340,1,6137
2021-12-10,"UY","Uruguay","Americas",300,401640,1,6138
2021-12-11,"UY","Uruguay","Americas",257,401897,2,6140
2021-12-12,"UY","Uruguay","Americas",252,402149,1,6141
2021-12-13,"UY","Uruguay","Americas",234,402383,1,6142
2021-12-14,"UY","Uruguay","Americas",126,402509,3,6145
2021-12-15,"UY","Uruguay","Americas",210,402719,0,6145
2021-12-16,"UY","Uruguay","Americas",259,402978,1,6146
2021-12-17,"UY","Uruguay","Americas",315,403293,1,6147
2021-12-18,"UY","Uruguay","Americas",289,403582,2,6149
2021-12-19,"UY","Uruguay","Americas",317,403899,1,6150
2021-12-20,"UY","Uruguay","Americas",356,404255,3,6153
2021-12-21,"UY","Uruguay","Americas",205,404460,2,6155
2021-12-22,"UY","Uruguay","Americas",361,404821,1,6156
2021-12-23,"UY","Uruguay","Americas",415,405236,1,6157
2021-12-24,"UY","Uruguay","Americas",445,405681,2,6159
2021-12-25,"UY","Uruguay","Americas",446,406127,0,6159
2021-12-26,"UY","Uruguay","Americas",612,406739,3,6162
2021-12-27,"UY","Uruguay","Americas",360,407099,1,6163
2021-12-28,"UY","Uruguay","Americas",282,407381,0,6163
2021-12-29,"UY","Uruguay","Americas",600,407981,2,6165
2021-12-30,"UY","Uruguay","Americas",913,408894,2,6167
2021-12-31,"UY","Uruguay","Americas",1417,410311,1,6168
2022-01-01,"UY","Uruguay","Americas",1347,411658,1,6169
2022-01-02,"UY","Uruguay","Americas",1725,413383,1,6170
2022-01-03,"UY","Uruguay","Americas",911,414294,2,6172
2022-01-04,"UY","Uruguay","Americas",955,415249,3,6175
2022-01-05,"UY","Uruguay","Americas",1721,416970,2,6177
2022-01-06,"UY","Uruguay","Americas",3138,420108,3,6180
2022-01-07,"UY","Uruguay","Americas",5328,425436,1,6181
2022-01-08,"UY","Uruguay","Americas",5522,430958,5,6186
2022-01-09,"UY","Uruguay","Americas",6104,437062,2,6188
2022-01-10,"UY","Uruguay","Americas",6374,443436,1,6189
2022-01-11,"UY","Uruguay","Americas",5986,449422,3,6192
2022-01-12,"UY","Uruguay","Americas",6757,456179,7,6199
2022-01-13,"UY","Uruguay","Americas",7178,463357,3,6202
2022-01-14,"UY","Uruguay","Americas",9823,473180,3,6205
2022-01-15,"UY","Uruguay","Americas",10640,483820,6,6211
2022-01-16,"UY","Uruguay","Americas",6806,490626,3,6214
2022-01-17,"UY","Uruguay","Americas",9641,500267,11,6225
2022-01-18,"UY","Uruguay","Americas",12574,512841,18,6243
2022-01-19,"UY","Uruguay","Americas",7981,520822,5,6248
2022-01-20,"UY","Uruguay","Americas",10630,531452,5,6253
2022-01-21,"UY","Uruguay","Americas",11714,543166,5,6258
2022-01-22,"UY","Uruguay","Americas",12997,556163,14,6272
2022-01-23,"UY","Uruguay","Americas",12874,569037,12,6284
2022-01-24,"UY","Uruguay","Americas",11029,580066,19,6303
2022-01-25,"UY","Uruguay","Americas",8929,588995,5,6308
2022-01-26,"UY","Uruguay","Americas",10045,599040,17,6325
2022-01-27,"UY","Uruguay","Americas",10745,609785,14,6339
2022-01-28,"UY","Uruguay","Americas",11668,621453,29,6368
2022-01-29,"UY","Uruguay","Americas",9566,631019,21,6389
2022-01-30,"UY","Uruguay","Americas",13612,644631,22,6411
2022-01-31,"UY","Uruguay","Americas",9222,653853,25,6436
2022-02-01,"UY","Uruguay","Americas",7588,661441,23,6459
2022-02-02,"UY","Uruguay","Americas",6984,668425,20,6479
2022-02-03,"UY","Uruguay","Americas",11453,679878,34,6513
2022-02-04,"UY","Uruguay","Americas",10618,690496,27,6540
2022-02-05,"UY","Uruguay","Americas",10015,700511,39,6579
2022-02-06,"UY","Uruguay","Americas",10363,710874,27,6606
2022-02-07,"UY","Uruguay","Americas",9074,719948,19,6625
2022-02-08,"UY","Uruguay","Americas",6094,726042,12,6637
2022-02-09,"UY","Uruguay","Americas",6968,733010,19,6656
2022-02-10,"UY","Uruguay","Americas",8444,741454,20,6676
2022-02-11,"UY","Uruguay","Americas",8100,749554,20,6696
2022-02-12,"UY","Uruguay","Americas",8812,758366,14,6710
2022-02-13,"UY","Uruguay","Americas",7594,765960,19,6729
2022-02-14,"UY","Uruguay","Americas",6797,772757,15,6744
2022-02-15,"UY","Uruguay","Americas",4733,777490,12,6756
2022-02-16,"UY","Uruguay","Americas",5066,782556,22,6778
2022-02-17,"UY","Uruguay","Americas",6120,788676,16,6794
2022-02-18,"UY","Uruguay","Americas",6640,795316,26,6820
2022-02-19,"UY","Uruguay","Americas",5517,800833,18,6838
2022-02-20,"UY","Uruguay","Americas",7179,808012,16,6854
2022-02-21,"UY","Uruguay","Americas",4355,812367,11,6865
2022-02-22,"UY","Uruguay","Americas",3337,815704,14,6879
2022-02-23,"UY","Uruguay","Americas",3675,819379,16,6895
2022-02-24,"UY","Uruguay","Americas",4405,823784,10,6905
2022-02-25,"UY","Uruguay","Americas",4030,827814,14,6919
2022-02-26,"UY","Uruguay","Americas",4136,831950,13,6932
2022-02-27,"UY","Uruguay","Americas",3396,835346,17,6949
2022-02-28,"UY","Uruguay","Americas",2995,838341,12,6961
2022-03-01,"UY","Uruguay","Americas",2170,840511,16,6977
2022-03-02,"UY","Uruguay","Americas",1951,842462,8,6985
2022-03-03,"UY","Uruguay","Americas",1938,844400,6,6991
2022-03-04,"UY","Uruguay","Americas",2468,846868,14,7005
2022-03-05,"UY","Uruguay","Americas",2182,849050,9,7014
2022-03-06,"UY","Uruguay","Americas",2191,851241,17,7031
2021-12-06,"UZ","Uzbekistan","Europe",223,194556,3,1421
2021-12-07,"UZ","Uzbekistan","Europe",147,194703,3,1424
2021-12-08,"UZ","Uzbekistan","Europe",201,194904,1,1425
2021-12-09,"UZ","Uzbekistan","Europe",194,195098,3,1428
2021-12-10,"UZ","Uzbekistan","Europe",148,195246,2,1430
2021-12-11,"UZ","Uzbekistan","Europe",278,195524,4,1434
2021-12-12,"UZ","Uzbekistan","Europe",223,195747,2,1436
2021-12-13,"UZ","Uzbekistan","Europe",211,195958,4,1440
2021-12-14,"UZ","Uzbekistan","Europe",136,196094,2,1442
2021-12-15,"UZ","Uzbekistan","Europe",209,196303,3,1445
2021-12-16,"UZ","Uzbekistan","Europe",219,196522,4,1449
2021-12-17,"UZ","Uzbekistan","Europe",217,196739,4,1453
2021-12-18,"UZ","Uzbekistan","Europe",161,196900,3,1456
2021-12-19,"UZ","Uzbekistan","Europe",174,197074,2,1458
2021-12-20,"UZ","Uzbekistan","Europe",194,197268,3,1461
2021-12-21,"UZ","Uzbekistan","Europe",124,197392,4,1465
2021-12-22,"UZ","Uzbekistan","Europe",174,197566,3,1468
2021-12-23,"UZ","Uzbekistan","Europe",187,197753,3,1471
2021-12-24,"UZ","Uzbekistan","Europe",165,197918,4,1475
2021-12-25,"UZ","Uzbekistan","Europe",181,198099,2,1477
2021-12-26,"UZ","Uzbekistan","Europe",143,198242,2,1479
2021-12-27,"UZ","Uzbekistan","Europe",145,198387,2,1481
2021-12-28,"UZ","Uzbekistan","Europe",100,198487,3,1484
2021-12-29,"UZ","Uzbekistan","Europe",139,198626,1,1485
2021-12-30,"UZ","Uzbekistan","Europe",143,198769,0,1485
2021-12-31,"UZ","Uzbekistan","Europe",134,198903,0,1485
2022-01-01,"UZ","Uzbekistan","Europe",127,199030,0,1485
2022-01-02,"UZ","Uzbekistan","Europe",88,199118,0,1485
2022-01-03,"UZ","Uzbekistan","Europe",64,199182,0,1485
2022-01-04,"UZ","Uzbekistan","Europe",89,199271,0,1485
2022-01-05,"UZ","Uzbekistan","Europe",90,199361,0,1485
2022-01-06,"UZ","Uzbekistan","Europe",146,199507,0,1485
2022-01-07,"UZ","Uzbekistan","Europe",251,199758,3,1488
2022-01-08,"UZ","Uzbekistan","Europe",214,199972,4,1492
2022-01-09,"UZ","Uzbekistan","Europe",369,200341,2,1494
2022-01-10,"UZ","Uzbekistan","Europe",389,200730,3,1497
2022-01-11,"UZ","Uzbekistan","Europe",425,201155,4,1501
2022-01-12,"UZ","Uzbekistan","Europe",604,201759,4,1505
2022-01-13,"UZ","Uzbekistan","Europe",714,202473,3,1508
2022-01-14,"UZ","Uzbekistan","Europe",824,203297,3,1511
2022-01-15,"UZ","Uzbekistan","Europe",876,204173,2,1513
2022-01-16,"UZ","Uzbekistan","Europe",912,205085,2,1515
2022-01-17,"UZ","Uzbekistan","Europe",1037,206122,3,1518
2022-01-18,"UZ","Uzbekistan","Europe",935,207057,4,1522
2022-01-19,"UZ","Uzbekistan","Europe",1214,208271,3,1525
2022-01-20,"UZ","Uzbekistan","Europe",1307,209578,4,1529
2022-01-21,"UZ","Uzbekistan","Europe",1321,210899,3,1532
2022-01-22,"UZ","Uzbekistan","Europe",1390,212289,4,1536
2022-01-23,"UZ","Uzbekistan","Europe",1478,213767,4,1540
2022-01-24,"UZ","Uzbekistan","Europe",1296,215063,2,1542
2022-01-25,"UZ","Uzbekistan","Europe",1123,216186,3,1545
2022-01-26,"UZ","Uzbekistan","Europe",1174,217360,4,1549
2022-01-27,"UZ","Uzbekistan","Europe",1117,218477,2,1551
2022-01-28,"UZ","Uzbekistan","Europe",1186,219663,3,1554
2022-01-29,"UZ","Uzbekistan","Europe",1152,220815,4,1558
2022-01-30,"UZ","Uzbekistan","Europe",1104,221919,3,1561
2022-01-31,"UZ","Uzbekistan","Europe",1089,223008,3,1564
2022-02-01,"UZ","Uzbekistan","Europe",1015,224023,4,1568
2022-02-02,"UZ","Uzbekistan","Europe",1087,225110,3,1571
2022-02-03,"UZ","Uzbekistan","Europe",926,226036,4,1575
2022-02-04,"UZ","Uzbekistan","Europe",961,226997,4,1579
2022-02-05,"UZ","Uzbekistan","Europe",912,227909,2,1581
2022-02-06,"UZ","Uzbekistan","Europe",887,228796,3,1584
2022-02-07,"UZ","Uzbekistan","Europe",832,229628,2,1586
2022-02-08,"UZ","Uzbekistan","Europe",773,230401,2,1588
2022-02-09,"UZ","Uzbekistan","Europe",778,231179,4,1592
2022-02-10,"UZ","Uzbekistan","Europe",692,231871,3,1595
2022-02-11,"UZ","Uzbekistan","Europe",625,232496,2,1597
2022-02-12,"UZ","Uzbekistan","Europe",504,233000,2,1599
2022-02-13,"UZ","Uzbekistan","Europe",439,233439,2,1601
2022-02-14,"UZ","Uzbekistan","Europe",322,233761,3,1604
2022-02-15,"UZ","Uzbekistan","Europe",302,234063,3,1607
2022-02-16,"UZ","Uzbekistan","Europe",296,234359,2,1609
2022-02-17,"UZ","Uzbekistan","Europe",241,234600,3,1612
2022-02-18,"UZ","Uzbekistan","Europe",272,234872,2,1614
2022-02-19,"UZ","Uzbekistan","Europe",191,235063,3,1617
2022-02-20,"UZ","Uzbekistan","Europe",204,235267,2,1619
2022-02-21,"UZ","Uzbekistan","Europe",160,235427,2,1621
2022-02-22,"UZ","Uzbekistan","Europe",175,235602,2,1623
2022-02-23,"UZ","Uzbekistan","Europe",138,235740,1,1624
2022-02-24,"UZ","Uzbekistan","Europe",140,235880,2,1626
2022-02-25,"UZ","Uzbekistan","Europe",156,236036,2,1628
2022-02-26,"UZ","Uzbekistan","Europe",138,236174,2,1630
2022-02-27,"UZ","Uzbekistan","Europe",225,236399,3,1633
2022-02-28,"UZ","Uzbekistan","Europe",6,236405,2,1635
2022-03-01,"UZ","Uzbekistan","Europe",96,236501,1,1636
2022-03-02,"UZ","Uzbekistan","Europe",95,236596,1,1637
2022-03-03,"UZ","Uzbekistan","Europe",91,236687,0,1637
2022-03-04,"UZ","Uzbekistan","Europe",84,236771,0,1637
2022-03-05,"UZ","Uzbekistan","Europe",69,236840,0,1637
2022-03-06,"UZ","Uzbekistan","Europe",59,236899,0,1637
2021-12-06,"VU","Vanuatu","Western Pacific",0,5,0,0
2021-12-07,"VU","Vanuatu","Western Pacific",0,5,0,0
2021-12-08,"VU","Vanuatu","Western Pacific",0,5,0,0
2021-12-09,"VU","Vanuatu","Western Pacific",0,5,0,0
2021-12-10,"VU","Vanuatu","Western Pacific",0,5,0,0
2021-12-11,"VU","Vanuatu","Western Pacific",0,5,0,0
2021-12-12,"VU","Vanuatu","Western Pacific",0,5,0,0
2021-12-13,"VU","Vanuatu","Western Pacific",1,6,0,0
2021-12-14,"VU","Vanuatu","Western Pacific",1,7,0,0
2021-12-15,"VU","Vanuatu","Western Pacific",0,7,0,0
2021-12-16,"VU","Vanuatu","Western Pacific",0,7,0,0
2021-12-17,"VU","Vanuatu","Western Pacific",0,7,0,0
2021-12-18,"VU","Vanuatu","Western Pacific",0,7,0,0
2021-12-19,"VU","Vanuatu","Western Pacific",0,7,0,0
2021-12-20,"VU","Vanuatu","Western Pacific",0,7,0,0
2021-12-21,"VU","Vanuatu","Western Pacific",0,7,0,0
2021-12-22,"VU","Vanuatu","Western Pacific",0,7,0,0
2021-12-23,"VU","Vanuatu","Western Pacific",0,7,0,0
2021-12-24,"VU","Vanuatu","Western Pacific",0,7,0,0
2021-12-25,"VU","Vanuatu","Western Pacific",0,7,0,0
2021-12-26,"VU","Vanuatu","Western Pacific",0,7,0,0
2021-12-27,"VU","Vanuatu","Western Pacific",0,7,0,0
2021-12-28,"VU","Vanuatu","Western Pacific",0,7,0,0
2021-12-29,"VU","Vanuatu","Western Pacific",0,7,0,0
2021-12-30,"VU","Vanuatu","Western Pacific",0,7,0,0
2021-12-31,"VU","Vanuatu","Western Pacific",0,7,0,0
2022-01-01,"VU","Vanuatu","Western Pacific",0,7,0,0
2022-01-02,"VU","Vanuatu","Western Pacific",0,7,0,0
2022-01-03,"VU","Vanuatu","Western Pacific",0,7,0,0
2022-01-04,"VU","Vanuatu","Western Pacific",0,7,0,0
2022-01-05,"VU","Vanuatu","Western Pacific",0,7,0,0
2022-01-06,"VU","Vanuatu","Western Pacific",0,7,0,0
2022-01-07,"VU","Vanuatu","Western Pacific",0,7,0,0
2022-01-08,"VU","Vanuatu","Western Pacific",0,7,0,0
2022-01-09,"VU","Vanuatu","Western Pacific",0,7,0,0
2022-01-10,"VU","Vanuatu","Western Pacific",0,7,0,0
2022-01-11,"VU","Vanuatu","Western Pacific",0,7,0,0
2022-01-12,"VU","Vanuatu","Western Pacific",0,7,0,0
2022-01-13,"VU","Vanuatu","Western Pacific",0,7,0,0
2022-01-14,"VU","Vanuatu","Western Pacific",0,7,0,0
2022-01-15,"VU","Vanuatu","Western Pacific",0,7,0,0
2022-01-16,"VU","Vanuatu","Western Pacific",0,7,0,0
2022-01-17,"VU","Vanuatu","Western Pacific",0,7,0,0
2022-01-18,"VU","Vanuatu","Western Pacific",0,7,0,0
2022-01-19,"VU","Vanuatu","Western Pacific",0,7,0,0
2022-01-20,"VU","Vanuatu","Western Pacific",0,7,0,0
2022-01-21,"VU","Vanuatu","Western Pacific",0,7,0,0
2022-01-22,"VU","Vanuatu","Western Pacific",0,7,0,0
2022-01-23,"VU","Vanuatu","Western Pacific",0,7,0,0
2022-01-24,"VU","Vanuatu","Western Pacific",0,7,0,0
2022-01-25,"VU","Vanuatu","Western Pacific",0,7,0,0
2022-01-26,"VU","Vanuatu","Western Pacific",0,7,0,0
2022-01-27,"VU","Vanuatu","Western Pacific",0,7,0,0
2022-01-28,"VU","Vanuatu","Western Pacific",0,7,0,0
2022-01-29,"VU","Vanuatu","Western Pacific",0,7,0,0
2022-01-30,"VU","Vanuatu","Western Pacific",0,7,0,0
2022-01-31,"VU","Vanuatu","Western Pacific",0,7,0,0
2022-02-01,"VU","Vanuatu","Western Pacific",0,7,0,0
2022-02-02,"VU","Vanuatu","Western Pacific",0,7,0,0
2022-02-03,"VU","Vanuatu","Western Pacific",0,7,0,0
2022-02-04,"VU","Vanuatu","Western Pacific",0,7,0,0
2022-02-05,"VU","Vanuatu","Western Pacific",0,7,0,0
2022-02-06,"VU","Vanuatu","Western Pacific",0,7,0,0
2022-02-07,"VU","Vanuatu","Western Pacific",0,7,0,0
2022-02-08,"VU","Vanuatu","Western Pacific",0,7,0,0
2022-02-09,"VU","Vanuatu","Western Pacific",0,7,0,0
2022-02-10,"VU","Vanuatu","Western Pacific",0,7,0,0
2022-02-11,"VU","Vanuatu","Western Pacific",0,7,0,0
2022-02-12,"VU","Vanuatu","Western Pacific",0,7,0,0
2022-02-13,"VU","Vanuatu","Western Pacific",0,7,0,0
2022-02-14,"VU","Vanuatu","Western Pacific",0,7,0,0
2022-02-15,"VU","Vanuatu","Western Pacific",0,7,0,0
2022-02-16,"VU","Vanuatu","Western Pacific",0,7,0,0
2022-02-17,"VU","Vanuatu","Western Pacific",0,7,0,0
2022-02-18,"VU","Vanuatu","Western Pacific",4,11,0,0
2022-02-19,"VU","Vanuatu","Western Pacific",0,11,0,0
2022-02-20,"VU","Vanuatu","Western Pacific",0,11,0,0
2022-02-21,"VU","Vanuatu","Western Pacific",4,15,0,0
2022-02-22,"VU","Vanuatu","Western Pacific",0,15,0,0
2022-02-23,"VU","Vanuatu","Western Pacific",0,15,0,0
2022-02-24,"VU","Vanuatu","Western Pacific",0,15,0,0
2022-02-25,"VU","Vanuatu","Western Pacific",0,15,0,0
2022-02-26,"VU","Vanuatu","Western Pacific",0,15,0,0
2022-02-27,"VU","Vanuatu","Western Pacific",0,15,0,0
2022-02-28,"VU","Vanuatu","Western Pacific",3,18,0,0
2022-03-01,"VU","Vanuatu","Western Pacific",0,18,0,0
2022-03-02,"VU","Vanuatu","Western Pacific",0,18,0,0
2022-03-03,"VU","Vanuatu","Western Pacific",0,18,0,0
2022-03-04,"VU","Vanuatu","Western Pacific",0,18,0,0
2022-03-05,"VU","Vanuatu","Western Pacific",0,18,0,0
2022-03-06,"VU","Vanuatu","Western Pacific",0,18,0,0
2021-12-06,"VE","Venezuela (Bolivarian Republic of)","Americas",473,434133,9,5186
2021-12-07,"VE","Venezuela (Bolivarian Republic of)","Americas",785,434918,7,5193
2021-12-08,"VE","Venezuela (Bolivarian Republic of)","Americas",543,435461,9,5202
2021-12-09,"VE","Venezuela (Bolivarian Republic of)","Americas",364,435825,6,5208
2021-12-10,"VE","Venezuela (Bolivarian Republic of)","Americas",353,436178,8,5216
2021-12-11,"VE","Venezuela (Bolivarian Republic of)","Americas",424,436602,7,5223
2021-12-12,"VE","Venezuela (Bolivarian Republic of)","Americas",511,437113,6,5229
2021-12-13,"VE","Venezuela (Bolivarian Republic of)","Americas",774,437887,5,5234
2021-12-14,"VE","Venezuela (Bolivarian Republic of)","Americas",796,438683,5,5239
2021-12-15,"VE","Venezuela (Bolivarian Republic of)","Americas",406,439089,6,5245
2021-12-16,"VE","Venezuela (Bolivarian Republic of)","Americas",355,439444,7,5252
2021-12-17,"VE","Venezuela (Bolivarian Republic of)","Americas",491,439935,6,5258
2021-12-18,"VE","Venezuela (Bolivarian Republic of)","Americas",463,440398,7,5265
2021-12-19,"VE","Venezuela (Bolivarian Republic of)","Americas",386,440784,7,5272
2021-12-20,"VE","Venezuela (Bolivarian Republic of)","Americas",444,441228,6,5278
2021-12-21,"VE","Venezuela (Bolivarian Republic of)","Americas",334,441562,7,5285
2021-12-22,"VE","Venezuela (Bolivarian Republic of)","Americas",375,441937,6,5291
2021-12-23,"VE","Venezuela (Bolivarian Republic of)","Americas",241,442178,8,5299
2021-12-24,"VE","Venezuela (Bolivarian Republic of)","Americas",253,442431,7,5306
2021-12-25,"VE","Venezuela (Bolivarian Republic of)","Americas",326,442757,4,5310
2021-12-26,"VE","Venezuela (Bolivarian Republic of)","Americas",242,442999,2,5312
2021-12-27,"VE","Venezuela (Bolivarian Republic of)","Americas",168,443167,1,5313
2021-12-28,"VE","Venezuela (Bolivarian Republic of)","Americas",165,443332,1,5314
2021-12-29,"VE","Venezuela (Bolivarian Republic of)","Americas",280,443612,2,5316
2021-12-30,"VE","Venezuela (Bolivarian Republic of)","Americas",371,443983,3,5319
2021-12-31,"VE","Venezuela (Bolivarian Republic of)","Americas",203,444186,2,5321
2022-01-01,"VE","Venezuela (Bolivarian Republic of)","Americas",225,444411,3,5324
2022-01-02,"VE","Venezuela (Bolivarian Republic of)","Americas",224,444635,4,5328
2022-01-03,"VE","Venezuela (Bolivarian Republic of)","Americas",193,444828,3,5331
2022-01-04,"VE","Venezuela (Bolivarian Republic of)","Americas",144,444972,2,5333
2022-01-05,"VE","Venezuela (Bolivarian Republic of)","Americas",110,445082,2,5335
2022-01-06,"VE","Venezuela (Bolivarian Republic of)","Americas",287,445369,2,5337
2022-01-07,"VE","Venezuela (Bolivarian Republic of)","Americas",311,445680,4,5341
2022-01-08,"VE","Venezuela (Bolivarian Republic of)","Americas",346,446026,4,5345
2022-01-09,"VE","Venezuela (Bolivarian Republic of)","Americas",401,446427,3,5348
2022-01-10,"VE","Venezuela (Bolivarian Republic of)","Americas",414,446841,4,5352
2022-01-11,"VE","Venezuela (Bolivarian Republic of)","Americas",447,447288,5,5357
2022-01-12,"VE","Venezuela (Bolivarian Republic of)","Americas",577,447865,4,5361
2022-01-13,"VE","Venezuela (Bolivarian Republic of)","Americas",598,448463,5,5366
2022-01-14,"VE","Venezuela (Bolivarian Republic of)","Americas",1267,449730,4,5370
2022-01-15,"VE","Venezuela (Bolivarian Republic of)","Americas",1162,450892,3,5373
2022-01-16,"VE","Venezuela (Bolivarian Republic of)","Americas",1538,452430,3,5376
2022-01-17,"VE","Venezuela (Bolivarian Republic of)","Americas",1544,453974,2,5378
2022-01-18,"VE","Venezuela (Bolivarian Republic of)","Americas",1049,455023,2,5380
2022-01-19,"VE","Venezuela (Bolivarian Republic of)","Americas",1618,456641,3,5383
2022-01-20,"VE","Venezuela (Bolivarian Republic of)","Americas",2090,458731,4,5387
2022-01-21,"VE","Venezuela (Bolivarian Republic of)","Americas",2328,461059,5,5392
2022-01-22,"VE","Venezuela (Bolivarian Republic of)","Americas",2086,463145,3,5395
2022-01-23,"VE","Venezuela (Bolivarian Republic of)","Americas",2318,465463,4,5399
2022-01-24,"VE","Venezuela (Bolivarian Republic of)","Americas",2401,467864,3,5402
2022-01-25,"VE","Venezuela (Bolivarian Republic of)","Americas",1702,469566,3,5405
2022-01-26,"VE","Venezuela (Bolivarian Republic of)","Americas",1823,471389,5,5410
2022-01-27,"VE","Venezuela (Bolivarian Republic of)","Americas",1736,473125,4,5414
2022-01-28,"VE","Venezuela (Bolivarian Republic of)","Americas",2010,475135,5,5419
2022-01-29,"VE","Venezuela (Bolivarian Republic of)","Americas",1887,477022,6,5425
2022-01-30,"VE","Venezuela (Bolivarian Republic of)","Americas",1989,479011,5,5430
2022-01-31,"VE","Venezuela (Bolivarian Republic of)","Americas",2364,481375,6,5436
2022-02-01,"VE","Venezuela (Bolivarian Republic of)","Americas",2646,484021,4,5440
2022-02-02,"VE","Venezuela (Bolivarian Republic of)","Americas",1953,485974,7,5447
2022-02-03,"VE","Venezuela (Bolivarian Republic of)","Americas",1801,487775,7,5454
2022-02-04,"VE","Venezuela (Bolivarian Republic of)","Americas",1530,489305,8,5462
2022-02-05,"VE","Venezuela (Bolivarian Republic of)","Americas",1711,491016,7,5469
2022-02-06,"VE","Venezuela (Bolivarian Republic of)","Americas",1662,492678,5,5474
2022-02-07,"VE","Venezuela (Bolivarian Republic of)","Americas",2157,494835,7,5481
2022-02-08,"VE","Venezuela (Bolivarian Republic of)","Americas",1448,496283,6,5487
2022-02-09,"VE","Venezuela (Bolivarian Republic of)","Americas",1694,497977,8,5495
2022-02-10,"VE","Venezuela (Bolivarian Republic of)","Americas",1560,499537,9,5504
2022-02-11,"VE","Venezuela (Bolivarian Republic of)","Americas",1008,500545,7,5511
2022-02-12,"VE","Venezuela (Bolivarian Republic of)","Americas",1041,501586,10,5521
2022-02-13,"VE","Venezuela (Bolivarian Republic of)","Americas",1576,503162,8,5529
2022-02-14,"VE","Venezuela (Bolivarian Republic of)","Americas",1557,504719,9,5538
2022-02-15,"VE","Venezuela (Bolivarian Republic of)","Americas",1228,505947,11,5549
2022-02-16,"VE","Venezuela (Bolivarian Republic of)","Americas",1030,506977,7,5556
2022-02-17,"VE","Venezuela (Bolivarian Republic of)","Americas",1065,508042,8,5564
2022-02-18,"VE","Venezuela (Bolivarian Republic of)","Americas",926,508968,8,5572
2022-02-19,"VE","Venezuela (Bolivarian Republic of)","Americas",632,509600,10,5582
2022-02-20,"VE","Venezuela (Bolivarian Republic of)","Americas",347,509947,9,5591
2022-02-21,"VE","Venezuela (Bolivarian Republic of)","Americas",606,510553,11,5602
2022-02-22,"VE","Venezuela (Bolivarian Republic of)","Americas",520,511073,7,5609
2022-02-23,"VE","Venezuela (Bolivarian Republic of)","Americas",701,511774,9,5618
2022-02-24,"VE","Venezuela (Bolivarian Republic of)","Americas",395,512169,3,5621
2022-02-25,"VE","Venezuela (Bolivarian Republic of)","Americas",391,512560,3,5624
2022-02-26,"VE","Venezuela (Bolivarian Republic of)","Americas",387,512947,1,5625
2022-02-27,"VE","Venezuela (Bolivarian Republic of)","Americas",480,513427,3,5628
2022-02-28,"VE","Venezuela (Bolivarian Republic of)","Americas",888,514315,3,5631
2022-03-01,"VE","Venezuela (Bolivarian Republic of)","Americas",480,514795,2,5633
2022-03-02,"VE","Venezuela (Bolivarian Republic of)","Americas",329,515124,3,5636
2022-03-03,"VE","Venezuela (Bolivarian Republic of)","Americas",458,515582,3,5639
2022-03-04,"VE","Venezuela (Bolivarian Republic of)","Americas",180,515762,2,5641
2022-03-05,"VE","Venezuela (Bolivarian Republic of)","Americas",181,515943,2,5643
2022-03-06,"VE","Venezuela (Bolivarian Republic of)","Americas",293,516236,2,5645
2021-12-06,"VN","Viet Nam","Western Pacific",14314,1309092,199,26260
2021-12-07,"VN","Viet Nam","Western Pacific",14591,1323683,223,26483
2021-12-08,"VN","Viet Nam","Western Pacific",13840,1337523,217,26700
2021-12-09,"VN","Viet Nam","Western Pacific",14599,1352122,230,26930
2021-12-10,"VN","Viet Nam","Western Pacific",15311,1367433,256,27186
2021-12-11,"VN","Viet Nam","Western Pacific",14839,1382272,216,27402
2021-12-12,"VN","Viet Nam","Western Pacific",16141,1398413,209,27611
2021-12-13,"VN","Viet Nam","Western Pacific",14638,1413051,228,27839
2021-12-14,"VN","Viet Nam","Western Pacific",15377,1428428,242,28081
2021-12-15,"VN","Viet Nam","Western Pacific",15220,1443648,252,28333
2021-12-16,"VN","Viet Nam","Western Pacific",15527,1459175,283,28616
2021-12-17,"VN","Viet Nam","Western Pacific",34062,1493237,241,28857
2021-12-18,"VN","Viet Nam","Western Pacific",15236,1508473,246,29103
2021-12-19,"VN","Viet Nam","Western Pacific",15895,1524368,248,29351
2021-12-20,"VN","Viet Nam","Western Pacific",16110,1540478,215,29566
2021-12-21,"VN","Viet Nam","Western Pacific",14977,1555455,225,29791
2021-12-22,"VN","Viet Nam","Western Pacific",16325,1571780,250,30041
2021-12-23,"VN","Viet Nam","Western Pacific",16555,1588335,210,30251
2021-12-24,"VN","Viet Nam","Western Pacific",16377,1604712,280,30531
2021-12-25,"VN","Viet Nam","Western Pacific",16157,1620869,235,30766
2021-12-26,"VN","Viet Nam","Western Pacific",15586,1636455,241,31007
2021-12-27,"VN","Viet Nam","Western Pacific",15218,1651673,207,31214
2021-12-28,"VN","Viet Nam","Western Pacific",14872,1666545,204,31418
2021-12-29,"VN","Viet Nam","Western Pacific",14440,1680985,214,31632
2021-12-30,"VN","Viet Nam","Western Pacific",13889,1694874,245,31877
2021-12-31,"VN","Viet Nam","Western Pacific",19868,1714742,291,32168
2022-01-01,"VN","Viet Nam","Western Pacific",16515,1731257,226,32394
2022-01-02,"VN","Viet Nam","Western Pacific",14835,1746092,216,32610
2022-01-03,"VN","Viet Nam","Western Pacific",16948,1763040,221,32831
2022-01-04,"VN","Viet Nam","Western Pacific",15936,1778976,190,33021
2022-01-05,"VN","Viet Nam","Western Pacific",21728,1800704,224,33245
2022-01-06,"VN","Viet Nam","Western Pacific",17017,1817721,230,33475
2022-01-07,"VN","Viet Nam","Western Pacific",25842,1843563,169,33644
2022-01-08,"VN","Viet Nam","Western Pacific",16278,1859841,233,33877
2022-01-09,"VN","Viet Nam","Western Pacific",16553,1876394,240,34117
2022-01-10,"VN","Viet Nam","Western Pacific",23181,1899575,202,34319
2022-01-11,"VN","Viet Nam","Western Pacific",14818,1914393,212,34531
2022-01-12,"VN","Viet Nam","Western Pacific",16035,1930428,256,34787
2022-01-13,"VN","Viet Nam","Western Pacific",28291,1958719,177,34964
2022-01-14,"VN","Viet Nam","Western Pacific",16725,1975444,206,35170
2022-01-15,"VN","Viet Nam","Western Pacific",16040,1991484,171,35341
2022-01-16,"VN","Viet Nam","Western Pacific",16378,2007862,139,35480
2022-01-17,"VN","Viet Nam","Western Pacific",15684,2023546,129,35609
2022-01-18,"VN","Viet Nam","Western Pacific",21744,2045290,179,35788
2022-01-19,"VN","Viet Nam","Western Pacific",16838,2062128,184,35972
2022-01-20,"VN","Viet Nam","Western Pacific",15959,2078087,142,36114
2022-01-21,"VN","Viet Nam","Western Pacific",16715,2094802,152,36266
2022-01-22,"VN","Viet Nam","Western Pacific",15935,2110737,177,36443
2022-01-23,"VN","Viet Nam","Western Pacific",15707,2126444,153,36596
2022-01-24,"VN","Viet Nam","Western Pacific",14978,2141422,123,36719
2022-01-25,"VN","Viet Nam","Western Pacific",14362,2155784,165,36884
2022-01-26,"VN","Viet Nam","Western Pacific",15743,2171527,126,37010
2022-01-27,"VN","Viet Nam","Western Pacific",15954,2187481,155,37165
2022-01-28,"VN","Viet Nam","Western Pacific",15727,2203208,126,37291
2022-01-29,"VN","Viet Nam","Western Pacific",14929,2218137,141,37432
2022-01-30,"VN","Viet Nam","Western Pacific",15150,2233287,115,37547
2022-01-31,"VN","Viet Nam","Western Pacific",29766,2263053,121,37668
2022-02-01,"VN","Viet Nam","Western Pacific",12674,2275727,109,37777
2022-02-02,"VN","Viet Nam","Western Pacific",11023,2286750,0,37777
2022-02-03,"VN","Viet Nam","Western Pacific",8744,2295494,0,37777
2022-02-04,"VN","Viet Nam","Western Pacific",8601,2304095,286,38063
2022-02-05,"VN","Viet Nam","Western Pacific",11594,2315689,84,38147
2022-02-06,"VN","Viet Nam","Western Pacific",12170,2327859,114,38261
2022-02-07,"VN","Viet Nam","Western Pacific",14112,2341971,63,38324
2022-02-08,"VN","Viet Nam","Western Pacific",16815,2358786,100,38424
2022-02-09,"VN","Viet Nam","Western Pacific",21909,2380695,97,38521
2022-02-10,"VN","Viet Nam","Western Pacific",23956,2404651,93,38614
2022-02-11,"VN","Viet Nam","Western Pacific",26032,2430683,74,38688
2022-02-12,"VN","Viet Nam","Western Pacific",26487,2457170,96,38784
2022-02-13,"VN","Viet Nam","Western Pacific",27311,2484481,78,38862
2022-02-14,"VN","Viet Nam","Western Pacific",26379,2510860,84,38946
2022-02-15,"VN","Viet Nam","Western Pacific",29413,2540273,91,39037
2022-02-16,"VN","Viet Nam","Western Pacific",31814,2572087,85,39122
2022-02-17,"VN","Viet Nam","Western Pacific",34737,2606824,66,39188
2022-02-18,"VN","Viet Nam","Western Pacific",36200,2643024,90,39278
2022-02-19,"VN","Viet Nam","Western Pacific",42439,2685463,80,39358
2022-02-20,"VN","Viet Nam","Western Pacific",54830,2740293,65,39423
2022-02-21,"VN","Viet Nam","Western Pacific",47200,2787493,78,39501
2022-02-22,"VN","Viet Nam","Western Pacific",46880,2834373,104,39605
2022-02-23,"VN","Viet Nam","Western Pacific",55879,2890252,77,39682
2022-02-24,"VN","Viet Nam","Western Pacific",82126,2972378,37,39719
2022-02-25,"VN","Viet Nam","Western Pacific",69128,3041506,165,39884
2022-02-26,"VN","Viet Nam","Western Pacific",78795,3120301,78,39962
2022-02-27,"VN","Viet Nam","Western Pacific",98876,3219177,88,40050
2022-02-28,"VN","Viet Nam","Western Pacific",101828,3321005,94,40144
2022-03-01,"VN","Viet Nam","Western Pacific",122480,3443485,108,40252
2022-03-02,"VN","Viet Nam","Western Pacific",114144,3557629,86,40338
2022-03-03,"VN","Viet Nam","Western Pacific",151852,3709481,114,40452
2022-03-04,"VN","Viet Nam","Western Pacific",176150,3885631,95,40547
2022-03-05,"VN","Viet Nam","Western Pacific",173631,4059262,97,40644
2022-03-06,"VN","Viet Nam","Western Pacific",173258,4232520,82,40726
2021-12-06,"WF","Wallis and Futuna","Western Pacific",0,453,0,7
2021-12-07,"WF","Wallis and Futuna","Western Pacific",0,453,0,7
2021-12-08,"WF","Wallis and Futuna","Western Pacific",0,453,0,7
2021-12-09,"WF","Wallis and Futuna","Western Pacific",0,453,0,7
2021-12-10,"WF","Wallis and Futuna","Western Pacific",0,453,0,7
2021-12-11,"WF","Wallis and Futuna","Western Pacific",0,453,0,7
2021-12-12,"WF","Wallis and Futuna","Western Pacific",0,453,0,7
2021-12-13,"WF","Wallis and Futuna","Western Pacific",0,453,0,7
2021-12-14,"WF","Wallis and Futuna","Western Pacific",0,453,0,7
2021-12-15,"WF","Wallis and Futuna","Western Pacific",0,453,0,7
2021-12-16,"WF","Wallis and Futuna","Western Pacific",0,453,0,7
2021-12-17,"WF","Wallis and Futuna","Western Pacific",0,453,0,7
2021-12-18,"WF","Wallis and Futuna","Western Pacific",0,453,0,7
2021-12-19,"WF","Wallis and Futuna","Western Pacific",0,453,0,7
2021-12-20,"WF","Wallis and Futuna","Western Pacific",0,453,0,7
2021-12-21,"WF","Wallis and Futuna","Western Pacific",0,453,0,7
2021-12-22,"WF","Wallis and Futuna","Western Pacific",0,453,0,7
2021-12-23,"WF","Wallis and Futuna","Western Pacific",0,453,0,7
2021-12-24,"WF","Wallis and Futuna","Western Pacific",0,453,0,7
2021-12-25,"WF","Wallis and Futuna","Western Pacific",0,453,0,7
2021-12-26,"WF","Wallis and Futuna","Western Pacific",0,453,0,7
2021-12-27,"WF","Wallis and Futuna","Western Pacific",0,453,0,7
2021-12-28,"WF","Wallis and Futuna","Western Pacific",0,453,0,7
2021-12-29,"WF","Wallis and Futuna","Western Pacific",0,453,0,7
2021-12-30,"WF","Wallis and Futuna","Western Pacific",0,453,0,7
2021-12-31,"WF","Wallis and Futuna","Western Pacific",0,453,0,7
2022-01-01,"WF","Wallis and Futuna","Western Pacific",0,453,0,7
2022-01-02,"WF","Wallis and Futuna","Western Pacific",0,453,0,7
2022-01-03,"WF","Wallis and Futuna","Western Pacific",0,453,0,7
2022-01-04,"WF","Wallis and Futuna","Western Pacific",0,453,0,7
2022-01-05,"WF","Wallis and Futuna","Western Pacific",0,453,0,7
2022-01-06,"WF","Wallis and Futuna","Western Pacific",0,453,0,7
2022-01-07,"WF","Wallis and Futuna","Western Pacific",0,453,0,7
2022-01-08,"WF","Wallis and Futuna","Western Pacific",0,453,0,7
2022-01-09,"WF","Wallis and Futuna","Western Pacific",0,453,0,7
2022-01-10,"WF","Wallis and Futuna","Western Pacific",0,453,0,7
2022-01-11,"WF","Wallis and Futuna","Western Pacific",0,453,0,7
2022-01-12,"WF","Wallis and Futuna","Western Pacific",0,453,0,7
2022-01-13,"WF","Wallis and Futuna","Western Pacific",0,453,0,7
2022-01-14,"WF","Wallis and Futuna","Western Pacific",0,453,0,7
2022-01-15,"WF","Wallis and Futuna","Western Pacific",0,453,0,7
2022-01-16,"WF","Wallis and Futuna","Western Pacific",0,453,0,7
2022-01-17,"WF","Wallis and Futuna","Western Pacific",0,453,0,7
2022-01-18,"WF","Wallis and Futuna","Western Pacific",0,453,0,7
2022-01-19,"WF","Wallis and Futuna","Western Pacific",0,453,0,7
2022-01-20,"WF","Wallis and Futuna","Western Pacific",0,453,0,7
2022-01-21,"WF","Wallis and Futuna","Western Pacific",0,453,0,7
2022-01-22,"WF","Wallis and Futuna","Western Pacific",0,453,0,7
2022-01-23,"WF","Wallis and Futuna","Western Pacific",0,453,0,7
2022-01-24,"WF","Wallis and Futuna","Western Pacific",0,453,0,7
2022-01-25,"WF","Wallis and Futuna","Western Pacific",0,453,0,7
2022-01-26,"WF","Wallis and Futuna","Western Pacific",0,453,0,7
2022-01-27,"WF","Wallis and Futuna","Western Pacific",0,453,0,7
2022-01-28,"WF","Wallis and Futuna","Western Pacific",0,453,0,7
2022-01-29,"WF","Wallis and Futuna","Western Pacific",0,453,0,7
2022-01-30,"WF","Wallis and Futuna","Western Pacific",0,453,0,7
2022-01-31,"WF","Wallis and Futuna","Western Pacific",0,453,0,7
2022-02-01,"WF","Wallis and Futuna","Western Pacific",0,453,0,7
2022-02-02,"WF","Wallis and Futuna","Western Pacific",0,453,0,7
2022-02-03,"WF","Wallis and Futuna","Western Pacific",0,453,0,7
2022-02-04,"WF","Wallis and Futuna","Western Pacific",0,453,0,7
2022-02-05,"WF","Wallis and Futuna","Western Pacific",0,453,0,7
2022-02-06,"WF","Wallis and Futuna","Western Pacific",0,453,0,7
2022-02-07,"WF","Wallis and Futuna","Western Pacific",0,453,0,7
2022-02-08,"WF","Wallis and Futuna","Western Pacific",0,453,0,7
2022-02-09,"WF","Wallis and Futuna","Western Pacific",0,453,0,7
2022-02-10,"WF","Wallis and Futuna","Western Pacific",0,453,0,7
2022-02-11,"WF","Wallis and Futuna","Western Pacific",0,453,0,7
2022-02-12,"WF","Wallis and Futuna","Western Pacific",0,453,0,7
2022-02-13,"WF","Wallis and Futuna","Western Pacific",0,453,0,7
2022-02-14,"WF","Wallis and Futuna","Western Pacific",0,453,0,7
2022-02-15,"WF","Wallis and Futuna","Western Pacific",0,453,0,7
2022-02-16,"WF","Wallis and Futuna","Western Pacific",0,453,0,7
2022-02-17,"WF","Wallis and Futuna","Western Pacific",0,453,0,7
2022-02-18,"WF","Wallis and Futuna","Western Pacific",0,453,0,7
2022-02-19,"WF","Wallis and Futuna","Western Pacific",0,453,0,7
2022-02-20,"WF","Wallis and Futuna","Western Pacific",0,453,0,7
2022-02-21,"WF","Wallis and Futuna","Western Pacific",0,453,0,7
2022-02-22,"WF","Wallis and Futuna","Western Pacific",0,453,0,7
2022-02-23,"WF","Wallis and Futuna","Western Pacific",0,453,0,7
2022-02-24,"WF","Wallis and Futuna","Western Pacific",0,453,0,7
2022-02-25,"WF","Wallis and Futuna","Western Pacific",0,453,0,7
2022-02-26,"WF","Wallis and Futuna","Western Pacific",0,453,0,7
2022-02-27,"WF","Wallis and Futuna","Western Pacific",0,453,0,7
2022-02-28,"WF","Wallis and Futuna","Western Pacific",0,453,0,7
2022-03-01,"WF","Wallis and Futuna","Western Pacific",0,453,0,7
2022-03-02,"WF","Wallis and Futuna","Western Pacific",0,453,0,7
2022-03-03,"WF","Wallis and Futuna","Western Pacific",0,453,0,7
2022-03-04,"WF","Wallis and Futuna","Western Pacific",0,453,0,7
2022-03-05,"WF","Wallis and Futuna","Western Pacific",0,453,0,7
2022-03-06,"WF","Wallis and Futuna","Western Pacific",0,453,0,7
2021-12-06,"YE","Yemen","Eastern Mediterranean",4,10025,1,1954
2021-12-07,"YE","Yemen","Eastern Mediterranean",9,10034,1,1955
2021-12-08,"YE","Yemen","Eastern Mediterranean",9,10043,0,1955
2021-12-09,"YE","Yemen","Eastern Mediterranean",4,10047,1,1956
2021-12-10,"YE","Yemen","Eastern Mediterranean",0,10047,1,1957
2021-12-11,"YE","Yemen","Eastern Mediterranean",9,10056,5,1962
2021-12-12,"YE","Yemen","Eastern Mediterranean",7,10063,6,1968
2021-12-13,"YE","Yemen","Eastern Mediterranean",6,10069,3,1971
2021-12-14,"YE","Yemen","Eastern Mediterranean",3,10072,1,1972
2021-12-15,"YE","Yemen","Eastern Mediterranean",3,10075,0,1972
2021-12-16,"YE","Yemen","Eastern Mediterranean",6,10081,1,1973
2021-12-17,"YE","Yemen","Eastern Mediterranean",5,10086,0,1973
2021-12-18,"YE","Yemen","Eastern Mediterranean",6,10092,1,1974
2021-12-19,"YE","Yemen","Eastern Mediterranean",5,10097,2,1976
2021-12-20,"YE","Yemen","Eastern Mediterranean",4,10101,0,1976
2021-12-21,"YE","Yemen","Eastern Mediterranean",1,10102,1,1977
2021-12-22,"YE","Yemen","Eastern Mediterranean",1,10103,0,1977
2021-12-23,"YE","Yemen","Eastern Mediterranean",0,10103,4,1981
2021-12-24,"YE","Yemen","Eastern Mediterranean",2,10105,0,1981
2021-12-25,"YE","Yemen","Eastern Mediterranean",4,10109,1,1982
2021-12-26,"YE","Yemen","Eastern Mediterranean",2,10111,1,1983
2021-12-27,"YE","Yemen","Eastern Mediterranean",4,10115,0,1983
2021-12-28,"YE","Yemen","Eastern Mediterranean",3,10118,1,1984
2021-12-29,"YE","Yemen","Eastern Mediterranean",5,10123,0,1984
2021-12-30,"YE","Yemen","Eastern Mediterranean",2,10125,0,1984
2021-12-31,"YE","Yemen","Eastern Mediterranean",1,10126,0,1984
2022-01-01,"YE","Yemen","Eastern Mediterranean",0,10126,0,1984
2022-01-02,"YE","Yemen","Eastern Mediterranean",1,10127,0,1984
2022-01-03,"YE","Yemen","Eastern Mediterranean",3,10130,0,1984
2022-01-04,"YE","Yemen","Eastern Mediterranean",8,10138,0,1984
2022-01-05,"YE","Yemen","Eastern Mediterranean",5,10143,0,1984
2022-01-06,"YE","Yemen","Eastern Mediterranean",3,10146,1,1985
2022-01-07,"YE","Yemen","Eastern Mediterranean",6,10152,1,1986
2022-01-08,"YE","Yemen","Eastern Mediterranean",7,10159,0,1986
2022-01-09,"YE","Yemen","Eastern Mediterranean",19,10178,0,1986
2022-01-10,"YE","Yemen","Eastern Mediterranean",19,10197,0,1986
2022-01-11,"YE","Yemen","Eastern Mediterranean",11,10208,1,1987
2022-01-12,"YE","Yemen","Eastern Mediterranean",12,10220,0,1987
2022-01-13,"YE","Yemen","Eastern Mediterranean",13,10233,0,1987
2022-01-14,"YE","Yemen","Eastern Mediterranean",43,10276,0,1987
2022-01-15,"YE","Yemen","Eastern Mediterranean",17,10293,1,1988
2022-01-16,"YE","Yemen","Eastern Mediterranean",25,10318,0,1988
2022-01-17,"YE","Yemen","Eastern Mediterranean",34,10352,2,1990
2022-01-18,"YE","Yemen","Eastern Mediterranean",56,10408,1,1991
2022-01-19,"YE","Yemen","Eastern Mediterranean",41,10449,1,1992
2022-01-20,"YE","Yemen","Eastern Mediterranean",58,10507,3,1995
2022-01-21,"YE","Yemen","Eastern Mediterranean",78,10585,0,1995
2022-01-22,"YE","Yemen","Eastern Mediterranean",0,10585,0,1995
2022-01-23,"YE","Yemen","Eastern Mediterranean",0,10585,0,1995
2022-01-24,"YE","Yemen","Eastern Mediterranean",0,10585,0,1995
2022-01-25,"YE","Yemen","Eastern Mediterranean",0,10585,0,1995
2022-01-26,"YE","Yemen","Eastern Mediterranean",236,10821,5,2000
2022-01-27,"YE","Yemen","Eastern Mediterranean",67,10888,3,2003
2022-01-28,"YE","Yemen","Eastern Mediterranean",54,10942,2,2005
2022-01-29,"YE","Yemen","Eastern Mediterranean",36,10978,1,2006
2022-01-30,"YE","Yemen","Eastern Mediterranean",20,10998,1,2007
2022-01-31,"YE","Yemen","Eastern Mediterranean",21,11019,4,2011
2022-02-01,"YE","Yemen","Eastern Mediterranean",42,11061,1,2012
2022-02-02,"YE","Yemen","Eastern Mediterranean",52,11113,1,2013
2022-02-03,"YE","Yemen","Eastern Mediterranean",32,11145,5,2018
2022-02-04,"YE","Yemen","Eastern Mediterranean",42,11187,2,2020
2022-02-05,"YE","Yemen","Eastern Mediterranean",44,11231,2,2022
2022-02-06,"YE","Yemen","Eastern Mediterranean",18,11249,4,2026
2022-02-07,"YE","Yemen","Eastern Mediterranean",17,11266,2,2028
2022-02-08,"YE","Yemen","Eastern Mediterranean",287,11553,60,2088
2022-02-09,"YE","Yemen","Eastern Mediterranean",26,11579,2,2090
2022-02-10,"YE","Yemen","Eastern Mediterranean",25,11604,3,2093
2022-02-11,"YE","Yemen","Eastern Mediterranean",36,11640,5,2098
2022-02-12,"YE","Yemen","Eastern Mediterranean",19,11659,2,2100
2022-02-13,"YE","Yemen","Eastern Mediterranean",5,11664,2,2102
2022-02-14,"YE","Yemen","Eastern Mediterranean",7,11671,1,2103
2022-02-15,"YE","Yemen","Eastern Mediterranean",8,11679,4,2107
2022-02-16,"YE","Yemen","Eastern Mediterranean",20,11699,3,2110
2022-02-17,"YE","Yemen","Eastern Mediterranean",8,11707,3,2113
2022-02-18,"YE","Yemen","Eastern Mediterranean",11,11718,1,2114
2022-02-19,"YE","Yemen","Eastern Mediterranean",13,11731,1,2115
2022-02-20,"YE","Yemen","Eastern Mediterranean",0,11731,5,2120
2022-02-21,"YE","Yemen","Eastern Mediterranean",5,11736,2,2122
2022-02-22,"YE","Yemen","Eastern Mediterranean",5,11741,1,2123
2022-02-23,"YE","Yemen","Eastern Mediterranean",5,11746,1,2124
2022-02-24,"YE","Yemen","Eastern Mediterranean",5,11751,6,2130
2022-02-25,"YE","Yemen","Eastern Mediterranean",3,11754,1,2131
2022-02-26,"YE","Yemen","Eastern Mediterranean",5,11759,0,2131
2022-02-27,"YE","Yemen","Eastern Mediterranean",1,11760,2,2133
2022-02-28,"YE","Yemen","Eastern Mediterranean",9,11769,1,2134
2022-03-01,"YE","Yemen","Eastern Mediterranean",2,11771,1,2135
2022-03-02,"YE","Yemen","Eastern Mediterranean",0,11771,0,2135
2022-03-03,"YE","Yemen","Eastern Mediterranean",0,11771,0,2135
2022-03-04,"YE","Yemen","Eastern Mediterranean",1,11772,0,2135
2022-03-05,"YE","Yemen","Eastern Mediterranean",2,11774,0,2135
2022-03-06,"YE","Yemen","Eastern Mediterranean",1,11775,0,2135
2021-12-06,"ZM","Zambia","Africa",18,210312,0,3667
2021-12-07,"ZM","Zambia","Africa",15,210327,1,3668
2021-12-08,"ZM","Zambia","Africa",47,210374,0,3668
2021-12-09,"ZM","Zambia","Africa",62,210436,0,3668
2021-12-10,"ZM","Zambia","Africa",126,210562,0,3668
2021-12-11,"ZM","Zambia","Africa",162,210724,0,3668
2021-12-12,"ZM","Zambia","Africa",235,210959,1,3669
2021-12-13,"ZM","Zambia","Africa",118,211077,1,3670
2021-12-14,"ZM","Zambia","Africa",157,211234,0,3670
2021-12-15,"ZM","Zambia","Africa",471,211705,1,3671
2021-12-16,"ZM","Zambia","Africa",573,212278,0,3671
2021-12-17,"ZM","Zambia","Africa",861,213139,2,3673
2021-12-18,"ZM","Zambia","Africa",1294,214433,1,3674
2021-12-19,"ZM","Zambia","Africa",1039,215472,4,3678
2021-12-20,"ZM","Zambia","Africa",1036,216508,1,3679
2021-12-21,"ZM","Zambia","Africa",609,217117,5,3684
2021-12-22,"ZM","Zambia","Africa",1906,219023,1,3685
2021-12-23,"ZM","Zambia","Africa",2857,221880,0,3685
2021-12-24,"ZM","Zambia","Africa",3380,225260,3,3688
2021-12-25,"ZM","Zambia","Africa",3672,228932,3,3691
2021-12-26,"ZM","Zambia","Africa",2649,231581,6,3697
2021-12-27,"ZM","Zambia","Africa",1539,233120,5,3702
2021-12-28,"ZM","Zambia","Africa",1356,234476,7,3709
2021-12-29,"ZM","Zambia","Africa",3907,238383,7,3716
2021-12-30,"ZM","Zambia","Africa",5255,243638,10,3726
2021-12-31,"ZM","Zambia","Africa",5555,249193,4,3730
2022-01-01,"ZM","Zambia","Africa",0,249193,0,3730
2022-01-02,"ZM","Zambia","Africa",8755,257948,10,3740
2022-01-03,"ZM","Zambia","Africa",1729,259677,3,3743
2022-01-04,"ZM","Zambia","Africa",1544,261221,10,3753
2022-01-05,"ZM","Zambia","Africa",0,261221,0,3753
2022-01-06,"ZM","Zambia","Africa",8770,269991,19,3772
2022-01-07,"ZM","Zambia","Africa",4096,274087,10,3782
2022-01-08,"ZM","Zambia","Africa",4189,278276,8,3790
2022-01-09,"ZM","Zambia","Africa",3300,281576,8,3798
2022-01-10,"ZM","Zambia","Africa",1328,282904,14,3812
2022-01-11,"ZM","Zambia","Africa",1485,284389,5,3817
2022-01-12,"ZM","Zambia","Africa",2721,287110,8,3825
2022-01-13,"ZM","Zambia","Africa",2305,289415,5,3830
2022-01-14,"ZM","Zambia","Africa",2167,291582,4,3834
2022-01-15,"ZM","Zambia","Africa",2113,293695,10,3844
2022-01-16,"ZM","Zambia","Africa",1333,295028,8,3852
2022-01-17,"ZM","Zambia","Africa",1104,296132,8,3860
2022-01-18,"ZM","Zambia","Africa",685,296817,6,3866
2022-01-19,"ZM","Zambia","Africa",1215,298032,7,3873
2022-01-20,"ZM","Zambia","Africa",1140,299172,4,3877
2022-01-21,"ZM","Zambia","Africa",799,299971,2,3879
2022-01-22,"ZM","Zambia","Africa",616,300587,6,3885
2022-01-23,"ZM","Zambia","Africa",616,301203,5,3890
2022-01-24,"ZM","Zambia","Africa",427,301630,5,3895
2022-01-25,"ZM","Zambia","Africa",294,301924,5,3900
2022-01-26,"ZM","Zambia","Africa",645,302569,5,3905
2022-01-27,"ZM","Zambia","Africa",697,303266,1,3906
2022-01-28,"ZM","Zambia","Africa",736,304002,1,3907
2022-01-29,"ZM","Zambia","Africa",351,304353,3,3910
2022-01-30,"ZM","Zambia","Africa",303,304656,4,3914
2022-01-31,"ZM","Zambia","Africa",266,304922,1,3915
2022-02-01,"ZM","Zambia","Africa",125,305047,2,3917
2022-02-02,"ZM","Zambia","Africa",510,305557,3,3920
2022-02-03,"ZM","Zambia","Africa",0,305557,0,3920
2022-02-04,"ZM","Zambia","Africa",790,306347,5,3925
2022-02-05,"ZM","Zambia","Africa",430,306777,3,3928
2022-02-06,"ZM","Zambia","Africa",0,306777,2,3930
2022-02-07,"ZM","Zambia","Africa",429,307206,0,3930
2022-02-08,"ZM","Zambia","Africa",111,307317,3,3933
2022-02-09,"ZM","Zambia","Africa",319,307636,0,3933
2022-02-10,"ZM","Zambia","Africa",414,308050,1,3934
2022-02-11,"ZM","Zambia","Africa",506,308556,1,3935
2022-02-12,"ZM","Zambia","Africa",457,309013,1,3936
2022-02-13,"ZM","Zambia","Africa",280,309293,1,3937
2022-02-14,"ZM","Zambia","Africa",209,309502,0,3937
2022-02-15,"ZM","Zambia","Africa",77,309579,1,3938
2022-02-16,"ZM","Zambia","Africa",291,309870,1,3939
2022-02-17,"ZM","Zambia","Africa",285,310155,0,3939
2022-02-18,"ZM","Zambia","Africa",319,310474,2,3941
2022-02-19,"ZM","Zambia","Africa",290,310764,1,3942
2022-02-20,"ZM","Zambia","Africa",252,311016,1,3943
2022-02-21,"ZM","Zambia","Africa",178,311194,0,3943
2022-02-22,"ZM","Zambia","Africa",70,311264,2,3945
2022-02-23,"ZM","Zambia","Africa",328,311592,1,3946
2022-02-24,"ZM","Zambia","Africa",296,311888,1,3947
2022-02-25,"ZM","Zambia","Africa",230,312118,0,3947
2022-02-26,"ZM","Zambia","Africa",256,312374,0,3947
2022-02-27,"ZM","Zambia","Africa",237,312611,4,3951
2022-02-28,"ZM","Zambia","Africa",96,312707,1,3952
2022-03-01,"ZM","Zambia","Africa",43,312750,0,3952
2022-03-02,"ZM","Zambia","Africa",0,312750,0,3952
2022-03-03,"ZM","Zambia","Africa",453,313203,3,3955
2022-03-04,"ZM","Zambia","Africa",191,313394,2,3957
2022-03-05,"ZM","Zambia","Africa",219,313613,1,3958
2022-03-06,"ZM","Zambia","Africa",131,313744,0,3958
2021-12-06,"ZW","Zimbabwe","Africa",523,139046,1,4710
2021-12-07,"ZW","Zimbabwe","Africa",0,139046,0,4710
2021-12-08,"ZW","Zimbabwe","Africa",6586,145632,8,4718
2021-12-09,"ZW","Zimbabwe","Africa",4996,150628,2,4720
2021-12-10,"ZW","Zimbabwe","Africa",5189,155817,3,4723
2021-12-11,"ZW","Zimbabwe","Africa",6181,161998,6,4729
2021-12-12,"ZW","Zimbabwe","Africa",3004,165002,6,4735
2021-12-13,"ZW","Zimbabwe","Africa",2138,167140,3,4738
2021-12-14,"ZW","Zimbabwe","Africa",4872,172012,2,4740
2021-12-15,"ZW","Zimbabwe","Africa",5678,177690,5,4745
2021-12-16,"ZW","Zimbabwe","Africa",4367,182057,14,4759
2021-12-17,"ZW","Zimbabwe","Africa",4247,186304,12,4771
2021-12-18,"ZW","Zimbabwe","Africa",3263,189567,8,4779
2021-12-19,"ZW","Zimbabwe","Africa",2106,191673,3,4782
2021-12-20,"ZW","Zimbabwe","Africa",1123,192796,5,4787
2021-12-21,"ZW","Zimbabwe","Africa",2283,195079,18,4805
2021-12-22,"ZW","Zimbabwe","Africa",2689,197768,14,4819
2021-12-23,"ZW","Zimbabwe","Africa",1636,199404,9,4828
2021-12-24,"ZW","Zimbabwe","Africa",1940,201344,27,4855
2021-12-25,"ZW","Zimbabwe","Africa",1392,202736,16,4871
2021-12-26,"ZW","Zimbabwe","Africa",1010,203746,14,4885
2021-12-27,"ZW","Zimbabwe","Africa",605,204351,6,4891
2021-12-28,"ZW","Zimbabwe","Africa",1098,205449,17,4908
2021-12-29,"ZW","Zimbabwe","Africa",2099,207548,32,4940
2021-12-30,"ZW","Zimbabwe","Africa",2107,209655,27,4967
2021-12-31,"ZW","Zimbabwe","Africa",2073,211728,30,4997
2022-01-01,"ZW","Zimbabwe","Africa",0,211728,0,4997
2022-01-02,"ZW","Zimbabwe","Africa",2486,214214,20,5017
2022-01-03,"ZW","Zimbabwe","Africa",664,214878,15,5032
2022-01-04,"ZW","Zimbabwe","Africa",1209,216087,15,5047
2022-01-05,"ZW","Zimbabwe","Africa",1591,217678,31,5078
2022-01-06,"ZW","Zimbabwe","Africa",1379,219057,14,5092
2022-01-07,"ZW","Zimbabwe","Africa",1121,220178,16,5108
2022-01-08,"ZW","Zimbabwe","Africa",1104,221282,28,5136
2022-01-09,"ZW","Zimbabwe","Africa",636,221918,12,5148
2022-01-10,"ZW","Zimbabwe","Africa",373,222291,12,5160
2022-01-11,"ZW","Zimbabwe","Africa",709,223000,20,5180
2022-01-12,"ZW","Zimbabwe","Africa",765,223765,21,5201
2022-01-13,"ZW","Zimbabwe","Africa",668,224433,14,5215
2022-01-14,"ZW","Zimbabwe","Africa",651,225084,7,5222
2022-01-15,"ZW","Zimbabwe","Africa",553,225637,16,5238
2022-01-16,"ZW","Zimbabwe","Africa",297,225934,5,5243
2022-01-17,"ZW","Zimbabwe","Africa",144,226078,4,5247
2022-01-18,"ZW","Zimbabwe","Africa",382,226460,11,5258
2022-01-19,"ZW","Zimbabwe","Africa",427,226887,8,5266
2022-01-20,"ZW","Zimbabwe","Africa",0,226887,0,5266
2022-01-21,"ZW","Zimbabwe","Africa",808,227695,14,5280
2022-01-22,"ZW","Zimbabwe","Africa",266,227961,8,5288
2022-01-23,"ZW","Zimbabwe","Africa",218,228179,4,5292
2022-01-24,"ZW","Zimbabwe","Africa",75,228254,2,5294
2022-01-25,"ZW","Zimbabwe","Africa",287,228541,11,5305
2022-01-26,"ZW","Zimbabwe","Africa",235,228776,11,5316
2022-01-27,"ZW","Zimbabwe","Africa",167,228943,5,5321
2022-01-28,"ZW","Zimbabwe","Africa",153,229096,3,5324
2022-01-29,"ZW","Zimbabwe","Africa",237,229333,9,5333
2022-01-30,"ZW","Zimbabwe","Africa",82,229415,0,5333
2022-01-31,"ZW","Zimbabwe","Africa",45,229460,4,5337
2022-02-01,"ZW","Zimbabwe","Africa",206,229666,1,5338
2022-02-02,"ZW","Zimbabwe","Africa",185,229851,12,5350
2022-02-03,"ZW","Zimbabwe","Africa",161,230012,2,5352
2022-02-04,"ZW","Zimbabwe","Africa",158,230170,5,5357
2022-02-05,"ZW","Zimbabwe","Africa",165,230335,3,5360
2022-02-06,"ZW","Zimbabwe","Africa",0,230335,0,5360
2022-02-07,"ZW","Zimbabwe","Africa",67,230402,2,5362
2022-02-08,"ZW","Zimbabwe","Africa",0,230402,0,5362
2022-02-09,"ZW","Zimbabwe","Africa",338,230740,5,5367
2022-02-10,"ZW","Zimbabwe","Africa",140,230880,0,5367
2022-02-11,"ZW","Zimbabwe","Africa",160,231040,6,5373
2022-02-12,"ZW","Zimbabwe","Africa",174,231214,1,5374
2022-02-13,"ZW","Zimbabwe","Africa",85,231299,0,5374
2022-02-14,"ZW","Zimbabwe","Africa",82,231381,0,5374
2022-02-15,"ZW","Zimbabwe","Africa",222,231603,0,5374
2022-02-16,"ZW","Zimbabwe","Africa",260,231863,4,5378
2022-02-17,"ZW","Zimbabwe","Africa",350,232213,1,5379
2022-02-18,"ZW","Zimbabwe","Africa",385,232598,2,5381
2022-02-19,"ZW","Zimbabwe","Africa",432,233030,4,5385
2022-02-20,"ZW","Zimbabwe","Africa",194,233224,1,5386
2022-02-21,"ZW","Zimbabwe","Africa",128,233352,0,5386
2022-02-22,"ZW","Zimbabwe","Africa",219,233571,0,5386
2022-02-23,"ZW","Zimbabwe","Africa",409,233980,2,5388
2022-02-24,"ZW","Zimbabwe","Africa",609,234589,0,5388
2022-02-25,"ZW","Zimbabwe","Africa",378,234967,2,5390
2022-02-26,"ZW","Zimbabwe","Africa",500,235467,2,5392
2022-02-27,"ZW","Zimbabwe","Africa",336,235803,1,5393
2022-02-28,"ZW","Zimbabwe","Africa",0,235803,0,5393
2022-03-01,"ZW","Zimbabwe","Africa",577,236380,2,5395
2022-03-02,"ZW","Zimbabwe","Africa",491,236871,0,5395
2022-03-03,"ZW","Zimbabwe","Africa",632,237503,1,5396
2022-03-04,"ZW","Zimbabwe","Africa",603,238106,1,5397
2022-03-05,"ZW","Zimbabwe","Africa",633,238739,0,5397
2022-03-06,"ZW","Zimbabwe","Africa",280,239019,0,5397
